timestamp,timestamp,meter_reading
2016-01-01 00:00:00,2016-01-01 00:00:00,496.8728
2016-01-01 01:00:00,2016-01-01 01:00:00,497.4618
2016-01-01 02:00:00,2016-01-01 02:00:00,498.184
2016-01-01 03:00:00,2016-01-01 03:00:00,498.4645
2016-01-01 04:00:00,2016-01-01 04:00:00,497.9338
2016-01-01 05:00:00,2016-01-01 05:00:00,496.3188
2016-01-01 06:00:00,2016-01-01 06:00:00,508.028
2016-01-01 07:00:00,2016-01-01 07:00:00,512.811
2016-01-01 08:00:00,2016-01-01 08:00:00,512.5143
2016-01-01 09:00:00,2016-01-01 09:00:00,512.1705
2016-01-01 10:00:00,2016-01-01 10:00:00,513.9282
2016-01-01 11:00:00,2016-01-01 11:00:00,524.8377
2016-01-01 12:00:00,2016-01-01 12:00:00,517.2917
2016-01-01 13:00:00,2016-01-01 13:00:00,520.4555
2016-01-01 14:00:00,2016-01-01 14:00:00,517.5668
2016-01-01 15:00:00,2016-01-01 15:00:00,520.3965
2016-01-01 16:00:00,2016-01-01 16:00:00,518.328
2016-01-01 17:00:00,2016-01-01 17:00:00,520.3685
2016-01-01 18:00:00,2016-01-01 18:00:00,509.7562
2016-01-01 19:00:00,2016-01-01 19:00:00,503.1085
2016-01-01 20:00:00,2016-01-01 20:00:00,503.025
2016-01-01 21:00:00,2016-01-01 21:00:00,502.0067
2016-01-01 22:00:00,2016-01-01 22:00:00,503.9373
2016-01-01 23:00:00,2016-01-01 23:00:00,501.406
2016-01-02 00:00:00,2016-01-02 00:00:00,498.778
2016-01-02 01:00:00,2016-01-02 01:00:00,498.7213
2016-01-02 02:00:00,2016-01-02 02:00:00,497.6518
2016-01-02 03:00:00,2016-01-02 03:00:00,497.5303
2016-01-02 04:00:00,2016-01-02 04:00:00,498.3832
2016-01-02 05:00:00,2016-01-02 05:00:00,498.5468
2016-01-02 06:00:00,2016-01-02 06:00:00,509.5143
2016-01-02 07:00:00,2016-01-02 07:00:00,513.3848
2016-01-02 08:00:00,2016-01-02 08:00:00,511.2668
2016-01-02 09:00:00,2016-01-02 09:00:00,512.304
2016-01-02 10:00:00,2016-01-02 10:00:00,515.9922
2016-01-02 11:00:00,2016-01-02 11:00:00,521.9608
2016-01-02 12:00:00,2016-01-02 12:00:00,516.4117
2016-01-02 13:00:00,2016-01-02 13:00:00,514.452
2016-01-02 14:00:00,2016-01-02 14:00:00,513.8128
2016-01-02 15:00:00,2016-01-02 15:00:00,515.1132
2016-01-02 16:00:00,2016-01-02 16:00:00,515.205
2016-01-02 17:00:00,2016-01-02 17:00:00,518.2687
2016-01-02 18:00:00,2016-01-02 18:00:00,506.4568
2016-01-02 19:00:00,2016-01-02 19:00:00,501.0368
2016-01-02 20:00:00,2016-01-02 20:00:00,500.4367
2016-01-02 21:00:00,2016-01-02 21:00:00,498.127
2016-01-02 22:00:00,2016-01-02 22:00:00,494.9095
2016-01-02 23:00:00,2016-01-02 23:00:00,496.3325
2016-01-03 00:00:00,2016-01-03 00:00:00,493.7775
2016-01-03 01:00:00,2016-01-03 01:00:00,493.7065
2016-01-03 02:00:00,2016-01-03 02:00:00,492.4403
2016-01-03 03:00:00,2016-01-03 03:00:00,492.421
2016-01-03 04:00:00,2016-01-03 04:00:00,493.4383
2016-01-03 05:00:00,2016-01-03 05:00:00,492.925
2016-01-03 06:00:00,2016-01-03 06:00:00,502.8272
2016-01-03 07:00:00,2016-01-03 07:00:00,508.1698
2016-01-03 08:00:00,2016-01-03 08:00:00,507.2795
2016-01-03 09:00:00,2016-01-03 09:00:00,508.8958
2016-01-03 10:00:00,2016-01-03 10:00:00,510.109
2016-01-03 11:00:00,2016-01-03 11:00:00,516.2597
2016-01-03 12:00:00,2016-01-03 12:00:00,514.5655
2016-01-03 13:00:00,2016-01-03 13:00:00,514.091
2016-01-03 14:00:00,2016-01-03 14:00:00,512.4313
2016-01-03 15:00:00,2016-01-03 15:00:00,515.8723
2016-01-03 16:00:00,2016-01-03 16:00:00,515.0078
2016-01-03 17:00:00,2016-01-03 17:00:00,510.0008
2016-01-03 18:00:00,2016-01-03 18:00:00,498.9918
2016-01-03 19:00:00,2016-01-03 19:00:00,497.3813
2016-01-03 20:00:00,2016-01-03 20:00:00,497.5352
2016-01-03 21:00:00,2016-01-03 21:00:00,499.0337
2016-01-03 22:00:00,2016-01-03 22:00:00,497.0518
2016-01-03 23:00:00,2016-01-03 23:00:00,496.1143
2016-01-04 00:00:00,2016-01-04 00:00:00,494.5635
2016-01-04 01:00:00,2016-01-04 01:00:00,495.0202
2016-01-04 02:00:00,2016-01-04 02:00:00,494.6048
2016-01-04 03:00:00,2016-01-04 03:00:00,484.1798
2016-01-04 04:00:00,2016-01-04 04:00:00,482.9672
2016-01-04 05:00:00,2016-01-04 05:00:00,481.5108
2016-01-04 06:00:00,2016-01-04 06:00:00,491.3072
2016-01-04 07:00:00,2016-01-04 07:00:00,498.0323
2016-01-04 08:00:00,2016-01-04 08:00:00,505.401
2016-01-04 09:00:00,2016-01-04 09:00:00,514.9688
2016-01-04 10:00:00,2016-01-04 10:00:00,523.5958
2016-01-04 11:00:00,2016-01-04 11:00:00,531.2333
2016-01-04 12:00:00,2016-01-04 12:00:00,527.753
2016-01-04 13:00:00,2016-01-04 13:00:00,531.0262
2016-01-04 14:00:00,2016-01-04 14:00:00,534.5987
2016-01-04 15:00:00,2016-01-04 15:00:00,527.9181
2016-01-04 16:00:00,2016-01-04 16:00:00,522.6555
2016-01-04 17:00:00,2016-01-04 17:00:00,519.2675
2016-01-04 18:00:00,2016-01-04 18:00:00,506.7585
2016-01-04 19:00:00,2016-01-04 19:00:00,501.7947
2016-01-04 20:00:00,2016-01-04 20:00:00,501.831
2016-01-04 21:00:00,2016-01-04 21:00:00,497.1942
2016-01-04 22:00:00,2016-01-04 22:00:00,495.402
2016-01-04 23:00:00,2016-01-04 23:00:00,495.0242
2016-01-05 00:00:00,2016-01-05 00:00:00,492.2318
2016-01-05 01:00:00,2016-01-05 01:00:00,493.428
2016-01-05 02:00:00,2016-01-05 02:00:00,490.2435
2016-01-05 03:00:00,2016-01-05 03:00:00,490.6307
2016-01-05 04:00:00,2016-01-05 04:00:00,489.8843
2016-01-05 05:00:00,2016-01-05 05:00:00,489.0962
2016-01-05 06:00:00,2016-01-05 06:00:00,501.3407
2016-01-05 07:00:00,2016-01-05 07:00:00,506.6575
2016-01-05 08:00:00,2016-01-05 08:00:00,513.393
2016-01-05 09:00:00,2016-01-05 09:00:00,518.136
2016-01-05 10:00:00,2016-01-05 10:00:00,521.0393
2016-01-05 11:00:00,2016-01-05 11:00:00,524.7725
2016-01-05 12:00:00,2016-01-05 12:00:00,526.3142
2016-01-05 13:00:00,2016-01-05 13:00:00,527.8535
2016-01-05 14:00:00,2016-01-05 14:00:00,525.837
2016-01-05 15:00:00,2016-01-05 15:00:00,530.641
2016-01-05 16:00:00,2016-01-05 16:00:00,530.4955
2016-01-05 17:00:00,2016-01-05 17:00:00,528.273
2016-01-05 18:00:00,2016-01-05 18:00:00,511.4027
2016-01-05 19:00:00,2016-01-05 19:00:00,503.2952
2016-01-05 20:00:00,2016-01-05 20:00:00,496.7263
2016-01-05 21:00:00,2016-01-05 21:00:00,498.048
2016-01-05 22:00:00,2016-01-05 22:00:00,495.9423
2016-01-05 23:00:00,2016-01-05 23:00:00,492.7602
2016-01-06 00:00:00,2016-01-06 00:00:00,490.777
2016-01-06 01:00:00,2016-01-06 01:00:00,490.9537
2016-01-06 02:00:00,2016-01-06 02:00:00,488.4503
2016-01-06 03:00:00,2016-01-06 03:00:00,488.026
2016-01-06 04:00:00,2016-01-06 04:00:00,488.2567
2016-01-06 05:00:00,2016-01-06 05:00:00,488.5227
2016-01-06 06:00:00,2016-01-06 06:00:00,500.1355
2016-01-06 07:00:00,2016-01-06 07:00:00,506.8658
2016-01-06 08:00:00,2016-01-06 08:00:00,509.115
2016-01-06 09:00:00,2016-01-06 09:00:00,522.29
2016-01-06 10:00:00,2016-01-06 10:00:00,531.7977
2016-01-06 11:00:00,2016-01-06 11:00:00,534.9973
2016-01-06 12:00:00,2016-01-06 12:00:00,533.5213
2016-01-06 13:00:00,2016-01-06 13:00:00,536.1243
2016-01-06 14:00:00,2016-01-06 14:00:00,536.971
2016-01-06 15:00:00,2016-01-06 15:00:00,536.1962
2016-01-06 16:00:00,2016-01-06 16:00:00,533.5205
2016-01-06 17:00:00,2016-01-06 17:00:00,527.2568
2016-01-06 18:00:00,2016-01-06 18:00:00,511.8637
2016-01-06 19:00:00,2016-01-06 19:00:00,504.12
2016-01-06 20:00:00,2016-01-06 20:00:00,502.6683
2016-01-06 21:00:00,2016-01-06 21:00:00,503.0242
2016-01-06 22:00:00,2016-01-06 22:00:00,499.4073
2016-01-06 23:00:00,2016-01-06 23:00:00,501.1507
2016-01-07 00:00:00,2016-01-07 00:00:00,500.9485
2016-01-07 01:00:00,2016-01-07 01:00:00,501.7725
2016-01-07 02:00:00,2016-01-07 02:00:00,499.9618
2016-01-07 03:00:00,2016-01-07 03:00:00,498.7248
2016-01-07 04:00:00,2016-01-07 04:00:00,499.7592
2016-01-07 05:00:00,2016-01-07 05:00:00,497.583
2016-01-07 06:00:00,2016-01-07 06:00:00,509.51
2016-01-07 07:00:00,2016-01-07 07:00:00,517.3945
2016-01-07 08:00:00,2016-01-07 08:00:00,520.7275
2016-01-07 09:00:00,2016-01-07 09:00:00,531.3247
2016-01-07 10:00:00,2016-01-07 10:00:00,534.2918
2016-01-07 11:00:00,2016-01-07 11:00:00,533.2423
2016-01-07 12:00:00,2016-01-07 12:00:00,533.0308
2016-01-07 13:00:00,2016-01-07 13:00:00,534.2873
2016-01-07 14:00:00,2016-01-07 14:00:00,536.225
2016-01-07 15:00:00,2016-01-07 15:00:00,538.989
2016-01-07 16:00:00,2016-01-07 16:00:00,533.53
2016-01-07 17:00:00,2016-01-07 17:00:00,533.0205
2016-01-07 18:00:00,2016-01-07 18:00:00,522.068
2016-01-07 19:00:00,2016-01-07 19:00:00,513.1995
2016-01-07 20:00:00,2016-01-07 20:00:00,509.165
2016-01-07 21:00:00,2016-01-07 21:00:00,507.4602
2016-01-07 22:00:00,2016-01-07 22:00:00,505.7205
2016-01-07 23:00:00,2016-01-07 23:00:00,506.8358
2016-01-08 00:00:00,2016-01-08 00:00:00,504.8025
2016-01-08 01:00:00,2016-01-08 01:00:00,504.44
2016-01-08 02:00:00,2016-01-08 02:00:00,504.6887
2016-01-08 03:00:00,2016-01-08 03:00:00,504.0042
2016-01-08 04:00:00,2016-01-08 04:00:00,503.291
2016-01-08 05:00:00,2016-01-08 05:00:00,502.869
2016-01-08 06:00:00,2016-01-08 06:00:00,514.0665
2016-01-08 07:00:00,2016-01-08 07:00:00,520.792
2016-01-08 08:00:00,2016-01-08 08:00:00,527.0215
2016-01-08 09:00:00,2016-01-08 09:00:00,536.5513
2016-01-08 10:00:00,2016-01-08 10:00:00,543.165
2016-01-08 11:00:00,2016-01-08 11:00:00,540.9485
2016-01-08 12:00:00,2016-01-08 12:00:00,541.6867
2016-01-08 13:00:00,2016-01-08 13:00:00,543.5067
2016-01-08 14:00:00,2016-01-08 14:00:00,544.6983
2016-01-08 15:00:00,2016-01-08 15:00:00,544.1571
2016-01-08 16:00:00,2016-01-08 16:00:00,543.3488
2016-01-08 17:00:00,2016-01-08 17:00:00,537.6827
2016-01-08 18:00:00,2016-01-08 18:00:00,520.7873
2016-01-08 19:00:00,2016-01-08 19:00:00,512.857
2016-01-08 20:00:00,2016-01-08 20:00:00,511.6988
2016-01-08 21:00:00,2016-01-08 21:00:00,509.0193
2016-01-08 22:00:00,2016-01-08 22:00:00,507.4862
2016-01-08 23:00:00,2016-01-08 23:00:00,507.0353
2016-01-09 00:00:00,2016-01-09 00:00:00,505.8787
2016-01-09 01:00:00,2016-01-09 01:00:00,504.9838
2016-01-09 02:00:00,2016-01-09 02:00:00,504.1825
2016-01-09 03:00:00,2016-01-09 03:00:00,505.2655
2016-01-09 04:00:00,2016-01-09 04:00:00,505.5978
2016-01-09 05:00:00,2016-01-09 05:00:00,505.1445
2016-01-09 06:00:00,2016-01-09 06:00:00,517.5998
2016-01-09 07:00:00,2016-01-09 07:00:00,522.4432
2016-01-09 08:00:00,2016-01-09 08:00:00,520.591
2016-01-09 09:00:00,2016-01-09 09:00:00,521.8952
2016-01-09 10:00:00,2016-01-09 10:00:00,519.7935
2016-01-09 11:00:00,2016-01-09 11:00:00,524.0788
2016-01-09 12:00:00,2016-01-09 12:00:00,527.7478
2016-01-09 13:00:00,2016-01-09 13:00:00,521.7678
2016-01-09 14:00:00,2016-01-09 14:00:00,521.9067
2016-01-09 15:00:00,2016-01-09 15:00:00,522.1338
2016-01-09 16:00:00,2016-01-09 16:00:00,523.8947
2016-01-09 17:00:00,2016-01-09 17:00:00,519.9892
2016-01-09 18:00:00,2016-01-09 18:00:00,506.6413
2016-01-09 19:00:00,2016-01-09 19:00:00,502.8233
2016-01-09 20:00:00,2016-01-09 20:00:00,503.5337
2016-01-09 21:00:00,2016-01-09 21:00:00,503.8185
2016-01-09 22:00:00,2016-01-09 22:00:00,503.77
2016-01-09 23:00:00,2016-01-09 23:00:00,504.238
2016-01-10 00:00:00,2016-01-10 00:00:00,501.008
2016-01-10 01:00:00,2016-01-10 01:00:00,500.0468
2016-01-10 02:00:00,2016-01-10 02:00:00,500.36
2016-01-10 03:00:00,2016-01-10 03:00:00,499.1455
2016-01-10 04:00:00,2016-01-10 04:00:00,498.2778
2016-01-10 05:00:00,2016-01-10 05:00:00,499.161
2016-01-10 06:00:00,2016-01-10 06:00:00,508.8703
2016-01-10 07:00:00,2016-01-10 07:00:00,515.4823
2016-01-10 08:00:00,2016-01-10 08:00:00,513.5792
2016-01-10 09:00:00,2016-01-10 09:00:00,512.6677
2016-01-10 10:00:00,2016-01-10 10:00:00,511.1832
2016-01-10 11:00:00,2016-01-10 11:00:00,512.7935
2016-01-10 12:00:00,2016-01-10 12:00:00,518.804
2016-01-10 13:00:00,2016-01-10 13:00:00,519.577
2016-01-10 14:00:00,2016-01-10 14:00:00,519.918
2016-01-10 15:00:00,2016-01-10 15:00:00,521.8588
2016-01-10 16:00:00,2016-01-10 16:00:00,518.658
2016-01-10 17:00:00,2016-01-10 17:00:00,514.9078
2016-01-10 18:00:00,2016-01-10 18:00:00,507.1142
2016-01-10 19:00:00,2016-01-10 19:00:00,504.2082
2016-01-10 20:00:00,2016-01-10 20:00:00,504.3545
2016-01-10 21:00:00,2016-01-10 21:00:00,503.9818
2016-01-10 22:00:00,2016-01-10 22:00:00,501.5165
2016-01-10 23:00:00,2016-01-10 23:00:00,501.0845
2016-01-11 00:00:00,2016-01-11 00:00:00,501.4465
2016-01-11 01:00:00,2016-01-11 01:00:00,500.1165
2016-01-11 02:00:00,2016-01-11 02:00:00,499.0505
2016-01-11 03:00:00,2016-01-11 03:00:00,499.085
2016-01-11 04:00:00,2016-01-11 04:00:00,499.0205
2016-01-11 05:00:00,2016-01-11 05:00:00,498.4932
2016-01-11 06:00:00,2016-01-11 06:00:00,511.446
2016-01-11 07:00:00,2016-01-11 07:00:00,519.0363
2016-01-11 08:00:00,2016-01-11 08:00:00,520.3408
2016-01-11 09:00:00,2016-01-11 09:00:00,532.429
2016-01-11 10:00:00,2016-01-11 10:00:00,543.5672
2016-01-11 11:00:00,2016-01-11 11:00:00,547.7928
2016-01-11 12:00:00,2016-01-11 12:00:00,545.2758
2016-01-11 13:00:00,2016-01-11 13:00:00,547.1817
2016-01-11 14:00:00,2016-01-11 14:00:00,551.6612
2016-01-11 15:00:00,2016-01-11 15:00:00,549.4575
2016-01-11 16:00:00,2016-01-11 16:00:00,544.248
2016-01-11 17:00:00,2016-01-11 17:00:00,539.3553
2016-01-11 18:00:00,2016-01-11 18:00:00,527.1902
2016-01-11 19:00:00,2016-01-11 19:00:00,514.3638
2016-01-11 20:00:00,2016-01-11 20:00:00,513.1103
2016-01-11 21:00:00,2016-01-11 21:00:00,509.7617
2016-01-11 22:00:00,2016-01-11 22:00:00,508.6168
2016-01-11 23:00:00,2016-01-11 23:00:00,503.4987
2016-01-12 00:00:00,2016-01-12 00:00:00,501.0182
2016-01-12 01:00:00,2016-01-12 01:00:00,500.5095
2016-01-12 02:00:00,2016-01-12 02:00:00,501.9742
2016-01-12 03:00:00,2016-01-12 03:00:00,500.4212
2016-01-12 04:00:00,2016-01-12 04:00:00,498.307
2016-01-12 05:00:00,2016-01-12 05:00:00,497.4318
2016-01-12 06:00:00,2016-01-12 06:00:00,508.1618
2016-01-12 07:00:00,2016-01-12 07:00:00,515.805
2016-01-12 08:00:00,2016-01-12 08:00:00,519.7047
2016-01-12 09:00:00,2016-01-12 09:00:00,538.4337
2016-01-12 10:00:00,2016-01-12 10:00:00,542.3148
2016-01-12 11:00:00,2016-01-12 11:00:00,544.317
2016-01-12 12:00:00,2016-01-12 12:00:00,537.2597
2016-01-12 13:00:00,2016-01-12 13:00:00,495.668
2016-01-12 14:00:00,2016-01-12 14:00:00,501.5638
2016-01-12 15:00:00,2016-01-12 15:00:00,499.8025
2016-01-12 16:00:00,2016-01-12 16:00:00,491.3183
2016-01-12 17:00:00,2016-01-12 17:00:00,489.3125
2016-01-12 18:00:00,2016-01-12 18:00:00,473.1035
2016-01-12 19:00:00,2016-01-12 19:00:00,471.1925
2016-01-12 20:00:00,2016-01-12 20:00:00,465.5852
2016-01-12 21:00:00,2016-01-12 21:00:00,466.5795
2016-01-12 22:00:00,2016-01-12 22:00:00,463.7308
2016-01-12 23:00:00,2016-01-12 23:00:00,465.045
2016-01-13 00:00:00,2016-01-13 00:00:00,457.0948
2016-01-13 01:00:00,2016-01-13 01:00:00,456.1515
2016-01-13 02:00:00,2016-01-13 02:00:00,446.4448
2016-01-13 03:00:00,2016-01-13 03:00:00,443.027
2016-01-13 04:00:00,2016-01-13 04:00:00,450.8317
2016-01-13 05:00:00,2016-01-13 05:00:00,455.2073
2016-01-13 06:00:00,2016-01-13 06:00:00,463.2735
2016-01-13 07:00:00,2016-01-13 07:00:00,466.2558
2016-01-13 08:00:00,2016-01-13 08:00:00,475.378
2016-01-13 09:00:00,2016-01-13 09:00:00,489.8798
2016-01-13 10:00:00,2016-01-13 10:00:00,498.5845
2016-01-13 11:00:00,2016-01-13 11:00:00,503.06
2016-01-13 12:00:00,2016-01-13 12:00:00,502.9315
2016-01-13 13:00:00,2016-01-13 13:00:00,506.1632
2016-01-13 14:00:00,2016-01-13 14:00:00,514.4432
2016-01-13 15:00:00,2016-01-13 15:00:00,515.0635
2016-01-13 16:00:00,2016-01-13 16:00:00,507.7675
2016-01-13 17:00:00,2016-01-13 17:00:00,501.0815
2016-01-13 18:00:00,2016-01-13 18:00:00,475.5865
2016-01-13 19:00:00,2016-01-13 19:00:00,472.3112
2016-01-13 20:00:00,2016-01-13 20:00:00,466.8725
2016-01-13 21:00:00,2016-01-13 21:00:00,458.943
2016-01-13 22:00:00,2016-01-13 22:00:00,459.616
2016-01-13 23:00:00,2016-01-13 23:00:00,461.3118
2016-01-14 00:00:00,2016-01-14 00:00:00,463.759
2016-01-14 01:00:00,2016-01-14 01:00:00,457.1035
2016-01-14 02:00:00,2016-01-14 02:00:00,455.301
2016-01-14 03:00:00,2016-01-14 03:00:00,457.4775
2016-01-14 04:00:00,2016-01-14 04:00:00,451.991
2016-01-14 05:00:00,2016-01-14 05:00:00,454.3488
2016-01-14 06:00:00,2016-01-14 06:00:00,463.1145
2016-01-14 07:00:00,2016-01-14 07:00:00,469.0665
2016-01-14 08:00:00,2016-01-14 08:00:00,478.5842
2016-01-14 09:00:00,2016-01-14 09:00:00,479.0235
2016-01-14 10:00:00,2016-01-14 10:00:00,484.1305
2016-01-14 11:00:00,2016-01-14 11:00:00,488.265
2016-01-14 12:00:00,2016-01-14 12:00:00,485.6075
2016-01-14 13:00:00,2016-01-14 13:00:00,494.5112
2016-01-14 14:00:00,2016-01-14 14:00:00,491.566
2016-01-14 15:00:00,2016-01-14 15:00:00,483.8442
2016-01-14 16:00:00,2016-01-14 16:00:00,484.9348
2016-01-14 17:00:00,2016-01-14 17:00:00,482.0953
2016-01-14 18:00:00,2016-01-14 18:00:00,469.108
2016-01-14 19:00:00,2016-01-14 19:00:00,461.5043
2016-01-14 20:00:00,2016-01-14 20:00:00,457.5777
2016-01-14 21:00:00,2016-01-14 21:00:00,456.9145
2016-01-14 22:00:00,2016-01-14 22:00:00,453.8155
2016-01-14 23:00:00,2016-01-14 23:00:00,450.7362
2016-01-15 00:00:00,2016-01-15 00:00:00,453.9957
2016-01-15 01:00:00,2016-01-15 01:00:00,465.134
2016-01-15 02:00:00,2016-01-15 02:00:00,468.862
2016-01-15 03:00:00,2016-01-15 03:00:00,450.6938
2016-01-15 04:00:00,2016-01-15 04:00:00,460.6587
2016-01-15 05:00:00,2016-01-15 05:00:00,450.1582
2016-01-15 06:00:00,2016-01-15 06:00:00,474.1288
2016-01-15 07:00:00,2016-01-15 07:00:00,468.3278
2016-01-15 08:00:00,2016-01-15 08:00:00,474.4268
2016-01-15 09:00:00,2016-01-15 09:00:00,477.7907
2016-01-15 10:00:00,2016-01-15 10:00:00,493.5653
2016-01-15 11:00:00,2016-01-15 11:00:00,498.9087
2016-01-15 12:00:00,2016-01-15 12:00:00,500.2345
2016-01-15 13:00:00,2016-01-15 13:00:00,498.7665
2016-01-15 14:00:00,2016-01-15 14:00:00,500.1807
2016-01-15 15:00:00,2016-01-15 15:00:00,501.2205
2016-01-15 16:00:00,2016-01-15 16:00:00,494.182
2016-01-15 17:00:00,2016-01-15 17:00:00,489.4025
2016-01-15 18:00:00,2016-01-15 18:00:00,464.2635
2016-01-15 19:00:00,2016-01-15 19:00:00,453.17
2016-01-15 20:00:00,2016-01-15 20:00:00,454.2402
2016-01-15 21:00:00,2016-01-15 21:00:00,452.306
2016-01-15 22:00:00,2016-01-15 22:00:00,447.074
2016-01-15 23:00:00,2016-01-15 23:00:00,441.2605
2016-01-16 00:00:00,2016-01-16 00:00:00,444.438
2016-01-16 01:00:00,2016-01-16 01:00:00,442.142
2016-01-16 02:00:00,2016-01-16 02:00:00,444.0257
2016-01-16 03:00:00,2016-01-16 03:00:00,443.0988
2016-01-16 04:00:00,2016-01-16 04:00:00,443.0667
2016-01-16 05:00:00,2016-01-16 05:00:00,444.8407
2016-01-16 06:00:00,2016-01-16 06:00:00,451.2473
2016-01-16 07:00:00,2016-01-16 07:00:00,460.2552
2016-01-16 08:00:00,2016-01-16 08:00:00,460.4368
2016-01-16 09:00:00,2016-01-16 09:00:00,463.2742
2016-01-16 10:00:00,2016-01-16 10:00:00,466.3893
2016-01-16 11:00:00,2016-01-16 11:00:00,469.4252
2016-01-16 12:00:00,2016-01-16 12:00:00,475.4152
2016-01-16 13:00:00,2016-01-16 13:00:00,483.809
2016-01-16 14:00:00,2016-01-16 14:00:00,480.1853
2016-01-16 15:00:00,2016-01-16 15:00:00,492.1298
2016-01-16 16:00:00,2016-01-16 16:00:00,490.516
2016-01-16 17:00:00,2016-01-16 17:00:00,484.0372
2016-01-16 18:00:00,2016-01-16 18:00:00,477.2488
2016-01-16 19:00:00,2016-01-16 19:00:00,469.644
2016-01-16 20:00:00,2016-01-16 20:00:00,466.4648
2016-01-16 21:00:00,2016-01-16 21:00:00,459.4943
2016-01-16 22:00:00,2016-01-16 22:00:00,464.342
2016-01-16 23:00:00,2016-01-16 23:00:00,465.4378
2016-01-17 00:00:00,2016-01-17 00:00:00,460.695
2016-01-17 01:00:00,2016-01-17 01:00:00,460.019
2016-01-17 02:00:00,2016-01-17 02:00:00,461.9948
2016-01-17 03:00:00,2016-01-17 03:00:00,464.153
2016-01-17 04:00:00,2016-01-17 04:00:00,461.3265
2016-01-17 05:00:00,2016-01-17 05:00:00,460.37
2016-01-17 06:00:00,2016-01-17 06:00:00,470.4878
2016-01-17 07:00:00,2016-01-17 07:00:00,471.2417
2016-01-17 08:00:00,2016-01-17 08:00:00,470.305
2016-01-17 09:00:00,2016-01-17 09:00:00,466.77
2016-01-17 10:00:00,2016-01-17 10:00:00,467.294
2016-01-17 11:00:00,2016-01-17 11:00:00,473.8365
2016-01-17 12:00:00,2016-01-17 12:00:00,476.3098
2016-01-17 13:00:00,2016-01-17 13:00:00,477.8037
2016-01-17 14:00:00,2016-01-17 14:00:00,479.7282
2016-01-17 15:00:00,2016-01-17 15:00:00,480.8003
2016-01-17 16:00:00,2016-01-17 16:00:00,471.7422
2016-01-17 17:00:00,2016-01-17 17:00:00,470.2945
2016-01-17 18:00:00,2016-01-17 18:00:00,460.3258
2016-01-17 19:00:00,2016-01-17 19:00:00,455.9915
2016-01-17 20:00:00,2016-01-17 20:00:00,456.3197
2016-01-17 21:00:00,2016-01-17 21:00:00,451.58
2016-01-17 22:00:00,2016-01-17 22:00:00,452.5698
2016-01-17 23:00:00,2016-01-17 23:00:00,457.6075
2016-01-18 00:00:00,2016-01-18 00:00:00,457.1557
2016-01-18 01:00:00,2016-01-18 01:00:00,453.7488
2016-01-18 02:00:00,2016-01-18 02:00:00,453.2109
2016-01-18 03:00:00,2016-01-18 03:00:00,448.2153
2016-01-18 04:00:00,2016-01-18 04:00:00,446.724
2016-01-18 05:00:00,2016-01-18 05:00:00,439.0522
2016-01-18 06:00:00,2016-01-18 06:00:00,447.1142
2016-01-18 07:00:00,2016-01-18 07:00:00,450.002
2016-01-18 08:00:00,2016-01-18 08:00:00,450.7012
2016-01-18 09:00:00,2016-01-18 09:00:00,459.0675
2016-01-18 10:00:00,2016-01-18 10:00:00,472.504
2016-01-18 11:00:00,2016-01-18 11:00:00,480.2975
2016-01-18 12:00:00,2016-01-18 12:00:00,489.273
2016-01-18 13:00:00,2016-01-18 13:00:00,479.797
2016-01-18 14:00:00,2016-01-18 14:00:00,479.8142
2016-01-18 15:00:00,2016-01-18 15:00:00,475.8547
2016-01-18 16:00:00,2016-01-18 16:00:00,471.005
2016-01-18 17:00:00,2016-01-18 17:00:00,469.402
2016-01-18 18:00:00,2016-01-18 18:00:00,455.6932
2016-01-18 19:00:00,2016-01-18 19:00:00,444.7247
2016-01-18 20:00:00,2016-01-18 20:00:00,444.1613
2016-01-18 21:00:00,2016-01-18 21:00:00,444.0993
2016-01-18 22:00:00,2016-01-18 22:00:00,445.1237
2016-01-18 23:00:00,2016-01-18 23:00:00,443.9028
2016-01-19 00:00:00,2016-01-19 00:00:00,441.3755
2016-01-19 01:00:00,2016-01-19 01:00:00,440.0993
2016-01-19 02:00:00,2016-01-19 02:00:00,444.992
2016-01-19 03:00:00,2016-01-19 03:00:00,441.4968
2016-01-19 04:00:00,2016-01-19 04:00:00,440.3545
2016-01-19 05:00:00,2016-01-19 05:00:00,437.012
2016-01-19 06:00:00,2016-01-19 06:00:00,447.4048
2016-01-19 07:00:00,2016-01-19 07:00:00,453.2255
2016-01-19 08:00:00,2016-01-19 08:00:00,463.6483
2016-01-19 09:00:00,2016-01-19 09:00:00,482.2975
2016-01-19 10:00:00,2016-01-19 10:00:00,508.679
2016-01-19 11:00:00,2016-01-19 11:00:00,534.3048
2016-01-19 12:00:00,2016-01-19 12:00:00,521.2113
2016-01-19 13:00:00,2016-01-19 13:00:00,514.7915
2016-01-19 14:00:00,2016-01-19 14:00:00,519.9713
2016-01-19 15:00:00,2016-01-19 15:00:00,508.3915
2016-01-19 16:00:00,2016-01-19 16:00:00,497.122
2016-01-19 17:00:00,2016-01-19 17:00:00,487.8018
2016-01-19 18:00:00,2016-01-19 18:00:00,468.705
2016-01-19 19:00:00,2016-01-19 19:00:00,455.011
2016-01-19 20:00:00,2016-01-19 20:00:00,454.8348
2016-01-19 21:00:00,2016-01-19 21:00:00,455.0003
2016-01-19 22:00:00,2016-01-19 22:00:00,446.9945
2016-01-19 23:00:00,2016-01-19 23:00:00,448.4103
2016-01-20 00:00:00,2016-01-20 00:00:00,447.365
2016-01-20 01:00:00,2016-01-20 01:00:00,443.7072
2016-01-20 02:00:00,2016-01-20 02:00:00,439.7768
2016-01-20 03:00:00,2016-01-20 03:00:00,439.1505
2016-01-20 04:00:00,2016-01-20 04:00:00,436.2665
2016-01-20 05:00:00,2016-01-20 05:00:00,437.0305
2016-01-20 06:00:00,2016-01-20 06:00:00,449.734
2016-01-20 07:00:00,2016-01-20 07:00:00,455.7315
2016-01-20 08:00:00,2016-01-20 08:00:00,463.228
2016-01-20 09:00:00,2016-01-20 09:00:00,474.5572
2016-01-20 10:00:00,2016-01-20 10:00:00,487.6998
2016-01-20 11:00:00,2016-01-20 11:00:00,496.4625
2016-01-20 12:00:00,2016-01-20 12:00:00,507.6862
2016-01-20 13:00:00,2016-01-20 13:00:00,507.2565
2016-01-20 14:00:00,2016-01-20 14:00:00,501.6088
2016-01-20 15:00:00,2016-01-20 15:00:00,502.8133
2016-01-20 16:00:00,2016-01-20 16:00:00,494.8068
2016-01-20 17:00:00,2016-01-20 17:00:00,487.079
2016-01-20 18:00:00,2016-01-20 18:00:00,465.672
2016-01-20 19:00:00,2016-01-20 19:00:00,453.6115
2016-01-20 20:00:00,2016-01-20 20:00:00,454.1565
2016-01-20 21:00:00,2016-01-20 21:00:00,449.387
2016-01-20 22:00:00,2016-01-20 22:00:00,448.3648
2016-01-20 23:00:00,2016-01-20 23:00:00,448.2382
2016-01-21 00:00:00,2016-01-21 00:00:00,444.8745
2016-01-21 01:00:00,2016-01-21 01:00:00,442.2832
2016-01-21 02:00:00,2016-01-21 02:00:00,444.437
2016-01-21 03:00:00,2016-01-21 03:00:00,441.7485
2016-01-21 04:00:00,2016-01-21 04:00:00,443.8795
2016-01-21 05:00:00,2016-01-21 05:00:00,441.0288
2016-01-21 06:00:00,2016-01-21 06:00:00,455.2022
2016-01-21 07:00:00,2016-01-21 07:00:00,455.919
2016-01-21 08:00:00,2016-01-21 08:00:00,469.7238
2016-01-21 09:00:00,2016-01-21 09:00:00,480.1078
2016-01-21 10:00:00,2016-01-21 10:00:00,493.737
2016-01-21 11:00:00,2016-01-21 11:00:00,504.8288
2016-01-21 12:00:00,2016-01-21 12:00:00,508.413
2016-01-21 13:00:00,2016-01-21 13:00:00,506.0345
2016-01-21 14:00:00,2016-01-21 14:00:00,508.084
2016-01-21 15:00:00,2016-01-21 15:00:00,505.9483
2016-01-21 16:00:00,2016-01-21 16:00:00,496.1277
2016-01-21 17:00:00,2016-01-21 17:00:00,496.453
2016-01-21 18:00:00,2016-01-21 18:00:00,480.5413
2016-01-21 19:00:00,2016-01-21 19:00:00,462.3065
2016-01-21 20:00:00,2016-01-21 20:00:00,454.9055
2016-01-21 21:00:00,2016-01-21 21:00:00,452.6628
2016-01-21 22:00:00,2016-01-21 22:00:00,460.945
2016-01-21 23:00:00,2016-01-21 23:00:00,466.152
2016-01-22 00:00:00,2016-01-22 00:00:00,459.485
2016-01-22 01:00:00,2016-01-22 01:00:00,459.1015
2016-01-22 02:00:00,2016-01-22 02:00:00,457.2025
2016-01-22 03:00:00,2016-01-22 03:00:00,457.607
2016-01-22 04:00:00,2016-01-22 04:00:00,459.3172
2016-01-22 05:00:00,2016-01-22 05:00:00,458.649
2016-01-22 06:00:00,2016-01-22 06:00:00,452.8278
2016-01-22 07:00:00,2016-01-22 07:00:00,451.3925
2016-01-22 08:00:00,2016-01-22 08:00:00,461.2105
2016-01-22 09:00:00,2016-01-22 09:00:00,480.1378
2016-01-22 10:00:00,2016-01-22 10:00:00,492.288
2016-01-22 11:00:00,2016-01-22 11:00:00,504.7115
2016-01-22 12:00:00,2016-01-22 12:00:00,507.0505
2016-01-22 13:00:00,2016-01-22 13:00:00,509.0632
2016-01-22 14:00:00,2016-01-22 14:00:00,518.314
2016-01-22 15:00:00,2016-01-22 15:00:00,520.1328
2016-01-22 16:00:00,2016-01-22 16:00:00,510.8065
2016-01-22 17:00:00,2016-01-22 17:00:00,502.461
2016-01-22 18:00:00,2016-01-22 18:00:00,485.6318
2016-01-22 19:00:00,2016-01-22 19:00:00,480.1795
2016-01-22 20:00:00,2016-01-22 20:00:00,473.0013
2016-01-22 21:00:00,2016-01-22 21:00:00,465.0147
2016-01-22 22:00:00,2016-01-22 22:00:00,449.1752
2016-01-22 23:00:00,2016-01-22 23:00:00,441.8303
2016-01-23 00:00:00,2016-01-23 00:00:00,436.0555
2016-01-23 01:00:00,2016-01-23 01:00:00,440.0972
2016-01-23 02:00:00,2016-01-23 02:00:00,435.7273
2016-01-23 03:00:00,2016-01-23 03:00:00,432.9668
2016-01-23 04:00:00,2016-01-23 04:00:00,431.6338
2016-01-23 05:00:00,2016-01-23 05:00:00,433.509
2016-01-23 06:00:00,2016-01-23 06:00:00,442.7117
2016-01-23 07:00:00,2016-01-23 07:00:00,447.5425
2016-01-23 08:00:00,2016-01-23 08:00:00,445.6795
2016-01-23 09:00:00,2016-01-23 09:00:00,447.5935
2016-01-23 10:00:00,2016-01-23 10:00:00,455.6627
2016-01-23 11:00:00,2016-01-23 11:00:00,454.278
2016-01-23 12:00:00,2016-01-23 12:00:00,453.7298
2016-01-23 13:00:00,2016-01-23 13:00:00,450.9858
2016-01-23 14:00:00,2016-01-23 14:00:00,456.5255
2016-01-23 15:00:00,2016-01-23 15:00:00,451.633
2016-01-23 16:00:00,2016-01-23 16:00:00,449.92
2016-01-23 17:00:00,2016-01-23 17:00:00,453.8342
2016-01-23 18:00:00,2016-01-23 18:00:00,445.3172
2016-01-23 19:00:00,2016-01-23 19:00:00,441.7338
2016-01-23 20:00:00,2016-01-23 20:00:00,442.328
2016-01-23 21:00:00,2016-01-23 21:00:00,443.7532
2016-01-23 22:00:00,2016-01-23 22:00:00,441.2137
2016-01-23 23:00:00,2016-01-23 23:00:00,441.553
2016-01-24 00:00:00,2016-01-24 00:00:00,437.953
2016-01-24 01:00:00,2016-01-24 01:00:00,440.9678
2016-01-24 02:00:00,2016-01-24 02:00:00,441.0718
2016-01-24 03:00:00,2016-01-24 03:00:00,438.9643
2016-01-24 04:00:00,2016-01-24 04:00:00,442.379
2016-01-24 05:00:00,2016-01-24 05:00:00,437.89
2016-01-24 06:00:00,2016-01-24 06:00:00,451.976
2016-01-24 07:00:00,2016-01-24 07:00:00,458.1295
2016-01-24 08:00:00,2016-01-24 08:00:00,453.738
2016-01-24 09:00:00,2016-01-24 09:00:00,453.2448
2016-01-24 10:00:00,2016-01-24 10:00:00,448.8912
2016-01-24 11:00:00,2016-01-24 11:00:00,447.8898
2016-01-24 12:00:00,2016-01-24 12:00:00,456.285
2016-01-24 13:00:00,2016-01-24 13:00:00,460.6578
2016-01-24 14:00:00,2016-01-24 14:00:00,463.3582
2016-01-24 15:00:00,2016-01-24 15:00:00,465.513
2016-01-24 16:00:00,2016-01-24 16:00:00,457.5765
2016-01-24 17:00:00,2016-01-24 17:00:00,451.8618
2016-01-24 18:00:00,2016-01-24 18:00:00,445.8635
2016-01-24 19:00:00,2016-01-24 19:00:00,442.29
2016-01-24 20:00:00,2016-01-24 20:00:00,437.7227
2016-01-24 21:00:00,2016-01-24 21:00:00,440.48
2016-01-24 22:00:00,2016-01-24 22:00:00,433.0947
2016-01-24 23:00:00,2016-01-24 23:00:00,435.9718
2016-01-25 00:00:00,2016-01-25 00:00:00,431.677
2016-01-25 01:00:00,2016-01-25 01:00:00,435.537
2016-01-25 02:00:00,2016-01-25 02:00:00,432.1795
2016-01-25 03:00:00,2016-01-25 03:00:00,432.1845
2016-01-25 04:00:00,2016-01-25 04:00:00,431.0603
2016-01-25 05:00:00,2016-01-25 05:00:00,431.3313
2016-01-25 06:00:00,2016-01-25 06:00:00,446.008
2016-01-25 07:00:00,2016-01-25 07:00:00,454.0112
2016-01-25 08:00:00,2016-01-25 08:00:00,460.0678
2016-01-25 09:00:00,2016-01-25 09:00:00,468.631
2016-01-25 10:00:00,2016-01-25 10:00:00,484.5957
2016-01-25 11:00:00,2016-01-25 11:00:00,497.9897
2016-01-25 12:00:00,2016-01-25 12:00:00,497.3912
2016-01-25 13:00:00,2016-01-25 13:00:00,494.4865
2016-01-25 14:00:00,2016-01-25 14:00:00,498.187
2016-01-25 15:00:00,2016-01-25 15:00:00,496.8915
2016-01-25 16:00:00,2016-01-25 16:00:00,491.7095
2016-01-25 17:00:00,2016-01-25 17:00:00,480.8052
2016-01-25 18:00:00,2016-01-25 18:00:00,462.6235
2016-01-25 19:00:00,2016-01-25 19:00:00,455.6478
2016-01-25 20:00:00,2016-01-25 20:00:00,450.9125
2016-01-25 21:00:00,2016-01-25 21:00:00,450.063
2016-01-25 22:00:00,2016-01-25 22:00:00,445.391
2016-01-25 23:00:00,2016-01-25 23:00:00,447.1835
2016-01-26 00:00:00,2016-01-26 00:00:00,441.671
2016-01-26 01:00:00,2016-01-26 01:00:00,443.2375
2016-01-26 02:00:00,2016-01-26 02:00:00,441.1655
2016-01-26 03:00:00,2016-01-26 03:00:00,442.482
2016-01-26 04:00:00,2016-01-26 04:00:00,439.0582
2016-01-26 05:00:00,2016-01-26 05:00:00,440.15
2016-01-26 06:00:00,2016-01-26 06:00:00,447.7463
2016-01-26 07:00:00,2016-01-26 07:00:00,459.6525
2016-01-26 08:00:00,2016-01-26 08:00:00,473.5372
2016-01-26 09:00:00,2016-01-26 09:00:00,485.483
2016-01-26 10:00:00,2016-01-26 10:00:00,491.8325
2016-01-26 11:00:00,2016-01-26 11:00:00,492.9115
2016-01-26 12:00:00,2016-01-26 12:00:00,493.8052
2016-01-26 13:00:00,2016-01-26 13:00:00,498.8975
2016-01-26 14:00:00,2016-01-26 14:00:00,501.065
2016-01-26 15:00:00,2016-01-26 15:00:00,501.0295
2016-01-26 16:00:00,2016-01-26 16:00:00,500.1112
2016-01-26 17:00:00,2016-01-26 17:00:00,489.268
2016-01-26 18:00:00,2016-01-26 18:00:00,470.6882
2016-01-26 19:00:00,2016-01-26 19:00:00,453.3235
2016-01-26 20:00:00,2016-01-26 20:00:00,452.557
2016-01-26 21:00:00,2016-01-26 21:00:00,450.6142
2016-01-26 22:00:00,2016-01-26 22:00:00,449.0147
2016-01-26 23:00:00,2016-01-26 23:00:00,445.4422
2016-01-27 00:00:00,2016-01-27 00:00:00,439.6072
2016-01-27 01:00:00,2016-01-27 01:00:00,439.4863
2016-01-27 02:00:00,2016-01-27 02:00:00,437.5542
2016-01-27 03:00:00,2016-01-27 03:00:00,433.7185
2016-01-27 04:00:00,2016-01-27 04:00:00,435.263
2016-01-27 05:00:00,2016-01-27 05:00:00,437.2365
2016-01-27 06:00:00,2016-01-27 06:00:00,446.9425
2016-01-27 07:00:00,2016-01-27 07:00:00,454.6177
2016-01-27 08:00:00,2016-01-27 08:00:00,464.0795
2016-01-27 09:00:00,2016-01-27 09:00:00,477.0868
2016-01-27 10:00:00,2016-01-27 10:00:00,494.3068
2016-01-27 11:00:00,2016-01-27 11:00:00,500.1727
2016-01-27 12:00:00,2016-01-27 12:00:00,507.915
2016-01-27 13:00:00,2016-01-27 13:00:00,503.2918
2016-01-27 14:00:00,2016-01-27 14:00:00,503.1282
2016-01-27 15:00:00,2016-01-27 15:00:00,511.2352
2016-01-27 16:00:00,2016-01-27 16:00:00,506.649
2016-01-27 17:00:00,2016-01-27 17:00:00,496.1985
2016-01-27 18:00:00,2016-01-27 18:00:00,476.2942
2016-01-27 19:00:00,2016-01-27 19:00:00,458.536
2016-01-27 20:00:00,2016-01-27 20:00:00,456.872
2016-01-27 21:00:00,2016-01-27 21:00:00,449.5435
2016-01-27 22:00:00,2016-01-27 22:00:00,442.0235
2016-01-27 23:00:00,2016-01-27 23:00:00,440.6342
2016-01-28 00:00:00,2016-01-28 00:00:00,434.5405
2016-01-28 01:00:00,2016-01-28 01:00:00,437.374
2016-01-28 02:00:00,2016-01-28 02:00:00,432.4988
2016-01-28 03:00:00,2016-01-28 03:00:00,435.7807
2016-01-28 04:00:00,2016-01-28 04:00:00,431.8938
2016-01-28 05:00:00,2016-01-28 05:00:00,434.5415
2016-01-28 06:00:00,2016-01-28 06:00:00,442.3388
2016-01-28 07:00:00,2016-01-28 07:00:00,453.505
2016-01-28 08:00:00,2016-01-28 08:00:00,461.3225
2016-01-28 09:00:00,2016-01-28 09:00:00,472.369
2016-01-28 10:00:00,2016-01-28 10:00:00,490.112
2016-01-28 11:00:00,2016-01-28 11:00:00,502.6753
2016-01-28 12:00:00,2016-01-28 12:00:00,506.2025
2016-01-28 13:00:00,2016-01-28 13:00:00,503.905
2016-01-28 14:00:00,2016-01-28 14:00:00,506.3617
2016-01-28 15:00:00,2016-01-28 15:00:00,506.5948
2016-01-28 16:00:00,2016-01-28 16:00:00,502.1328
2016-01-28 17:00:00,2016-01-28 17:00:00,497.9432
2016-01-28 18:00:00,2016-01-28 18:00:00,482.9808
2016-01-28 19:00:00,2016-01-28 19:00:00,474.6785
2016-01-28 20:00:00,2016-01-28 20:00:00,474.146
2016-01-28 21:00:00,2016-01-28 21:00:00,468.8805
2016-01-28 22:00:00,2016-01-28 22:00:00,462.593
2016-01-28 23:00:00,2016-01-28 23:00:00,447.364
2016-01-29 00:00:00,2016-01-29 00:00:00,445.1985
2016-01-29 01:00:00,2016-01-29 01:00:00,450.9835
2016-01-29 02:00:00,2016-01-29 02:00:00,460.2125
2016-01-29 03:00:00,2016-01-29 03:00:00,466.252
2016-01-29 04:00:00,2016-01-29 04:00:00,465.7748
2016-01-29 05:00:00,2016-01-29 05:00:00,460.432
2016-01-29 06:00:00,2016-01-29 06:00:00,470.4152
2016-01-29 07:00:00,2016-01-29 07:00:00,475.6357
2016-01-29 08:00:00,2016-01-29 08:00:00,483.0682
2016-01-29 09:00:00,2016-01-29 09:00:00,508.0827
2016-01-29 10:00:00,2016-01-29 10:00:00,511.6572
2016-01-29 11:00:00,2016-01-29 11:00:00,508.189
2016-01-29 12:00:00,2016-01-29 12:00:00,516.4372
2016-01-29 13:00:00,2016-01-29 13:00:00,519.3863
2016-01-29 14:00:00,2016-01-29 14:00:00,515.3205
2016-01-29 15:00:00,2016-01-29 15:00:00,515.0615
2016-01-29 16:00:00,2016-01-29 16:00:00,514.0252
2016-01-29 17:00:00,2016-01-29 17:00:00,506.5668
2016-01-29 18:00:00,2016-01-29 18:00:00,486.9758
2016-01-29 19:00:00,2016-01-29 19:00:00,476.8345
2016-01-29 20:00:00,2016-01-29 20:00:00,461.6123
2016-01-29 21:00:00,2016-01-29 21:00:00,450.0125
2016-01-29 22:00:00,2016-01-29 22:00:00,439.5575
2016-01-29 23:00:00,2016-01-29 23:00:00,442.5495
2016-01-30 00:00:00,2016-01-30 00:00:00,436.4888
2016-01-30 01:00:00,2016-01-30 01:00:00,434.383
2016-01-30 02:00:00,2016-01-30 02:00:00,437.4745
2016-01-30 03:00:00,2016-01-30 03:00:00,430.0667
2016-01-30 04:00:00,2016-01-30 04:00:00,431.0745
2016-01-30 05:00:00,2016-01-30 05:00:00,430.4722
2016-01-30 06:00:00,2016-01-30 06:00:00,447.672
2016-01-30 07:00:00,2016-01-30 07:00:00,448.0228
2016-01-30 08:00:00,2016-01-30 08:00:00,451.1175
2016-01-30 09:00:00,2016-01-30 09:00:00,456.3965
2016-01-30 10:00:00,2016-01-30 10:00:00,458.758
2016-01-30 11:00:00,2016-01-30 11:00:00,464.2765
2016-01-30 12:00:00,2016-01-30 12:00:00,471.037
2016-01-30 13:00:00,2016-01-30 13:00:00,476.2973
2016-01-30 14:00:00,2016-01-30 14:00:00,475.3908
2016-01-30 15:00:00,2016-01-30 15:00:00,473.0058
2016-01-30 16:00:00,2016-01-30 16:00:00,470.9745
2016-01-30 17:00:00,2016-01-30 17:00:00,459.9015
2016-01-30 18:00:00,2016-01-30 18:00:00,445.288
2016-01-30 19:00:00,2016-01-30 19:00:00,440.1338
2016-01-30 20:00:00,2016-01-30 20:00:00,437.6412
2016-01-30 21:00:00,2016-01-30 21:00:00,436.1222
2016-01-30 22:00:00,2016-01-30 22:00:00,434.442
2016-01-30 23:00:00,2016-01-30 23:00:00,437.97
2016-01-31 00:00:00,2016-01-31 00:00:00,433.7252
2016-01-31 01:00:00,2016-01-31 01:00:00,434.121
2016-01-31 02:00:00,2016-01-31 02:00:00,432.3845
2016-01-31 03:00:00,2016-01-31 03:00:00,434.18
2016-01-31 04:00:00,2016-01-31 04:00:00,432.2272
2016-01-31 05:00:00,2016-01-31 05:00:00,432.6475
2016-01-31 06:00:00,2016-01-31 06:00:00,448.207
2016-01-31 07:00:00,2016-01-31 07:00:00,449.5105
2016-01-31 08:00:00,2016-01-31 08:00:00,450.8933
2016-01-31 09:00:00,2016-01-31 09:00:00,450.7095
2016-01-31 10:00:00,2016-01-31 10:00:00,451.8723
2016-01-31 11:00:00,2016-01-31 11:00:00,452.2317
2016-01-31 12:00:00,2016-01-31 12:00:00,453.0855
2016-01-31 13:00:00,2016-01-31 13:00:00,455.4222
2016-01-31 14:00:00,2016-01-31 14:00:00,458.3265
2016-01-31 15:00:00,2016-01-31 15:00:00,451.312
2016-01-31 16:00:00,2016-01-31 16:00:00,448.2077
2016-01-31 17:00:00,2016-01-31 17:00:00,448.858
2016-01-31 18:00:00,2016-01-31 18:00:00,439.0375
2016-01-31 19:00:00,2016-01-31 19:00:00,437.0548
2016-01-31 20:00:00,2016-01-31 20:00:00,435.9615
2016-01-31 21:00:00,2016-01-31 21:00:00,435.5985
2016-01-31 22:00:00,2016-01-31 22:00:00,434.7017
2016-01-31 23:00:00,2016-01-31 23:00:00,434.0495
2016-02-01 00:00:00,2016-02-01 00:00:00,432.8712
2016-02-01 01:00:00,2016-02-01 01:00:00,434.8078
2016-02-01 02:00:00,2016-02-01 02:00:00,434.6193
2016-02-01 03:00:00,2016-02-01 03:00:00,428.8857
2016-02-01 04:00:00,2016-02-01 04:00:00,432.6175
2016-02-01 05:00:00,2016-02-01 05:00:00,432.4207
2016-02-01 06:00:00,2016-02-01 06:00:00,442.2553
2016-02-01 07:00:00,2016-02-01 07:00:00,451.6485
2016-02-01 08:00:00,2016-02-01 08:00:00,459.4113
2016-02-01 09:00:00,2016-02-01 09:00:00,468.8178
2016-02-01 10:00:00,2016-02-01 10:00:00,477.4772
2016-02-01 11:00:00,2016-02-01 11:00:00,476.8045
2016-02-01 12:00:00,2016-02-01 12:00:00,476.336
2016-02-01 13:00:00,2016-02-01 13:00:00,482.822
2016-02-01 14:00:00,2016-02-01 14:00:00,488.3485
2016-02-01 15:00:00,2016-02-01 15:00:00,480.3407
2016-02-01 16:00:00,2016-02-01 16:00:00,476.5153
2016-02-01 17:00:00,2016-02-01 17:00:00,472.4385
2016-02-01 18:00:00,2016-02-01 18:00:00,457.666
2016-02-01 19:00:00,2016-02-01 19:00:00,451.6335
2016-02-01 20:00:00,2016-02-01 20:00:00,450.3545
2016-02-01 21:00:00,2016-02-01 21:00:00,443.4477
2016-02-01 22:00:00,2016-02-01 22:00:00,446.3243
2016-02-01 23:00:00,2016-02-01 23:00:00,444.8795
2016-02-02 00:00:00,2016-02-02 00:00:00,442.6955
2016-02-02 01:00:00,2016-02-02 01:00:00,438.8018
2016-02-02 02:00:00,2016-02-02 02:00:00,438.7077
2016-02-02 03:00:00,2016-02-02 03:00:00,433.6678
2016-02-02 04:00:00,2016-02-02 04:00:00,432.4253
2016-02-02 05:00:00,2016-02-02 05:00:00,432.212
2016-02-02 06:00:00,2016-02-02 06:00:00,447.3113
2016-02-02 07:00:00,2016-02-02 07:00:00,458.7242
2016-02-02 08:00:00,2016-02-02 08:00:00,465.9695
2016-02-02 09:00:00,2016-02-02 09:00:00,478.3928
2016-02-02 10:00:00,2016-02-02 10:00:00,487.5607
2016-02-02 11:00:00,2016-02-02 11:00:00,484.4678
2016-02-02 12:00:00,2016-02-02 12:00:00,478.0948
2016-02-02 13:00:00,2016-02-02 13:00:00,483.61
2016-02-02 14:00:00,2016-02-02 14:00:00,490.0497
2016-02-02 15:00:00,2016-02-02 15:00:00,489.195
2016-02-02 16:00:00,2016-02-02 16:00:00,488.551
2016-02-02 17:00:00,2016-02-02 17:00:00,493.8797
2016-02-02 18:00:00,2016-02-02 18:00:00,476.6918
2016-02-02 19:00:00,2016-02-02 19:00:00,460.2015
2016-02-02 20:00:00,2016-02-02 20:00:00,459.1193
2016-02-02 21:00:00,2016-02-02 21:00:00,457.2317
2016-02-02 22:00:00,2016-02-02 22:00:00,455.0658
2016-02-02 23:00:00,2016-02-02 23:00:00,450.743
2016-02-03 00:00:00,2016-02-03 00:00:00,451.476
2016-02-03 01:00:00,2016-02-03 01:00:00,450.6095
2016-02-03 02:00:00,2016-02-03 02:00:00,447.88
2016-02-03 03:00:00,2016-02-03 03:00:00,445.9435
2016-02-03 04:00:00,2016-02-03 04:00:00,445.4202
2016-02-03 05:00:00,2016-02-03 05:00:00,441.3792
2016-02-03 06:00:00,2016-02-03 06:00:00,457.3288
2016-02-03 07:00:00,2016-02-03 07:00:00,462.4622
2016-02-03 08:00:00,2016-02-03 08:00:00,468.6828
2016-02-03 09:00:00,2016-02-03 09:00:00,480.063
2016-02-03 10:00:00,2016-02-03 10:00:00,480.5022
2016-02-03 11:00:00,2016-02-03 11:00:00,479.6018
2016-02-03 12:00:00,2016-02-03 12:00:00,484.056
2016-02-03 13:00:00,2016-02-03 13:00:00,484.2132
2016-02-03 14:00:00,2016-02-03 14:00:00,482.0863
2016-02-03 15:00:00,2016-02-03 15:00:00,484.2713
2016-02-03 16:00:00,2016-02-03 16:00:00,486.6615
2016-02-03 17:00:00,2016-02-03 17:00:00,477.6815
2016-02-03 18:00:00,2016-02-03 18:00:00,458.7297
2016-02-03 19:00:00,2016-02-03 19:00:00,449.2333
2016-02-03 20:00:00,2016-02-03 20:00:00,451.2855
2016-02-03 21:00:00,2016-02-03 21:00:00,453.3645
2016-02-03 22:00:00,2016-02-03 22:00:00,449.5892
2016-02-03 23:00:00,2016-02-03 23:00:00,449.836
2016-02-04 00:00:00,2016-02-04 00:00:00,441.3705
2016-02-04 01:00:00,2016-02-04 01:00:00,442.5567
2016-02-04 02:00:00,2016-02-04 02:00:00,439.6745
2016-02-04 03:00:00,2016-02-04 03:00:00,437.4972
2016-02-04 04:00:00,2016-02-04 04:00:00,440.2028
2016-02-04 05:00:00,2016-02-04 05:00:00,439.7505
2016-02-04 06:00:00,2016-02-04 06:00:00,455.1573
2016-02-04 07:00:00,2016-02-04 07:00:00,459.1237
2016-02-04 08:00:00,2016-02-04 08:00:00,473.2292
2016-02-04 09:00:00,2016-02-04 09:00:00,480.4928
2016-02-04 10:00:00,2016-02-04 10:00:00,498.276
2016-02-04 11:00:00,2016-02-04 11:00:00,506.1315
2016-02-04 12:00:00,2016-02-04 12:00:00,501.664
2016-02-04 13:00:00,2016-02-04 13:00:00,503.9883
2016-02-04 14:00:00,2016-02-04 14:00:00,497.8795
2016-02-04 15:00:00,2016-02-04 15:00:00,493.2245
2016-02-04 16:00:00,2016-02-04 16:00:00,485.0255
2016-02-04 17:00:00,2016-02-04 17:00:00,476.6892
2016-02-04 18:00:00,2016-02-04 18:00:00,460.5315
2016-02-04 19:00:00,2016-02-04 19:00:00,459.2095
2016-02-04 20:00:00,2016-02-04 20:00:00,460.1798
2016-02-04 21:00:00,2016-02-04 21:00:00,455.129
2016-02-04 22:00:00,2016-02-04 22:00:00,453.6198
2016-02-04 23:00:00,2016-02-04 23:00:00,442.6372
2016-02-05 00:00:00,2016-02-05 00:00:00,442.9452
2016-02-05 01:00:00,2016-02-05 01:00:00,444.5902
2016-02-05 02:00:00,2016-02-05 02:00:00,443.247
2016-02-05 03:00:00,2016-02-05 03:00:00,445.7502
2016-02-05 04:00:00,2016-02-05 04:00:00,441.4445
2016-02-05 05:00:00,2016-02-05 05:00:00,444.3662
2016-02-05 06:00:00,2016-02-05 06:00:00,456.4655
2016-02-05 07:00:00,2016-02-05 07:00:00,463.929
2016-02-05 08:00:00,2016-02-05 08:00:00,467.5077
2016-02-05 09:00:00,2016-02-05 09:00:00,472.7638
2016-02-05 10:00:00,2016-02-05 10:00:00,481.342
2016-02-05 11:00:00,2016-02-05 11:00:00,497.7292
2016-02-05 12:00:00,2016-02-05 12:00:00,509.3585
2016-02-05 13:00:00,2016-02-05 13:00:00,511.596
2016-02-05 14:00:00,2016-02-05 14:00:00,510.5813
2016-02-05 15:00:00,2016-02-05 15:00:00,511.113
2016-02-05 16:00:00,2016-02-05 16:00:00,498.31
2016-02-05 17:00:00,2016-02-05 17:00:00,491.1515
2016-02-05 18:00:00,2016-02-05 18:00:00,462.0752
2016-02-05 19:00:00,2016-02-05 19:00:00,458.4443
2016-02-05 20:00:00,2016-02-05 20:00:00,456.1803
2016-02-05 21:00:00,2016-02-05 21:00:00,450.703
2016-02-05 22:00:00,2016-02-05 22:00:00,446.244
2016-02-05 23:00:00,2016-02-05 23:00:00,446.2308
2016-02-06 00:00:00,2016-02-06 00:00:00,449.29
2016-02-06 01:00:00,2016-02-06 01:00:00,448.4912
2016-02-06 02:00:00,2016-02-06 02:00:00,446.6635
2016-02-06 03:00:00,2016-02-06 03:00:00,448.5862
2016-02-06 04:00:00,2016-02-06 04:00:00,443.7212
2016-02-06 05:00:00,2016-02-06 05:00:00,443.1235
2016-02-06 06:00:00,2016-02-06 06:00:00,456.3367
2016-02-06 07:00:00,2016-02-06 07:00:00,458.5305
2016-02-06 08:00:00,2016-02-06 08:00:00,459.9664
2016-02-06 09:00:00,2016-02-06 09:00:00,459.3848
2016-02-06 10:00:00,2016-02-06 10:00:00,462.0808
2016-02-06 11:00:00,2016-02-06 11:00:00,474.7495
2016-02-06 12:00:00,2016-02-06 12:00:00,479.0055
2016-02-06 13:00:00,2016-02-06 13:00:00,484.5213
2016-02-06 14:00:00,2016-02-06 14:00:00,481.9502
2016-02-06 15:00:00,2016-02-06 15:00:00,484.9875
2016-02-06 16:00:00,2016-02-06 16:00:00,486.9305
2016-02-06 17:00:00,2016-02-06 17:00:00,480.6802
2016-02-06 18:00:00,2016-02-06 18:00:00,461.3762
2016-02-06 19:00:00,2016-02-06 19:00:00,463.7847
2016-02-06 20:00:00,2016-02-06 20:00:00,464.5422
2016-02-06 21:00:00,2016-02-06 21:00:00,455.7133
2016-02-06 22:00:00,2016-02-06 22:00:00,451.1512
2016-02-06 23:00:00,2016-02-06 23:00:00,448.3237
2016-02-07 00:00:00,2016-02-07 00:00:00,441.3996
2016-02-07 01:00:00,2016-02-07 01:00:00,438.0096
2016-02-07 02:00:00,2016-02-07 02:00:00,438.2145
2016-02-07 03:00:00,2016-02-07 03:00:00,437.1358
2016-02-07 04:00:00,2016-02-07 04:00:00,432.7432
2016-02-07 05:00:00,2016-02-07 05:00:00,437.286
2016-02-07 06:00:00,2016-02-07 06:00:00,451.3117
2016-02-07 07:00:00,2016-02-07 07:00:00,450.397
2016-02-07 08:00:00,2016-02-07 08:00:00,453.8893
2016-02-07 09:00:00,2016-02-07 09:00:00,459.1373
2016-02-07 10:00:00,2016-02-07 10:00:00,477.0252
2016-02-07 11:00:00,2016-02-07 11:00:00,489.4613
2016-02-07 12:00:00,2016-02-07 12:00:00,503.6365
2016-02-07 13:00:00,2016-02-07 13:00:00,510.6872
2016-02-07 14:00:00,2016-02-07 14:00:00,517.6965
2016-02-07 15:00:00,2016-02-07 15:00:00,519.6118
2016-02-07 16:00:00,2016-02-07 16:00:00,509.8478
2016-02-07 17:00:00,2016-02-07 17:00:00,498.945
2016-02-07 18:00:00,2016-02-07 18:00:00,469.6165
2016-02-07 19:00:00,2016-02-07 19:00:00,464.5743
2016-02-07 20:00:00,2016-02-07 20:00:00,467.9205
2016-02-07 21:00:00,2016-02-07 21:00:00,489.6273
2016-02-07 22:00:00,2016-02-07 22:00:00,482.3715
2016-02-07 23:00:00,2016-02-07 23:00:00,465.5598
2016-02-08 00:00:00,2016-02-08 00:00:00,473.788
2016-02-08 01:00:00,2016-02-08 01:00:00,463.2882
2016-02-08 02:00:00,2016-02-08 02:00:00,462.6903
2016-02-08 03:00:00,2016-02-08 03:00:00,465.988
2016-02-08 04:00:00,2016-02-08 04:00:00,462.4063
2016-02-08 05:00:00,2016-02-08 05:00:00,470.948
2016-02-08 06:00:00,2016-02-08 06:00:00,484.2392
2016-02-08 07:00:00,2016-02-08 07:00:00,487.0342
2016-02-08 08:00:00,2016-02-08 08:00:00,496.5955
2016-02-08 09:00:00,2016-02-08 09:00:00,523.8728
2016-02-08 10:00:00,2016-02-08 10:00:00,538.9578
2016-02-08 11:00:00,2016-02-08 11:00:00,550.4723
2016-02-08 12:00:00,2016-02-08 12:00:00,550.5395
2016-02-08 13:00:00,2016-02-08 13:00:00,557.649
2016-02-08 14:00:00,2016-02-08 14:00:00,559.387
2016-02-08 15:00:00,2016-02-08 15:00:00,562.3132
2016-02-08 16:00:00,2016-02-08 16:00:00,553.927
2016-02-08 17:00:00,2016-02-08 17:00:00,548.481
2016-02-08 18:00:00,2016-02-08 18:00:00,502.8808
2016-02-08 19:00:00,2016-02-08 19:00:00,493.8588
2016-02-08 20:00:00,2016-02-08 20:00:00,484.552
2016-02-08 21:00:00,2016-02-08 21:00:00,472.7935
2016-02-08 22:00:00,2016-02-08 22:00:00,469.2437
2016-02-08 23:00:00,2016-02-08 23:00:00,467.1555
2016-02-09 00:00:00,2016-02-09 00:00:00,462.372
2016-02-09 01:00:00,2016-02-09 01:00:00,453.7568
2016-02-09 02:00:00,2016-02-09 02:00:00,448.4305
2016-02-09 03:00:00,2016-02-09 03:00:00,447.7375
2016-02-09 04:00:00,2016-02-09 04:00:00,444.531
2016-02-09 05:00:00,2016-02-09 05:00:00,443.3407
2016-02-09 06:00:00,2016-02-09 06:00:00,454.928
2016-02-09 07:00:00,2016-02-09 07:00:00,458.4575
2016-02-09 08:00:00,2016-02-09 08:00:00,476.431
2016-02-09 09:00:00,2016-02-09 09:00:00,498.3355
2016-02-09 10:00:00,2016-02-09 10:00:00,527.875
2016-02-09 11:00:00,2016-02-09 11:00:00,551.4578
2016-02-09 12:00:00,2016-02-09 12:00:00,551.0802
2016-02-09 13:00:00,2016-02-09 13:00:00,545.3562
2016-02-09 14:00:00,2016-02-09 14:00:00,545.4763
2016-02-09 15:00:00,2016-02-09 15:00:00,545.9683
2016-02-09 16:00:00,2016-02-09 16:00:00,549.1263
2016-02-09 17:00:00,2016-02-09 17:00:00,528.5152
2016-02-09 18:00:00,2016-02-09 18:00:00,492.9257
2016-02-09 19:00:00,2016-02-09 19:00:00,478.4303
2016-02-09 20:00:00,2016-02-09 20:00:00,471.871
2016-02-09 21:00:00,2016-02-09 21:00:00,461.2737
2016-02-09 22:00:00,2016-02-09 22:00:00,457.6083
2016-02-09 23:00:00,2016-02-09 23:00:00,459.8855
2016-02-10 00:00:00,2016-02-10 00:00:00,457.2637
2016-02-10 01:00:00,2016-02-10 01:00:00,451.514
2016-02-10 02:00:00,2016-02-10 02:00:00,452.8018
2016-02-10 03:00:00,2016-02-10 03:00:00,449.004
2016-02-10 04:00:00,2016-02-10 04:00:00,449.1376
2016-02-10 05:00:00,2016-02-10 05:00:00,448.3302
2016-02-10 06:00:00,2016-02-10 06:00:00,460.3535
2016-02-10 07:00:00,2016-02-10 07:00:00,460.9408
2016-02-10 08:00:00,2016-02-10 08:00:00,471.9605
2016-02-10 09:00:00,2016-02-10 09:00:00,487.6845
2016-02-10 10:00:00,2016-02-10 10:00:00,505.9367
2016-02-10 11:00:00,2016-02-10 11:00:00,523.7878
2016-02-10 12:00:00,2016-02-10 12:00:00,529.3273
2016-02-10 13:00:00,2016-02-10 13:00:00,546.3465
2016-02-10 14:00:00,2016-02-10 14:00:00,550.6742
2016-02-10 15:00:00,2016-02-10 15:00:00,553.547
2016-02-10 16:00:00,2016-02-10 16:00:00,549.2027
2016-02-10 17:00:00,2016-02-10 17:00:00,534.2737
2016-02-10 18:00:00,2016-02-10 18:00:00,493.781
2016-02-10 19:00:00,2016-02-10 19:00:00,482.8403
2016-02-10 20:00:00,2016-02-10 20:00:00,476.1318
2016-02-10 21:00:00,2016-02-10 21:00:00,471.7952
2016-02-10 22:00:00,2016-02-10 22:00:00,468.7932
2016-02-10 23:00:00,2016-02-10 23:00:00,469.8255
2016-02-11 00:00:00,2016-02-11 00:00:00,463.753
2016-02-11 01:00:00,2016-02-11 01:00:00,457.7782
2016-02-11 02:00:00,2016-02-11 02:00:00,455.4097
2016-02-11 03:00:00,2016-02-11 03:00:00,451.977
2016-02-11 04:00:00,2016-02-11 04:00:00,451.4243
2016-02-11 05:00:00,2016-02-11 05:00:00,448.6847
2016-02-11 06:00:00,2016-02-11 06:00:00,458.9888
2016-02-11 07:00:00,2016-02-11 07:00:00,463.9585
2016-02-11 08:00:00,2016-02-11 08:00:00,477.735
2016-02-11 09:00:00,2016-02-11 09:00:00,493.8207
2016-02-11 10:00:00,2016-02-11 10:00:00,518.828
2016-02-11 11:00:00,2016-02-11 11:00:00,522.2647
2016-02-11 12:00:00,2016-02-11 12:00:00,525.8748
2016-02-11 13:00:00,2016-02-11 13:00:00,546.2455
2016-02-11 14:00:00,2016-02-11 14:00:00,556.7532
2016-02-11 15:00:00,2016-02-11 15:00:00,561.694
2016-02-11 16:00:00,2016-02-11 16:00:00,551.3993
2016-02-11 17:00:00,2016-02-11 17:00:00,520.2953
2016-02-11 18:00:00,2016-02-11 18:00:00,482.772
2016-02-11 19:00:00,2016-02-11 19:00:00,473.1448
2016-02-11 20:00:00,2016-02-11 20:00:00,468.0595
2016-02-11 21:00:00,2016-02-11 21:00:00,461.3705
2016-02-11 22:00:00,2016-02-11 22:00:00,457.4938
2016-02-11 23:00:00,2016-02-11 23:00:00,453.9237
2016-02-12 00:00:00,2016-02-12 00:00:00,447.9085
2016-02-12 01:00:00,2016-02-12 01:00:00,446.1148
2016-02-12 02:00:00,2016-02-12 02:00:00,442.0632
2016-02-12 03:00:00,2016-02-12 03:00:00,440.8622
2016-02-12 04:00:00,2016-02-12 04:00:00,443.21
2016-02-12 05:00:00,2016-02-12 05:00:00,441.4588
2016-02-12 06:00:00,2016-02-12 06:00:00,456.9838
2016-02-12 07:00:00,2016-02-12 07:00:00,459.968
2016-02-12 08:00:00,2016-02-12 08:00:00,468.8988
2016-02-12 09:00:00,2016-02-12 09:00:00,492.2988
2016-02-12 10:00:00,2016-02-12 10:00:00,497.614
2016-02-12 11:00:00,2016-02-12 11:00:00,517.8987
2016-02-12 12:00:00,2016-02-12 12:00:00,539.6347
2016-02-12 13:00:00,2016-02-12 13:00:00,536.4695
2016-02-12 14:00:00,2016-02-12 14:00:00,510.346
2016-02-12 15:00:00,2016-02-12 15:00:00,520.5175
2016-02-12 16:00:00,2016-02-12 16:00:00,516.4017
2016-02-12 17:00:00,2016-02-12 17:00:00,502.372
2016-02-12 18:00:00,2016-02-12 18:00:00,480.6145
2016-02-12 19:00:00,2016-02-12 19:00:00,470.056
2016-02-12 20:00:00,2016-02-12 20:00:00,467.2457
2016-02-12 21:00:00,2016-02-12 21:00:00,462.3282
2016-02-12 22:00:00,2016-02-12 22:00:00,460.526
2016-02-12 23:00:00,2016-02-12 23:00:00,457.7252
2016-02-13 00:00:00,2016-02-13 00:00:00,443.4773
2016-02-13 01:00:00,2016-02-13 01:00:00,439.318
2016-02-13 02:00:00,2016-02-13 02:00:00,437.3812
2016-02-13 03:00:00,2016-02-13 03:00:00,434.138
2016-02-13 04:00:00,2016-02-13 04:00:00,433.39
2016-02-13 05:00:00,2016-02-13 05:00:00,431.7898
2016-02-13 06:00:00,2016-02-13 06:00:00,447.4982
2016-02-13 07:00:00,2016-02-13 07:00:00,448.7415
2016-02-13 08:00:00,2016-02-13 08:00:00,447.832
2016-02-13 09:00:00,2016-02-13 09:00:00,447.94
2016-02-13 10:00:00,2016-02-13 10:00:00,465.892
2016-02-13 11:00:00,2016-02-13 11:00:00,487.0942
2016-02-13 12:00:00,2016-02-13 12:00:00,503.1268
2016-02-13 13:00:00,2016-02-13 13:00:00,509.9275
2016-02-13 14:00:00,2016-02-13 14:00:00,500.2355
2016-02-13 15:00:00,2016-02-13 15:00:00,498.7345
2016-02-13 16:00:00,2016-02-13 16:00:00,499.1325
2016-02-13 17:00:00,2016-02-13 17:00:00,492.5272
2016-02-13 18:00:00,2016-02-13 18:00:00,471.2578
2016-02-13 19:00:00,2016-02-13 19:00:00,464.7895
2016-02-13 20:00:00,2016-02-13 20:00:00,460.5705
2016-02-13 21:00:00,2016-02-13 21:00:00,461.1425
2016-02-13 22:00:00,2016-02-13 22:00:00,459.0362
2016-02-13 23:00:00,2016-02-13 23:00:00,459.3388
2016-02-14 00:00:00,2016-02-14 00:00:00,458.2888
2016-02-14 01:00:00,2016-02-14 01:00:00,455.711
2016-02-14 02:00:00,2016-02-14 02:00:00,441.9418
2016-02-14 03:00:00,2016-02-14 03:00:00,441.505
2016-02-14 04:00:00,2016-02-14 04:00:00,442.58
2016-02-14 05:00:00,2016-02-14 05:00:00,440.255
2016-02-14 06:00:00,2016-02-14 06:00:00,451.9625
2016-02-14 07:00:00,2016-02-14 07:00:00,455.8058
2016-02-14 08:00:00,2016-02-14 08:00:00,454.008
2016-02-14 09:00:00,2016-02-14 09:00:00,465.3195
2016-02-14 10:00:00,2016-02-14 10:00:00,472.4878
2016-02-14 11:00:00,2016-02-14 11:00:00,491.2853
2016-02-14 12:00:00,2016-02-14 12:00:00,508.361
2016-02-14 13:00:00,2016-02-14 13:00:00,523.2767
2016-02-14 14:00:00,2016-02-14 14:00:00,526.163
2016-02-14 15:00:00,2016-02-14 15:00:00,527.873
2016-02-14 16:00:00,2016-02-14 16:00:00,530.086
2016-02-14 17:00:00,2016-02-14 17:00:00,523.6972
2016-02-14 18:00:00,2016-02-14 18:00:00,505.3935
2016-02-14 19:00:00,2016-02-14 19:00:00,481.3752
2016-02-14 20:00:00,2016-02-14 20:00:00,466.7727
2016-02-14 21:00:00,2016-02-14 21:00:00,471.5525
2016-02-14 22:00:00,2016-02-14 22:00:00,474.2872
2016-02-14 23:00:00,2016-02-14 23:00:00,479.042
2016-02-15 00:00:00,2016-02-15 00:00:00,489.0507
2016-02-15 01:00:00,2016-02-15 01:00:00,484.2152
2016-02-15 02:00:00,2016-02-15 02:00:00,483.9185
2016-02-15 03:00:00,2016-02-15 03:00:00,453.6515
2016-02-15 04:00:00,2016-02-15 04:00:00,455.0277
2016-02-15 05:00:00,2016-02-15 05:00:00,457.7902
2016-02-15 06:00:00,2016-02-15 06:00:00,464.2263
2016-02-15 07:00:00,2016-02-15 07:00:00,461.551
2016-02-15 08:00:00,2016-02-15 08:00:00,464.4343
2016-02-15 09:00:00,2016-02-15 09:00:00,485.0305
2016-02-15 10:00:00,2016-02-15 10:00:00,517.035
2016-02-15 11:00:00,2016-02-15 11:00:00,536.676
2016-02-15 12:00:00,2016-02-15 12:00:00,548.3365
2016-02-15 13:00:00,2016-02-15 13:00:00,553.5752
2016-02-15 14:00:00,2016-02-15 14:00:00,562.042
2016-02-15 15:00:00,2016-02-15 15:00:00,550.7992
2016-02-15 16:00:00,2016-02-15 16:00:00,549.6402
2016-02-15 17:00:00,2016-02-15 17:00:00,543.5758
2016-02-15 18:00:00,2016-02-15 18:00:00,519.7353
2016-02-15 19:00:00,2016-02-15 19:00:00,504.691
2016-02-15 20:00:00,2016-02-15 20:00:00,491.5925
2016-02-15 21:00:00,2016-02-15 21:00:00,488.882
2016-02-15 22:00:00,2016-02-15 22:00:00,483.5735
2016-02-15 23:00:00,2016-02-15 23:00:00,480.232
2016-02-16 00:00:00,2016-02-16 00:00:00,474.0195
2016-02-16 01:00:00,2016-02-16 01:00:00,465.3838
2016-02-16 02:00:00,2016-02-16 02:00:00,460.288
2016-02-16 03:00:00,2016-02-16 03:00:00,456.5603
2016-02-16 04:00:00,2016-02-16 04:00:00,451.558
2016-02-16 05:00:00,2016-02-16 05:00:00,448.8135
2016-02-16 06:00:00,2016-02-16 06:00:00,471.2088
2016-02-16 07:00:00,2016-02-16 07:00:00,471.239
2016-02-16 08:00:00,2016-02-16 08:00:00,486.0745
2016-02-16 09:00:00,2016-02-16 09:00:00,520.0185
2016-02-16 10:00:00,2016-02-16 10:00:00,541.656
2016-02-16 11:00:00,2016-02-16 11:00:00,560.4868
2016-02-16 12:00:00,2016-02-16 12:00:00,568.6028
2016-02-16 13:00:00,2016-02-16 13:00:00,575.8338
2016-02-16 14:00:00,2016-02-16 14:00:00,578.9423
2016-02-16 15:00:00,2016-02-16 15:00:00,583.4335
2016-02-16 16:00:00,2016-02-16 16:00:00,575.0643
2016-02-16 17:00:00,2016-02-16 17:00:00,561.3523
2016-02-16 18:00:00,2016-02-16 18:00:00,528.1162
2016-02-16 19:00:00,2016-02-16 19:00:00,512.3468
2016-02-16 20:00:00,2016-02-16 20:00:00,511.2274
2016-02-16 21:00:00,2016-02-16 21:00:00,494.9007
2016-02-16 22:00:00,2016-02-16 22:00:00,494.0045
2016-02-17 00:00:00,2016-02-17 00:00:00,486.116
2016-02-17 01:00:00,2016-02-17 01:00:00,471.2388
2016-02-17 02:00:00,2016-02-17 02:00:00,478.2033
2016-02-17 03:00:00,2016-02-17 03:00:00,469.6435
2016-02-17 04:00:00,2016-02-17 04:00:00,470.905
2016-02-17 05:00:00,2016-02-17 05:00:00,478.8703
2016-02-17 06:00:00,2016-02-17 06:00:00,491.028
2016-02-17 07:00:00,2016-02-17 07:00:00,488.1122
2016-02-17 08:00:00,2016-02-17 08:00:00,480.611
2016-02-17 09:00:00,2016-02-17 09:00:00,489.903
2016-02-17 10:00:00,2016-02-17 10:00:00,497.4225
2016-02-17 11:00:00,2016-02-17 11:00:00,507.5302
2016-02-17 12:00:00,2016-02-17 12:00:00,507.4062
2016-02-17 13:00:00,2016-02-17 13:00:00,519.3708
2016-02-17 14:00:00,2016-02-17 14:00:00,525.9803
2016-02-17 15:00:00,2016-02-17 15:00:00,518.1715
2016-02-17 16:00:00,2016-02-17 16:00:00,510.8722
2016-02-17 17:00:00,2016-02-17 17:00:00,496.466
2016-02-17 18:00:00,2016-02-17 18:00:00,475.356
2016-02-17 19:00:00,2016-02-17 19:00:00,455.9717
2016-02-17 20:00:00,2016-02-17 20:00:00,443.5202
2016-02-17 21:00:00,2016-02-17 21:00:00,445.801
2016-02-17 22:00:00,2016-02-17 22:00:00,442.7138
2016-02-17 23:00:00,2016-02-17 23:00:00,440.7818
2016-02-18 00:00:00,2016-02-18 00:00:00,436.0958
2016-02-18 01:00:00,2016-02-18 01:00:00,433.2648
2016-02-18 02:00:00,2016-02-18 02:00:00,436.7838
2016-02-18 03:00:00,2016-02-18 03:00:00,431.0728
2016-02-18 04:00:00,2016-02-18 04:00:00,432.092
2016-02-18 05:00:00,2016-02-18 05:00:00,433.227
2016-02-18 06:00:00,2016-02-18 06:00:00,444.9847
2016-02-18 07:00:00,2016-02-18 07:00:00,447.162
2016-02-18 08:00:00,2016-02-18 08:00:00,454.586
2016-02-18 09:00:00,2016-02-18 09:00:00,477.3815
2016-02-18 10:00:00,2016-02-18 10:00:00,486.9648
2016-02-18 11:00:00,2016-02-18 11:00:00,491.3332
2016-02-18 12:00:00,2016-02-18 12:00:00,489.2177
2016-02-18 13:00:00,2016-02-18 13:00:00,495.754
2016-02-18 14:00:00,2016-02-18 14:00:00,503.5745
2016-02-18 15:00:00,2016-02-18 15:00:00,509.995
2016-02-18 16:00:00,2016-02-18 16:00:00,501.5645
2016-02-18 17:00:00,2016-02-18 17:00:00,490.2383
2016-02-18 18:00:00,2016-02-18 18:00:00,472.0862
2016-02-18 19:00:00,2016-02-18 19:00:00,462.6002
2016-02-18 20:00:00,2016-02-18 20:00:00,454.754
2016-02-18 21:00:00,2016-02-18 21:00:00,452.7135
2016-02-18 22:00:00,2016-02-18 22:00:00,449.443
2016-02-18 23:00:00,2016-02-18 23:00:00,446.614
2016-02-19 00:00:00,2016-02-19 00:00:00,446.8792
2016-02-19 01:00:00,2016-02-19 01:00:00,443.1108
2016-02-19 02:00:00,2016-02-19 02:00:00,444.0111
2016-02-19 03:00:00,2016-02-19 03:00:00,442.2505
2016-02-19 04:00:00,2016-02-19 04:00:00,445.6625
2016-02-19 05:00:00,2016-02-19 05:00:00,441.8112
2016-02-19 06:00:00,2016-02-19 06:00:00,455.826
2016-02-19 07:00:00,2016-02-19 07:00:00,463.5177
2016-02-19 08:00:00,2016-02-19 08:00:00,466.1852
2016-02-19 09:00:00,2016-02-19 09:00:00,483.6408
2016-02-19 10:00:00,2016-02-19 10:00:00,501.7287
2016-02-19 11:00:00,2016-02-19 11:00:00,505.4748
2016-02-19 12:00:00,2016-02-19 12:00:00,504.9953
2016-02-19 13:00:00,2016-02-19 13:00:00,506.166
2016-02-19 14:00:00,2016-02-19 14:00:00,498.3023
2016-02-19 15:00:00,2016-02-19 15:00:00,492.1528
2016-02-19 16:00:00,2016-02-19 16:00:00,483.0965
2016-02-19 17:00:00,2016-02-19 17:00:00,479.9495
2016-02-19 18:00:00,2016-02-19 18:00:00,464.885
2016-02-19 19:00:00,2016-02-19 19:00:00,457.8688
2016-02-19 20:00:00,2016-02-19 20:00:00,453.909
2016-02-19 21:00:00,2016-02-19 21:00:00,456.269
2016-02-19 22:00:00,2016-02-19 22:00:00,456.9365
2016-02-19 23:00:00,2016-02-19 23:00:00,454.0613
2016-02-20 00:00:00,2016-02-20 00:00:00,452.0333
2016-02-20 01:00:00,2016-02-20 01:00:00,450.3712
2016-02-20 02:00:00,2016-02-20 02:00:00,447.5195
2016-02-20 03:00:00,2016-02-20 03:00:00,447.746
2016-02-20 04:00:00,2016-02-20 04:00:00,448.8588
2016-02-20 05:00:00,2016-02-20 05:00:00,450.4035
2016-02-20 06:00:00,2016-02-20 06:00:00,463.2877
2016-02-20 07:00:00,2016-02-20 07:00:00,467.051
2016-02-20 08:00:00,2016-02-20 08:00:00,465.981
2016-02-20 09:00:00,2016-02-20 09:00:00,468.355
2016-02-20 10:00:00,2016-02-20 10:00:00,467.2185
2016-02-20 11:00:00,2016-02-20 11:00:00,476.9535
2016-02-20 12:00:00,2016-02-20 12:00:00,477.7805
2016-02-20 13:00:00,2016-02-20 13:00:00,486.098
2016-02-20 14:00:00,2016-02-20 14:00:00,486.6685
2016-02-20 15:00:00,2016-02-20 15:00:00,490.1668
2016-02-20 16:00:00,2016-02-20 16:00:00,484.6585
2016-02-20 17:00:00,2016-02-20 17:00:00,481.0965
2016-02-20 18:00:00,2016-02-20 18:00:00,464.6715
2016-02-20 19:00:00,2016-02-20 19:00:00,460.3707
2016-02-20 20:00:00,2016-02-20 20:00:00,459.0617
2016-02-20 21:00:00,2016-02-20 21:00:00,450.9192
2016-02-20 22:00:00,2016-02-20 22:00:00,452.143
2016-02-20 23:00:00,2016-02-20 23:00:00,452.5075
2016-02-21 00:00:00,2016-02-21 00:00:00,452.2488
2016-02-21 01:00:00,2016-02-21 01:00:00,447.507
2016-02-21 02:00:00,2016-02-21 02:00:00,448.1255
2016-02-21 03:00:00,2016-02-21 03:00:00,448.634
2016-02-21 04:00:00,2016-02-21 04:00:00,445.7128
2016-02-21 05:00:00,2016-02-21 05:00:00,443.4122
2016-02-21 06:00:00,2016-02-21 06:00:00,462.467
2016-02-21 07:00:00,2016-02-21 07:00:00,467.5047
2016-02-21 08:00:00,2016-02-21 08:00:00,465.4168
2016-02-21 09:00:00,2016-02-21 09:00:00,462.7943
2016-02-21 10:00:00,2016-02-21 10:00:00,469.9712
2016-02-21 11:00:00,2016-02-21 11:00:00,484.979
2016-02-21 12:00:00,2016-02-21 12:00:00,492.0153
2016-02-21 13:00:00,2016-02-21 13:00:00,496.396
2016-02-21 14:00:00,2016-02-21 14:00:00,489.3803
2016-02-21 15:00:00,2016-02-21 15:00:00,486.8117
2016-02-21 16:00:00,2016-02-21 16:00:00,484.8468
2016-02-21 17:00:00,2016-02-21 17:00:00,482.4615
2016-02-21 18:00:00,2016-02-21 18:00:00,461.2405
2016-02-21 19:00:00,2016-02-21 19:00:00,453.903
2016-02-21 20:00:00,2016-02-21 20:00:00,453.1703
2016-02-21 21:00:00,2016-02-21 21:00:00,452.1643
2016-02-21 22:00:00,2016-02-21 22:00:00,454.3082
2016-02-21 23:00:00,2016-02-21 23:00:00,453.6647
2016-02-22 00:00:00,2016-02-22 00:00:00,450.958
2016-02-22 01:00:00,2016-02-22 01:00:00,447.0388
2016-02-22 02:00:00,2016-02-22 02:00:00,448.2375
2016-02-22 03:00:00,2016-02-22 03:00:00,449.111
2016-02-22 04:00:00,2016-02-22 04:00:00,447.0465
2016-02-22 05:00:00,2016-02-22 05:00:00,450.1675
2016-02-22 06:00:00,2016-02-22 06:00:00,463.2232
2016-02-22 07:00:00,2016-02-22 07:00:00,467.0665
2016-02-22 08:00:00,2016-02-22 08:00:00,476.0705
2016-02-22 09:00:00,2016-02-22 09:00:00,497.0012
2016-02-22 10:00:00,2016-02-22 10:00:00,516.56
2016-02-22 11:00:00,2016-02-22 11:00:00,531.405
2016-02-22 12:00:00,2016-02-22 12:00:00,535.8145
2016-02-22 13:00:00,2016-02-22 13:00:00,546.8933
2016-02-22 14:00:00,2016-02-22 14:00:00,553.306
2016-02-22 15:00:00,2016-02-22 15:00:00,554.0095
2016-02-22 16:00:00,2016-02-22 16:00:00,546.2602
2016-02-22 17:00:00,2016-02-22 17:00:00,540.888
2016-02-22 18:00:00,2016-02-22 18:00:00,499.309
2016-02-22 19:00:00,2016-02-22 19:00:00,485.543
2016-02-22 20:00:00,2016-02-22 20:00:00,480.032
2016-02-22 21:00:00,2016-02-22 21:00:00,469.3858
2016-02-22 22:00:00,2016-02-22 22:00:00,465.1398
2016-02-22 23:00:00,2016-02-22 23:00:00,457.9465
2016-02-23 00:00:00,2016-02-23 00:00:00,453.682
2016-02-23 01:00:00,2016-02-23 01:00:00,453.666
2016-02-23 02:00:00,2016-02-23 02:00:00,450.9795
2016-02-23 03:00:00,2016-02-23 03:00:00,451.2585
2016-02-23 04:00:00,2016-02-23 04:00:00,449.3202
2016-02-23 05:00:00,2016-02-23 05:00:00,446.803
2016-02-23 06:00:00,2016-02-23 06:00:00,455.4728
2016-02-23 07:00:00,2016-02-23 07:00:00,460.264
2016-02-23 08:00:00,2016-02-23 08:00:00,475.7815
2016-02-23 09:00:00,2016-02-23 09:00:00,493.3142
2016-02-23 10:00:00,2016-02-23 10:00:00,521.432
2016-02-23 11:00:00,2016-02-23 11:00:00,540.2705
2016-02-23 12:00:00,2016-02-23 12:00:00,558.8843
2016-02-23 13:00:00,2016-02-23 13:00:00,554.9178
2016-02-23 14:00:00,2016-02-23 14:00:00,564.723
2016-02-23 15:00:00,2016-02-23 15:00:00,566.324
2016-02-23 16:00:00,2016-02-23 16:00:00,555.2738
2016-02-23 17:00:00,2016-02-23 17:00:00,544.4613
2016-02-23 18:00:00,2016-02-23 18:00:00,501.2432
2016-02-23 19:00:00,2016-02-23 19:00:00,486.2245
2016-02-23 20:00:00,2016-02-23 20:00:00,475.917
2016-02-23 21:00:00,2016-02-23 21:00:00,472.1195
2016-02-23 22:00:00,2016-02-23 22:00:00,471.4442
2016-02-23 23:00:00,2016-02-23 23:00:00,469.6238
2016-02-24 00:00:00,2016-02-24 00:00:00,460.791
2016-02-24 01:00:00,2016-02-24 01:00:00,443.889
2016-02-24 02:00:00,2016-02-24 02:00:00,442.7365
2016-02-24 03:00:00,2016-02-24 03:00:00,441.3433
2016-02-24 04:00:00,2016-02-24 04:00:00,443.1917
2016-02-24 05:00:00,2016-02-24 05:00:00,442.4835
2016-02-24 06:00:00,2016-02-24 06:00:00,453.8655
2016-02-24 07:00:00,2016-02-24 07:00:00,459.0877
2016-02-24 08:00:00,2016-02-24 08:00:00,468.959
2016-02-24 09:00:00,2016-02-24 09:00:00,492.4008
2016-02-24 10:00:00,2016-02-24 10:00:00,512.461
2016-02-24 11:00:00,2016-02-24 11:00:00,518.0237
2016-02-24 12:00:00,2016-02-24 12:00:00,529.3323
2016-02-24 13:00:00,2016-02-24 13:00:00,548.0395
2016-02-24 14:00:00,2016-02-24 14:00:00,556.3962
2016-02-24 15:00:00,2016-02-24 15:00:00,562.2945
2016-02-24 16:00:00,2016-02-24 16:00:00,555.3368
2016-02-24 17:00:00,2016-02-24 17:00:00,539.0705
2016-02-24 18:00:00,2016-02-24 18:00:00,501.4855
2016-02-24 19:00:00,2016-02-24 19:00:00,485.9483
2016-02-24 20:00:00,2016-02-24 20:00:00,481.6222
2016-02-24 21:00:00,2016-02-24 21:00:00,472.8443
2016-02-24 22:00:00,2016-02-24 22:00:00,471.0878
2016-02-24 23:00:00,2016-02-24 23:00:00,470.0147
2016-02-25 00:00:00,2016-02-25 00:00:00,466.3345
2016-02-25 01:00:00,2016-02-25 01:00:00,460.9042
2016-02-25 02:00:00,2016-02-25 02:00:00,450.1872
2016-02-25 03:00:00,2016-02-25 03:00:00,452.2353
2016-02-25 04:00:00,2016-02-25 04:00:00,451.2327
2016-02-25 05:00:00,2016-02-25 05:00:00,449.4625
2016-02-25 06:00:00,2016-02-25 06:00:00,456.8802
2016-02-25 07:00:00,2016-02-25 07:00:00,462.8137
2016-02-25 08:00:00,2016-02-25 08:00:00,475.1758
2016-02-25 09:00:00,2016-02-25 09:00:00,501.1715
2016-02-25 10:00:00,2016-02-25 10:00:00,515.3972
2016-02-25 11:00:00,2016-02-25 11:00:00,536.9235
2016-02-25 12:00:00,2016-02-25 12:00:00,545.873
2016-02-25 13:00:00,2016-02-25 13:00:00,559.0045
2016-02-25 14:00:00,2016-02-25 14:00:00,563.1983
2016-02-25 15:00:00,2016-02-25 15:00:00,563.6435
2016-02-25 16:00:00,2016-02-25 16:00:00,561.3815
2016-02-25 17:00:00,2016-02-25 17:00:00,556.128
2016-02-25 18:00:00,2016-02-25 18:00:00,520.9508
2016-02-25 19:00:00,2016-02-25 19:00:00,502.1977
2016-02-25 20:00:00,2016-02-25 20:00:00,488.7
2016-02-25 21:00:00,2016-02-25 21:00:00,480.5755
2016-02-25 22:00:00,2016-02-25 22:00:00,475.6405
2016-02-25 23:00:00,2016-02-25 23:00:00,471.5573
2016-02-26 00:00:00,2016-02-26 00:00:00,469.7572
2016-02-26 01:00:00,2016-02-26 01:00:00,465.6975
2016-02-26 02:00:00,2016-02-26 02:00:00,455.7377
2016-02-26 03:00:00,2016-02-26 03:00:00,448.443
2016-02-26 04:00:00,2016-02-26 04:00:00,448.2837
2016-02-26 05:00:00,2016-02-26 05:00:00,448.4165
2016-02-26 06:00:00,2016-02-26 06:00:00,461.0962
2016-02-26 07:00:00,2016-02-26 07:00:00,461.5022
2016-02-26 08:00:00,2016-02-26 08:00:00,472.8998
2016-02-26 09:00:00,2016-02-26 09:00:00,487.26
2016-02-26 10:00:00,2016-02-26 10:00:00,506.0455
2016-02-26 11:00:00,2016-02-26 11:00:00,513.1587
2016-02-26 12:00:00,2016-02-26 12:00:00,515.3493
2016-02-26 13:00:00,2016-02-26 13:00:00,515.0613
2016-02-26 14:00:00,2016-02-26 14:00:00,515.4685
2016-02-26 15:00:00,2016-02-26 15:00:00,512.9465
2016-02-26 16:00:00,2016-02-26 16:00:00,501.2538
2016-02-26 17:00:00,2016-02-26 17:00:00,498.4312
2016-02-26 18:00:00,2016-02-26 18:00:00,482.4537
2016-02-26 19:00:00,2016-02-26 19:00:00,473.913
2016-02-26 20:00:00,2016-02-26 20:00:00,473.6995
2016-02-26 21:00:00,2016-02-26 21:00:00,469.06
2016-02-26 22:00:00,2016-02-26 22:00:00,466.4853
2016-02-26 23:00:00,2016-02-26 23:00:00,465.6225
2016-02-27 00:00:00,2016-02-27 00:00:00,461.367
2016-02-27 01:00:00,2016-02-27 01:00:00,465.052
2016-02-27 02:00:00,2016-02-27 02:00:00,452.3827
2016-02-27 03:00:00,2016-02-27 03:00:00,447.4035
2016-02-27 04:00:00,2016-02-27 04:00:00,445.8813
2016-02-27 05:00:00,2016-02-27 05:00:00,437.8228
2016-02-27 06:00:00,2016-02-27 06:00:00,450.025
2016-02-27 07:00:00,2016-02-27 07:00:00,451.4054
2016-02-27 08:00:00,2016-02-27 08:00:00,449.672
2016-02-27 09:00:00,2016-02-27 09:00:00,457.9315
2016-02-27 10:00:00,2016-02-27 10:00:00,477.51
2016-02-27 11:00:00,2016-02-27 11:00:00,487.8532
2016-02-27 12:00:00,2016-02-27 12:00:00,492.14
2016-02-27 13:00:00,2016-02-27 13:00:00,497.117
2016-02-27 14:00:00,2016-02-27 14:00:00,494.8043
2016-02-27 15:00:00,2016-02-27 15:00:00,499.9225
2016-02-27 16:00:00,2016-02-27 16:00:00,494.9218
2016-02-27 17:00:00,2016-02-27 17:00:00,489.1588
2016-02-27 18:00:00,2016-02-27 18:00:00,472.3362
2016-02-27 19:00:00,2016-02-27 19:00:00,467.0348
2016-02-27 20:00:00,2016-02-27 20:00:00,465.4095
2016-02-27 21:00:00,2016-02-27 21:00:00,451.5934
2016-02-27 22:00:00,2016-02-27 22:00:00,448.8195
2016-02-27 23:00:00,2016-02-27 23:00:00,447.66
2016-02-28 00:00:00,2016-02-28 00:00:00,444.0908
2016-02-28 01:00:00,2016-02-28 01:00:00,445.6885
2016-02-28 02:00:00,2016-02-28 02:00:00,445.33
2016-02-28 03:00:00,2016-02-28 03:00:00,443.6853
2016-02-28 04:00:00,2016-02-28 04:00:00,442.4942
2016-02-28 05:00:00,2016-02-28 05:00:00,443.3465
2016-02-28 06:00:00,2016-02-28 06:00:00,457.7483
2016-02-28 07:00:00,2016-02-28 07:00:00,459.2472
2016-02-28 08:00:00,2016-02-28 08:00:00,458.8128
2016-02-28 09:00:00,2016-02-28 09:00:00,468.2115
2016-02-28 10:00:00,2016-02-28 10:00:00,471.8025
2016-02-28 11:00:00,2016-02-28 11:00:00,479.9857
2016-02-28 12:00:00,2016-02-28 12:00:00,488.9543
2016-02-28 13:00:00,2016-02-28 13:00:00,496.4627
2016-02-28 14:00:00,2016-02-28 14:00:00,492.2488
2016-02-28 15:00:00,2016-02-28 15:00:00,494.052
2016-02-28 16:00:00,2016-02-28 16:00:00,490.3445
2016-02-28 17:00:00,2016-02-28 17:00:00,486.131
2016-02-28 18:00:00,2016-02-28 18:00:00,475.9978
2016-02-28 19:00:00,2016-02-28 19:00:00,467.8553
2016-02-28 20:00:00,2016-02-28 20:00:00,463.3422
2016-02-28 21:00:00,2016-02-28 21:00:00,453.1698
2016-02-28 22:00:00,2016-02-28 22:00:00,461.739
2016-02-28 23:00:00,2016-02-28 23:00:00,452.488
2016-02-29 00:00:00,2016-02-29 00:00:00,447.001
2016-02-29 01:00:00,2016-02-29 01:00:00,445.6877
2016-02-29 02:00:00,2016-02-29 02:00:00,445.941
2016-02-29 03:00:00,2016-02-29 03:00:00,443.3248
2016-02-29 04:00:00,2016-02-29 04:00:00,443.4647
2016-02-29 05:00:00,2016-02-29 05:00:00,439.1665
2016-02-29 06:00:00,2016-02-29 06:00:00,457.5435
2016-02-29 07:00:00,2016-02-29 07:00:00,464.9125
2016-02-29 08:00:00,2016-02-29 08:00:00,467.8238
2016-02-29 09:00:00,2016-02-29 09:00:00,477.9067
2016-02-29 10:00:00,2016-02-29 10:00:00,492.5582
2016-02-29 11:00:00,2016-02-29 11:00:00,515.6098
2016-02-29 12:00:00,2016-02-29 12:00:00,520.9398
2016-02-29 13:00:00,2016-02-29 13:00:00,531.4402
2016-02-29 14:00:00,2016-02-29 14:00:00,547.481
2016-02-29 15:00:00,2016-02-29 15:00:00,557.525
2016-02-29 16:00:00,2016-02-29 16:00:00,558.372
2016-02-29 17:00:00,2016-02-29 17:00:00,545.0483
2016-02-29 18:00:00,2016-02-29 18:00:00,507.1387
2016-02-29 19:00:00,2016-02-29 19:00:00,497.1702
2016-02-29 20:00:00,2016-02-29 20:00:00,487.3618
2016-02-29 21:00:00,2016-02-29 21:00:00,477.43
2016-02-29 22:00:00,2016-02-29 22:00:00,475.7975
2016-02-29 23:00:00,2016-02-29 23:00:00,473.0215
2016-03-01 00:00:00,2016-03-01 00:00:00,466.1168
2016-03-01 01:00:00,2016-03-01 01:00:00,465.3372
2016-03-01 02:00:00,2016-03-01 02:00:00,465.289
2016-03-01 03:00:00,2016-03-01 03:00:00,461.6905
2016-03-01 04:00:00,2016-03-01 04:00:00,461.0505
2016-03-01 05:00:00,2016-03-01 05:00:00,460.9087
2016-03-01 06:00:00,2016-03-01 06:00:00,470.7865
2016-03-01 07:00:00,2016-03-01 07:00:00,469.0708
2016-03-01 08:00:00,2016-03-01 08:00:00,481.2393
2016-03-01 09:00:00,2016-03-01 09:00:00,496.504
2016-03-01 10:00:00,2016-03-01 10:00:00,511.9405
2016-03-01 11:00:00,2016-03-01 11:00:00,536.5095
2016-03-01 12:00:00,2016-03-01 12:00:00,544.939
2016-03-01 13:00:00,2016-03-01 13:00:00,554.7432
2016-03-01 14:00:00,2016-03-01 14:00:00,556.4212
2016-03-01 15:00:00,2016-03-01 15:00:00,546.7808
2016-03-01 16:00:00,2016-03-01 16:00:00,528.255
2016-03-01 17:00:00,2016-03-01 17:00:00,508.8675
2016-03-01 18:00:00,2016-03-01 18:00:00,484.987
2016-03-01 19:00:00,2016-03-01 19:00:00,475.704
2016-03-01 20:00:00,2016-03-01 20:00:00,470.3082
2016-03-01 21:00:00,2016-03-01 21:00:00,465.8522
2016-03-01 22:00:00,2016-03-01 22:00:00,464.5788
2016-03-01 23:00:00,2016-03-01 23:00:00,467.1995
2016-03-02 00:00:00,2016-03-02 00:00:00,462.184
2016-03-02 01:00:00,2016-03-02 01:00:00,459.5555
2016-03-02 02:00:00,2016-03-02 02:00:00,456.475
2016-03-02 03:00:00,2016-03-02 03:00:00,447.1547
2016-03-02 04:00:00,2016-03-02 04:00:00,445.461
2016-03-02 05:00:00,2016-03-02 05:00:00,444.4343
2016-03-02 06:00:00,2016-03-02 06:00:00,457.868
2016-03-02 07:00:00,2016-03-02 07:00:00,460.1297
2016-03-02 08:00:00,2016-03-02 08:00:00,471.1052
2016-03-02 09:00:00,2016-03-02 09:00:00,487.6902
2016-03-02 10:00:00,2016-03-02 10:00:00,513.9662
2016-03-02 11:00:00,2016-03-02 11:00:00,540.3645
2016-03-02 12:00:00,2016-03-02 12:00:00,542.9822
2016-03-02 13:00:00,2016-03-02 13:00:00,525.8093
2016-03-02 14:00:00,2016-03-02 14:00:00,513.4753
2016-03-02 15:00:00,2016-03-02 15:00:00,514.8515
2016-03-02 16:00:00,2016-03-02 16:00:00,510.2038
2016-03-02 17:00:00,2016-03-02 17:00:00,506.1492
2016-03-02 18:00:00,2016-03-02 18:00:00,485.0823
2016-03-02 19:00:00,2016-03-02 19:00:00,477.8712
2016-03-02 20:00:00,2016-03-02 20:00:00,475.8565
2016-03-02 21:00:00,2016-03-02 21:00:00,472.153
2016-03-02 22:00:00,2016-03-02 22:00:00,466.2932
2016-03-02 23:00:00,2016-03-02 23:00:00,461.4233
2016-03-03 00:00:00,2016-03-03 00:00:00,453.6898
2016-03-03 01:00:00,2016-03-03 01:00:00,450.168
2016-03-03 02:00:00,2016-03-03 02:00:00,445.6018
2016-03-03 03:00:00,2016-03-03 03:00:00,447.928
2016-03-03 04:00:00,2016-03-03 04:00:00,443.8505
2016-03-03 05:00:00,2016-03-03 05:00:00,443.965
2016-03-03 06:00:00,2016-03-03 06:00:00,458.8835
2016-03-03 07:00:00,2016-03-03 07:00:00,462.7515
2016-03-03 08:00:00,2016-03-03 08:00:00,473.1603
2016-03-03 09:00:00,2016-03-03 09:00:00,490.4322
2016-03-03 10:00:00,2016-03-03 10:00:00,499.8375
2016-03-03 11:00:00,2016-03-03 11:00:00,508.587
2016-03-03 12:00:00,2016-03-03 12:00:00,517.8398
2016-03-03 13:00:00,2016-03-03 13:00:00,528.247
2016-03-03 14:00:00,2016-03-03 14:00:00,533.81
2016-03-03 15:00:00,2016-03-03 15:00:00,535.1077
2016-03-03 16:00:00,2016-03-03 16:00:00,522.5387
2016-03-03 17:00:00,2016-03-03 17:00:00,507.288
2016-03-03 18:00:00,2016-03-03 18:00:00,488.7643
2016-03-03 19:00:00,2016-03-03 19:00:00,486.1803
2016-03-03 20:00:00,2016-03-03 20:00:00,477.4325
2016-03-03 21:00:00,2016-03-03 21:00:00,477.2687
2016-03-03 22:00:00,2016-03-03 22:00:00,472.7708
2016-03-03 23:00:00,2016-03-03 23:00:00,470.1002
2016-03-04 00:00:00,2016-03-04 00:00:00,470.4542
2016-03-04 01:00:00,2016-03-04 01:00:00,473.593
2016-03-04 02:00:00,2016-03-04 02:00:00,475.2937
2016-03-04 03:00:00,2016-03-04 03:00:00,468.0045
2016-03-04 04:00:00,2016-03-04 04:00:00,467.2112
2016-03-04 05:00:00,2016-03-04 05:00:00,466.7235
2016-03-04 06:00:00,2016-03-04 06:00:00,480.354
2016-03-04 07:00:00,2016-03-04 07:00:00,486.857
2016-03-04 08:00:00,2016-03-04 08:00:00,508.9442
2016-03-04 09:00:00,2016-03-04 09:00:00,528.8643
2016-03-04 10:00:00,2016-03-04 10:00:00,544.636
2016-03-04 11:00:00,2016-03-04 11:00:00,548.8242
2016-03-04 12:00:00,2016-03-04 12:00:00,554.2095
2016-03-04 13:00:00,2016-03-04 13:00:00,555.6478
2016-03-04 14:00:00,2016-03-04 14:00:00,549.781
2016-03-04 15:00:00,2016-03-04 15:00:00,547.6018
2016-03-04 16:00:00,2016-03-04 16:00:00,543.138
2016-03-04 17:00:00,2016-03-04 17:00:00,541.2273
2016-03-04 18:00:00,2016-03-04 18:00:00,528.9473
2016-03-04 19:00:00,2016-03-04 19:00:00,519.151
2016-03-04 20:00:00,2016-03-04 20:00:00,542.7607
2016-03-04 21:00:00,2016-03-04 21:00:00,502.9732
2016-03-04 22:00:00,2016-03-04 22:00:00,497.2135
2016-03-04 23:00:00,2016-03-04 23:00:00,496.9325
2016-03-05 00:00:00,2016-03-05 00:00:00,492.6787
2016-03-05 01:00:00,2016-03-05 01:00:00,486.8413
2016-03-05 02:00:00,2016-03-05 02:00:00,489.051
2016-03-05 03:00:00,2016-03-05 03:00:00,483.1995
2016-03-05 04:00:00,2016-03-05 04:00:00,484.914
2016-03-05 05:00:00,2016-03-05 05:00:00,486.5395
2016-03-05 06:00:00,2016-03-05 06:00:00,487.1005
2016-03-05 07:00:00,2016-03-05 07:00:00,490.142
2016-03-05 08:00:00,2016-03-05 08:00:00,498.7427
2016-03-05 09:00:00,2016-03-05 09:00:00,503.8962
2016-03-05 10:00:00,2016-03-05 10:00:00,502.7813
2016-03-05 11:00:00,2016-03-05 11:00:00,505.1125
2016-03-05 12:00:00,2016-03-05 12:00:00,507.5123
2016-03-05 13:00:00,2016-03-05 13:00:00,504.0685
2016-03-05 14:00:00,2016-03-05 14:00:00,502.6225
2016-03-05 15:00:00,2016-03-05 15:00:00,497.7367
2016-03-05 16:00:00,2016-03-05 16:00:00,498.1185
2016-03-05 17:00:00,2016-03-05 17:00:00,490.585
2016-03-05 18:00:00,2016-03-05 18:00:00,471.288
2016-03-05 19:00:00,2016-03-05 19:00:00,466.7783
2016-03-05 20:00:00,2016-03-05 20:00:00,461.298
2016-03-05 21:00:00,2016-03-05 21:00:00,450.3225
2016-03-05 22:00:00,2016-03-05 22:00:00,445.6505
2016-03-05 23:00:00,2016-03-05 23:00:00,441.3213
2016-03-06 00:00:00,2016-03-06 00:00:00,418.5918
2016-03-06 01:00:00,2016-03-06 01:00:00,417.9865
2016-03-06 02:00:00,2016-03-06 02:00:00,415.3688
2016-03-06 03:00:00,2016-03-06 03:00:00,413.4153
2016-03-06 04:00:00,2016-03-06 04:00:00,413.152
2016-03-06 05:00:00,2016-03-06 05:00:00,412.4345
2016-03-06 06:00:00,2016-03-06 06:00:00,422.535
2016-03-06 07:00:00,2016-03-06 07:00:00,425.917
2016-03-06 08:00:00,2016-03-06 08:00:00,425.81
2016-03-06 09:00:00,2016-03-06 09:00:00,431.0535
2016-03-06 10:00:00,2016-03-06 10:00:00,441.6292
2016-03-06 11:00:00,2016-03-06 11:00:00,441.5587
2016-03-06 12:00:00,2016-03-06 12:00:00,445.6025
2016-03-06 13:00:00,2016-03-06 13:00:00,447.179
2016-03-06 14:00:00,2016-03-06 14:00:00,447.3805
2016-03-06 15:00:00,2016-03-06 15:00:00,445.635
2016-03-06 16:00:00,2016-03-06 16:00:00,445.3657
2016-03-06 17:00:00,2016-03-06 17:00:00,445.2337
2016-03-06 18:00:00,2016-03-06 18:00:00,426.7782
2016-03-06 19:00:00,2016-03-06 19:00:00,420.2073
2016-03-06 20:00:00,2016-03-06 20:00:00,420.2387
2016-03-06 21:00:00,2016-03-06 21:00:00,416.554
2016-03-06 22:00:00,2016-03-06 22:00:00,416.5265
2016-03-06 23:00:00,2016-03-06 23:00:00,413.381
2016-03-07 00:00:00,2016-03-07 00:00:00,413.3895
2016-03-07 01:00:00,2016-03-07 01:00:00,413.8043
2016-03-07 02:00:00,2016-03-07 02:00:00,414.006
2016-03-07 03:00:00,2016-03-07 03:00:00,412.118
2016-03-07 04:00:00,2016-03-07 04:00:00,412.8975
2016-03-07 05:00:00,2016-03-07 05:00:00,412.042
2016-03-07 06:00:00,2016-03-07 06:00:00,426.4965
2016-03-07 07:00:00,2016-03-07 07:00:00,431.0378
2016-03-07 08:00:00,2016-03-07 08:00:00,438.795
2016-03-07 09:00:00,2016-03-07 09:00:00,449.5865
2016-03-07 10:00:00,2016-03-07 10:00:00,452.5615
2016-03-07 11:00:00,2016-03-07 11:00:00,456.3115
2016-03-07 12:00:00,2016-03-07 12:00:00,454.4627
2016-03-07 13:00:00,2016-03-07 13:00:00,452.0753
2016-03-07 14:00:00,2016-03-07 14:00:00,458.028
2016-03-07 15:00:00,2016-03-07 15:00:00,487.7375
2016-03-07 16:00:00,2016-03-07 16:00:00,482.984
2016-03-07 17:00:00,2016-03-07 17:00:00,482.0785
2016-03-07 18:00:00,2016-03-07 18:00:00,466.7132
2016-03-07 19:00:00,2016-03-07 19:00:00,453.3595
2016-03-07 20:00:00,2016-03-07 20:00:00,448.1758
2016-03-07 21:00:00,2016-03-07 21:00:00,442.4995
2016-03-07 22:00:00,2016-03-07 22:00:00,446.1812
2016-03-07 23:00:00,2016-03-07 23:00:00,446.4723
2016-03-08 00:00:00,2016-03-08 00:00:00,442.2335
2016-03-08 01:00:00,2016-03-08 01:00:00,438.1747
2016-03-08 02:00:00,2016-03-08 02:00:00,440.2595
2016-03-08 03:00:00,2016-03-08 03:00:00,437.897
2016-03-08 04:00:00,2016-03-08 04:00:00,436.828
2016-03-08 05:00:00,2016-03-08 05:00:00,435.5092
2016-03-08 06:00:00,2016-03-08 06:00:00,449.447
2016-03-08 07:00:00,2016-03-08 07:00:00,456.721
2016-03-08 08:00:00,2016-03-08 08:00:00,465.5423
2016-03-08 09:00:00,2016-03-08 09:00:00,476.8602
2016-03-08 10:00:00,2016-03-08 10:00:00,481.409
2016-03-08 11:00:00,2016-03-08 11:00:00,492.406
2016-03-08 12:00:00,2016-03-08 12:00:00,492.6885
2016-03-08 13:00:00,2016-03-08 13:00:00,495.8625
2016-03-08 14:00:00,2016-03-08 14:00:00,497.4942
2016-03-08 15:00:00,2016-03-08 15:00:00,497.8665
2016-03-08 16:00:00,2016-03-08 16:00:00,494.5517
2016-03-08 17:00:00,2016-03-08 17:00:00,495.0698
2016-03-08 18:00:00,2016-03-08 18:00:00,475.1917
2016-03-08 19:00:00,2016-03-08 19:00:00,473.4215
2016-03-08 20:00:00,2016-03-08 20:00:00,466.6798
2016-03-08 21:00:00,2016-03-08 21:00:00,453.4525
2016-03-08 22:00:00,2016-03-08 22:00:00,456.1398
2016-03-08 23:00:00,2016-03-08 23:00:00,452.0535
2016-03-09 00:00:00,2016-03-09 00:00:00,449.459
2016-03-09 01:00:00,2016-03-09 01:00:00,447.1358
2016-03-09 02:00:00,2016-03-09 02:00:00,446.392
2016-03-09 03:00:00,2016-03-09 03:00:00,445.3543
2016-03-09 04:00:00,2016-03-09 04:00:00,442.6547
2016-03-09 05:00:00,2016-03-09 05:00:00,441.8648
2016-03-09 06:00:00,2016-03-09 06:00:00,453.3603
2016-03-09 07:00:00,2016-03-09 07:00:00,458.7492
2016-03-09 08:00:00,2016-03-09 08:00:00,466.2173
2016-03-09 09:00:00,2016-03-09 09:00:00,477.1055
2016-03-09 10:00:00,2016-03-09 10:00:00,496.528
2016-03-09 11:00:00,2016-03-09 11:00:00,512.1498
2016-03-09 12:00:00,2016-03-09 12:00:00,513.353
2016-03-09 13:00:00,2016-03-09 13:00:00,517.3377
2016-03-09 14:00:00,2016-03-09 14:00:00,526.4785
2016-03-09 15:00:00,2016-03-09 15:00:00,537.7068
2016-03-09 16:00:00,2016-03-09 16:00:00,532.4778
2016-03-09 17:00:00,2016-03-09 17:00:00,525.9125
2016-03-09 18:00:00,2016-03-09 18:00:00,499.4868
2016-03-09 19:00:00,2016-03-09 19:00:00,484.7167
2016-03-09 20:00:00,2016-03-09 20:00:00,481.8968
2016-03-09 21:00:00,2016-03-09 21:00:00,477.1095
2016-03-09 22:00:00,2016-03-09 22:00:00,474.9967
2016-03-09 23:00:00,2016-03-09 23:00:00,474.2822
2016-03-10 00:00:00,2016-03-10 00:00:00,471.4718
2016-03-10 01:00:00,2016-03-10 01:00:00,467.0857
2016-03-10 02:00:00,2016-03-10 02:00:00,463.3808
2016-03-10 03:00:00,2016-03-10 03:00:00,460.821
2016-03-10 04:00:00,2016-03-10 04:00:00,456.6108
2016-03-10 05:00:00,2016-03-10 05:00:00,456.6013
2016-03-10 06:00:00,2016-03-10 06:00:00,469.9525
2016-03-10 07:00:00,2016-03-10 07:00:00,475.165
2016-03-10 08:00:00,2016-03-10 08:00:00,486.9175
2016-03-10 09:00:00,2016-03-10 09:00:00,502.7118
2016-03-10 10:00:00,2016-03-10 10:00:00,510.8215
2016-03-10 11:00:00,2016-03-10 11:00:00,510.2012
2016-03-10 12:00:00,2016-03-10 12:00:00,510.5588
2016-03-10 13:00:00,2016-03-10 13:00:00,523.7545
2016-03-10 14:00:00,2016-03-10 14:00:00,540.9465
2016-03-10 15:00:00,2016-03-10 15:00:00,531.03
2016-03-10 16:00:00,2016-03-10 16:00:00,526.1003
2016-03-10 17:00:00,2016-03-10 17:00:00,522.731
2016-03-10 18:00:00,2016-03-10 18:00:00,501.0142
2016-03-10 19:00:00,2016-03-10 19:00:00,493.0677
2016-03-10 20:00:00,2016-03-10 20:00:00,489.276
2016-03-10 21:00:00,2016-03-10 21:00:00,475.1503
2016-03-10 22:00:00,2016-03-10 22:00:00,469.9092
2016-03-10 23:00:00,2016-03-10 23:00:00,467.6918
2016-03-11 00:00:00,2016-03-11 00:00:00,458.4993
2016-03-11 01:00:00,2016-03-11 01:00:00,452.359
2016-03-11 02:00:00,2016-03-11 02:00:00,450.4438
2016-03-11 03:00:00,2016-03-11 03:00:00,442.649
2016-03-11 04:00:00,2016-03-11 04:00:00,441.4662
2016-03-11 05:00:00,2016-03-11 05:00:00,435.7198
2016-03-11 06:00:00,2016-03-11 06:00:00,448.0413
2016-03-11 07:00:00,2016-03-11 07:00:00,453.7775
2016-03-11 08:00:00,2016-03-11 08:00:00,464.734
2016-03-11 09:00:00,2016-03-11 09:00:00,475.3563
2016-03-11 10:00:00,2016-03-11 10:00:00,482.9112
2016-03-11 11:00:00,2016-03-11 11:00:00,479.1905
2016-03-11 12:00:00,2016-03-11 12:00:00,479.5333
2016-03-11 13:00:00,2016-03-11 13:00:00,483.9185
2016-03-11 14:00:00,2016-03-11 14:00:00,479.7695
2016-03-11 15:00:00,2016-03-11 15:00:00,484.099
2016-03-11 16:00:00,2016-03-11 16:00:00,476.6647
2016-03-11 17:00:00,2016-03-11 17:00:00,474.0625
2016-03-11 18:00:00,2016-03-11 18:00:00,457.8615
2016-03-11 19:00:00,2016-03-11 19:00:00,451.884
2016-03-11 20:00:00,2016-03-11 20:00:00,452.1075
2016-03-11 21:00:00,2016-03-11 21:00:00,450.5855
2016-03-11 22:00:00,2016-03-11 22:00:00,448.018
2016-03-11 23:00:00,2016-03-11 23:00:00,448.186
2016-03-12 00:00:00,2016-03-12 00:00:00,446.8042
2016-03-12 01:00:00,2016-03-12 01:00:00,443.7145
2016-03-12 02:00:00,2016-03-12 02:00:00,444.7892
2016-03-12 03:00:00,2016-03-12 03:00:00,443.2578
2016-03-12 04:00:00,2016-03-12 04:00:00,442.6985
2016-03-12 05:00:00,2016-03-12 05:00:00,442.0618
2016-03-12 06:00:00,2016-03-12 06:00:00,453.6097
2016-03-12 07:00:00,2016-03-12 07:00:00,454.9442
2016-03-12 08:00:00,2016-03-12 08:00:00,454.5895
2016-03-12 09:00:00,2016-03-12 09:00:00,454.4305
2016-03-12 10:00:00,2016-03-12 10:00:00,458.3497
2016-03-12 11:00:00,2016-03-12 11:00:00,459.5612
2016-03-12 12:00:00,2016-03-12 12:00:00,463.528
2016-03-12 13:00:00,2016-03-12 13:00:00,461.664
2016-03-12 14:00:00,2016-03-12 14:00:00,461.2285
2016-03-12 15:00:00,2016-03-12 15:00:00,461.3675
2016-03-12 16:00:00,2016-03-12 16:00:00,462.2757
2016-03-12 17:00:00,2016-03-12 17:00:00,463.348
2016-03-12 18:00:00,2016-03-12 18:00:00,449.19
2016-03-12 19:00:00,2016-03-12 19:00:00,444.0327
2016-03-12 20:00:00,2016-03-12 20:00:00,444.0342
2016-03-12 21:00:00,2016-03-12 21:00:00,439.6518
2016-03-12 22:00:00,2016-03-12 22:00:00,441.5903
2016-03-12 23:00:00,2016-03-12 23:00:00,442.4168
2016-03-13 00:00:00,2016-03-13 00:00:00,447.045
2016-03-13 01:00:00,2016-03-13 01:00:00,448.929
2016-03-13 03:00:00,2016-03-13 03:00:00,444.4232
2016-03-13 04:00:00,2016-03-13 04:00:00,440.9602
2016-03-13 05:00:00,2016-03-13 05:00:00,439.9015
2016-03-13 06:00:00,2016-03-13 06:00:00,454.1778
2016-03-13 07:00:00,2016-03-13 07:00:00,455.8625
2016-03-13 08:00:00,2016-03-13 08:00:00,456.5177
2016-03-13 09:00:00,2016-03-13 09:00:00,458.1175
2016-03-13 10:00:00,2016-03-13 10:00:00,455.8777
2016-03-13 11:00:00,2016-03-13 11:00:00,455.5775
2016-03-13 12:00:00,2016-03-13 12:00:00,455.5125
2016-03-13 13:00:00,2016-03-13 13:00:00,462.051
2016-03-13 14:00:00,2016-03-13 14:00:00,461.955
2016-03-13 15:00:00,2016-03-13 15:00:00,464.4995
2016-03-13 16:00:00,2016-03-13 16:00:00,468.2157
2016-03-13 17:00:00,2016-03-13 17:00:00,466.5605
2016-03-13 18:00:00,2016-03-13 18:00:00,459.3538
2016-03-13 19:00:00,2016-03-13 19:00:00,463.49
2016-03-13 20:00:00,2016-03-13 20:00:00,468.6108
2016-03-13 21:00:00,2016-03-13 21:00:00,467.945
2016-03-13 22:00:00,2016-03-13 22:00:00,466.667
2016-03-13 23:00:00,2016-03-13 23:00:00,463.5752
2016-03-14 00:00:00,2016-03-14 00:00:00,446.325
2016-03-14 01:00:00,2016-03-14 01:00:00,449.3655
2016-03-14 02:00:00,2016-03-14 02:00:00,445.6345
2016-03-14 03:00:00,2016-03-14 03:00:00,434.5825
2016-03-14 04:00:00,2016-03-14 04:00:00,437.0062
2016-03-14 05:00:00,2016-03-14 05:00:00,437.7538
2016-03-14 06:00:00,2016-03-14 06:00:00,445.8057
2016-03-14 07:00:00,2016-03-14 07:00:00,449.5638
2016-03-14 08:00:00,2016-03-14 08:00:00,459.218
2016-03-14 09:00:00,2016-03-14 09:00:00,467.6667
2016-03-14 10:00:00,2016-03-14 10:00:00,477.1372
2016-03-14 11:00:00,2016-03-14 11:00:00,483.2328
2016-03-14 12:00:00,2016-03-14 12:00:00,490.807
2016-03-14 13:00:00,2016-03-14 13:00:00,488.8852
2016-03-14 14:00:00,2016-03-14 14:00:00,500.791
2016-03-14 15:00:00,2016-03-14 15:00:00,497.8493
2016-03-14 16:00:00,2016-03-14 16:00:00,497.2115
2016-03-14 17:00:00,2016-03-14 17:00:00,491.767
2016-03-14 18:00:00,2016-03-14 18:00:00,477.9948
2016-03-14 19:00:00,2016-03-14 19:00:00,456.7312
2016-03-14 20:00:00,2016-03-14 20:00:00,451.5164
2016-03-14 21:00:00,2016-03-14 21:00:00,451.116
2016-03-14 22:00:00,2016-03-14 22:00:00,452.125
2016-03-14 23:00:00,2016-03-14 23:00:00,450.2943
2016-03-15 00:00:00,2016-03-15 00:00:00,450.2015
2016-03-15 01:00:00,2016-03-15 01:00:00,448.2308
2016-03-15 02:00:00,2016-03-15 02:00:00,450.7543
2016-03-15 03:00:00,2016-03-15 03:00:00,449.957
2016-03-15 04:00:00,2016-03-15 04:00:00,447.6973
2016-03-15 05:00:00,2016-03-15 05:00:00,446.2037
2016-03-15 06:00:00,2016-03-15 06:00:00,459.831
2016-03-15 07:00:00,2016-03-15 07:00:00,467.6407
2016-03-15 08:00:00,2016-03-15 08:00:00,481.416
2016-03-15 09:00:00,2016-03-15 09:00:00,481.067
2016-03-15 10:00:00,2016-03-15 10:00:00,482.7825
2016-03-15 11:00:00,2016-03-15 11:00:00,492.7489
2016-03-15 12:00:00,2016-03-15 12:00:00,507.4156
2016-03-15 13:00:00,2016-03-15 13:00:00,513.006
2016-03-15 14:00:00,2016-03-15 14:00:00,521.232
2016-03-15 15:00:00,2016-03-15 15:00:00,517.3895
2016-03-15 16:00:00,2016-03-15 16:00:00,507.9355
2016-03-15 17:00:00,2016-03-15 17:00:00,502.1745
2016-03-15 18:00:00,2016-03-15 18:00:00,482.648
2016-03-15 19:00:00,2016-03-15 19:00:00,473.5718
2016-03-15 20:00:00,2016-03-15 20:00:00,463.8742
2016-03-15 21:00:00,2016-03-15 21:00:00,452.3615
2016-03-15 22:00:00,2016-03-15 22:00:00,448.8147
2016-03-15 23:00:00,2016-03-15 23:00:00,442.6085
2016-03-16 00:00:00,2016-03-16 00:00:00,438.515
2016-03-16 01:00:00,2016-03-16 01:00:00,434.6273
2016-03-16 02:00:00,2016-03-16 02:00:00,433.8398
2016-03-16 03:00:00,2016-03-16 03:00:00,438.4908
2016-03-16 04:00:00,2016-03-16 04:00:00,437.399
2016-03-16 05:00:00,2016-03-16 05:00:00,439.8438
2016-03-16 06:00:00,2016-03-16 06:00:00,451.0285
2016-03-16 07:00:00,2016-03-16 07:00:00,454.6052
2016-03-16 08:00:00,2016-03-16 08:00:00,465.1682
2016-03-16 09:00:00,2016-03-16 09:00:00,477.8907
2016-03-16 10:00:00,2016-03-16 10:00:00,497.129
2016-03-16 11:00:00,2016-03-16 11:00:00,504.6497
2016-03-16 12:00:00,2016-03-16 12:00:00,515.0715
2016-03-16 13:00:00,2016-03-16 13:00:00,528.551
2016-03-16 14:00:00,2016-03-16 14:00:00,538.3322
2016-03-16 15:00:00,2016-03-16 15:00:00,542.6495
2016-03-16 16:00:00,2016-03-16 16:00:00,540.2303
2016-03-16 17:00:00,2016-03-16 17:00:00,527.757
2016-03-16 18:00:00,2016-03-16 18:00:00,493.6165
2016-03-16 19:00:00,2016-03-16 19:00:00,472.2487
2016-03-16 20:00:00,2016-03-16 20:00:00,464.4547
2016-03-16 21:00:00,2016-03-16 21:00:00,460.6975
2016-03-16 22:00:00,2016-03-16 22:00:00,458.1985
2016-03-16 23:00:00,2016-03-16 23:00:00,452.37
2016-03-17 00:00:00,2016-03-17 00:00:00,449.9767
2016-03-17 01:00:00,2016-03-17 01:00:00,450.5635
2016-03-17 02:00:00,2016-03-17 02:00:00,448.758
2016-03-17 03:00:00,2016-03-17 03:00:00,448.173
2016-03-17 04:00:00,2016-03-17 04:00:00,444.9558
2016-03-17 05:00:00,2016-03-17 05:00:00,446.66
2016-03-17 06:00:00,2016-03-17 06:00:00,450.2503
2016-03-17 07:00:00,2016-03-17 07:00:00,454.4405
2016-03-17 08:00:00,2016-03-17 08:00:00,468.0112
2016-03-17 09:00:00,2016-03-17 09:00:00,485.933
2016-03-17 10:00:00,2016-03-17 10:00:00,506.5092
2016-03-17 11:00:00,2016-03-17 11:00:00,530.8448
2016-03-17 12:00:00,2016-03-17 12:00:00,545.418
2016-03-17 13:00:00,2016-03-17 13:00:00,554.268
2016-03-17 14:00:00,2016-03-17 14:00:00,563.9715
2016-03-17 15:00:00,2016-03-17 15:00:00,568.4962
2016-03-17 16:00:00,2016-03-17 16:00:00,568.6652
2016-03-17 17:00:00,2016-03-17 17:00:00,560.0938
2016-03-17 18:00:00,2016-03-17 18:00:00,515.0587
2016-03-17 19:00:00,2016-03-17 19:00:00,500.3752
2016-03-17 20:00:00,2016-03-17 20:00:00,473.8585
2016-03-17 21:00:00,2016-03-17 21:00:00,465.388
2016-03-17 22:00:00,2016-03-17 22:00:00,460.5623
2016-03-17 23:00:00,2016-03-17 23:00:00,446.778
2016-03-18 00:00:00,2016-03-18 00:00:00,437.3272
2016-03-18 01:00:00,2016-03-18 01:00:00,433.9285
2016-03-18 02:00:00,2016-03-18 02:00:00,433.5238
2016-03-18 03:00:00,2016-03-18 03:00:00,433.2593
2016-03-18 04:00:00,2016-03-18 04:00:00,432.7395
2016-03-18 05:00:00,2016-03-18 05:00:00,431.787
2016-03-18 06:00:00,2016-03-18 06:00:00,444.8607
2016-03-18 07:00:00,2016-03-18 07:00:00,448.6522
2016-03-18 08:00:00,2016-03-18 08:00:00,456.634
2016-03-18 09:00:00,2016-03-18 09:00:00,467.6205
2016-03-18 10:00:00,2016-03-18 10:00:00,473.3463
2016-03-18 11:00:00,2016-03-18 11:00:00,479.0815
2016-03-18 12:00:00,2016-03-18 12:00:00,488.8589
2016-03-18 13:00:00,2016-03-18 13:00:00,494.2165
2016-03-18 14:00:00,2016-03-18 14:00:00,500.8108
2016-03-18 15:00:00,2016-03-18 15:00:00,501.7802
2016-03-18 16:00:00,2016-03-18 16:00:00,493.2142
2016-03-18 17:00:00,2016-03-18 17:00:00,482.8895
2016-03-18 18:00:00,2016-03-18 18:00:00,465.022
2016-03-18 19:00:00,2016-03-18 19:00:00,458.9415
2016-03-18 20:00:00,2016-03-18 20:00:00,439.9495
2016-03-18 21:00:00,2016-03-18 21:00:00,439.3262
2016-03-18 22:00:00,2016-03-18 22:00:00,436.4865
2016-03-18 23:00:00,2016-03-18 23:00:00,434.6897
2016-03-19 00:00:00,2016-03-19 00:00:00,434.273
2016-03-19 01:00:00,2016-03-19 01:00:00,432.2513
2016-03-19 02:00:00,2016-03-19 02:00:00,429.4505
2016-03-19 03:00:00,2016-03-19 03:00:00,428.8907
2016-03-19 04:00:00,2016-03-19 04:00:00,428.8868
2016-03-19 05:00:00,2016-03-19 05:00:00,429.099
2016-03-19 06:00:00,2016-03-19 06:00:00,439.605
2016-03-19 07:00:00,2016-03-19 07:00:00,444.9989
2016-03-19 08:00:00,2016-03-19 08:00:00,444.7037
2016-03-19 09:00:00,2016-03-19 09:00:00,447.7302
2016-03-19 10:00:00,2016-03-19 10:00:00,449.938
2016-03-19 11:00:00,2016-03-19 11:00:00,461.1005
2016-03-19 12:00:00,2016-03-19 12:00:00,468.3545
2016-03-19 13:00:00,2016-03-19 13:00:00,485.774
2016-03-19 14:00:00,2016-03-19 14:00:00,490.5405
2016-03-19 15:00:00,2016-03-19 15:00:00,488.1877
2016-03-19 16:00:00,2016-03-19 16:00:00,486.278
2016-03-19 17:00:00,2016-03-19 17:00:00,475.5485
2016-03-19 18:00:00,2016-03-19 18:00:00,456.6705
2016-03-19 19:00:00,2016-03-19 19:00:00,452.7055
2016-03-19 20:00:00,2016-03-19 20:00:00,450.8723
2016-03-19 21:00:00,2016-03-19 21:00:00,449.2947
2016-03-19 22:00:00,2016-03-19 22:00:00,448.1983
2016-03-19 23:00:00,2016-03-19 23:00:00,441.9095
2016-03-20 00:00:00,2016-03-20 00:00:00,438.133
2016-03-20 01:00:00,2016-03-20 01:00:00,437.991
2016-03-20 02:00:00,2016-03-20 02:00:00,433.2595
2016-03-20 03:00:00,2016-03-20 03:00:00,432.5918
2016-03-20 04:00:00,2016-03-20 04:00:00,432.049
2016-03-20 05:00:00,2016-03-20 05:00:00,432.0027
2016-03-20 06:00:00,2016-03-20 06:00:00,441.1907
2016-03-20 07:00:00,2016-03-20 07:00:00,448.1005
2016-03-20 08:00:00,2016-03-20 08:00:00,454.1718
2016-03-20 09:00:00,2016-03-20 09:00:00,462.2063
2016-03-20 10:00:00,2016-03-20 10:00:00,469.642
2016-03-20 11:00:00,2016-03-20 11:00:00,478.151
2016-03-20 12:00:00,2016-03-20 12:00:00,486.5065
2016-03-20 13:00:00,2016-03-20 13:00:00,492.8198
2016-03-20 14:00:00,2016-03-20 14:00:00,487.221
2016-03-20 15:00:00,2016-03-20 15:00:00,490.0425
2016-03-20 16:00:00,2016-03-20 16:00:00,490.0375
2016-03-20 17:00:00,2016-03-20 17:00:00,482.8395
2016-03-20 18:00:00,2016-03-20 18:00:00,469.9245
2016-03-20 19:00:00,2016-03-20 19:00:00,460.6018
2016-03-20 20:00:00,2016-03-20 20:00:00,458.492
2016-03-20 21:00:00,2016-03-20 21:00:00,456.9365
2016-03-20 22:00:00,2016-03-20 22:00:00,451.326
2016-03-20 23:00:00,2016-03-20 23:00:00,449.068
2016-03-21 00:00:00,2016-03-21 00:00:00,433.1757
2016-03-21 01:00:00,2016-03-21 01:00:00,436.3547
2016-03-21 02:00:00,2016-03-21 02:00:00,432.4818
2016-03-21 03:00:00,2016-03-21 03:00:00,433.1077
2016-03-21 04:00:00,2016-03-21 04:00:00,430.6295
2016-03-21 05:00:00,2016-03-21 05:00:00,432.9622
2016-03-21 06:00:00,2016-03-21 06:00:00,441.4555
2016-03-21 07:00:00,2016-03-21 07:00:00,444.7845
2016-03-21 08:00:00,2016-03-21 08:00:00,454.4975
2016-03-21 09:00:00,2016-03-21 09:00:00,468.4028
2016-03-21 10:00:00,2016-03-21 10:00:00,479.266
2016-03-21 11:00:00,2016-03-21 11:00:00,490.1473
2016-03-21 12:00:00,2016-03-21 12:00:00,488.7795
2016-03-21 13:00:00,2016-03-21 13:00:00,487.8165
2016-03-21 14:00:00,2016-03-21 14:00:00,480.303
2016-03-21 15:00:00,2016-03-21 15:00:00,482.8865
2016-03-21 16:00:00,2016-03-21 16:00:00,479.3398
2016-03-21 17:00:00,2016-03-21 17:00:00,470.1645
2016-03-21 18:00:00,2016-03-21 18:00:00,456.926
2016-03-21 19:00:00,2016-03-21 19:00:00,448.5215
2016-03-21 20:00:00,2016-03-21 20:00:00,442.6728
2016-03-21 21:00:00,2016-03-21 21:00:00,440.499
2016-03-21 22:00:00,2016-03-21 22:00:00,438.1388
2016-03-21 23:00:00,2016-03-21 23:00:00,433.0368
2016-03-22 00:00:00,2016-03-22 00:00:00,432.442
2016-03-22 01:00:00,2016-03-22 01:00:00,432.4618
2016-03-22 02:00:00,2016-03-22 02:00:00,433.4785
2016-03-22 03:00:00,2016-03-22 03:00:00,435.0142
2016-03-22 04:00:00,2016-03-22 04:00:00,434.1228
2016-03-22 05:00:00,2016-03-22 05:00:00,435.5722
2016-03-22 06:00:00,2016-03-22 06:00:00,449.198
2016-03-22 07:00:00,2016-03-22 07:00:00,449.6775
2016-03-22 08:00:00,2016-03-22 08:00:00,451.0982
2016-03-22 09:00:00,2016-03-22 09:00:00,461.3132
2016-03-22 10:00:00,2016-03-22 10:00:00,463.8472
2016-03-22 11:00:00,2016-03-22 11:00:00,470.9512
2016-03-22 12:00:00,2016-03-22 12:00:00,476.4885
2016-03-22 13:00:00,2016-03-22 13:00:00,482.8125
2016-03-22 14:00:00,2016-03-22 14:00:00,486.0487
2016-03-22 15:00:00,2016-03-22 15:00:00,485.768
2016-03-22 16:00:00,2016-03-22 16:00:00,484.8655
2016-03-22 17:00:00,2016-03-22 17:00:00,483.135
2016-03-22 18:00:00,2016-03-22 18:00:00,468.5363
2016-03-22 19:00:00,2016-03-22 19:00:00,455.0478
2016-03-22 20:00:00,2016-03-22 20:00:00,449.8937
2016-03-22 21:00:00,2016-03-22 21:00:00,443.3587
2016-03-22 22:00:00,2016-03-22 22:00:00,445.8115
2016-03-22 23:00:00,2016-03-22 23:00:00,440.259
2016-03-23 00:00:00,2016-03-23 00:00:00,436.5662
2016-03-23 01:00:00,2016-03-23 01:00:00,433.7345
2016-03-23 02:00:00,2016-03-23 02:00:00,433.0675
2016-03-23 03:00:00,2016-03-23 03:00:00,430.9202
2016-03-23 04:00:00,2016-03-23 04:00:00,432.7467
2016-03-23 05:00:00,2016-03-23 05:00:00,432.8875
2016-03-23 06:00:00,2016-03-23 06:00:00,443.0785
2016-03-23 07:00:00,2016-03-23 07:00:00,449.6543
2016-03-23 08:00:00,2016-03-23 08:00:00,455.6365
2016-03-23 09:00:00,2016-03-23 09:00:00,460.1478
2016-03-23 10:00:00,2016-03-23 10:00:00,474.4123
2016-03-23 11:00:00,2016-03-23 11:00:00,486.6075
2016-03-23 12:00:00,2016-03-23 12:00:00,494.5115
2016-03-23 13:00:00,2016-03-23 13:00:00,506.6725
2016-03-23 14:00:00,2016-03-23 14:00:00,505.5445
2016-03-23 15:00:00,2016-03-23 15:00:00,503.1048
2016-03-23 16:00:00,2016-03-23 16:00:00,499.797
2016-03-23 17:00:00,2016-03-23 17:00:00,489.4527
2016-03-23 18:00:00,2016-03-23 18:00:00,470.186
2016-03-23 19:00:00,2016-03-23 19:00:00,466.4092
2016-03-23 20:00:00,2016-03-23 20:00:00,458.8165
2016-03-23 21:00:00,2016-03-23 21:00:00,447.6445
2016-03-23 22:00:00,2016-03-23 22:00:00,442.1467
2016-03-23 23:00:00,2016-03-23 23:00:00,438.2893
2016-03-24 00:00:00,2016-03-24 00:00:00,435.6717
2016-03-24 01:00:00,2016-03-24 01:00:00,437.7102
2016-03-24 02:00:00,2016-03-24 02:00:00,435.7662
2016-03-24 03:00:00,2016-03-24 03:00:00,435.7995
2016-03-24 04:00:00,2016-03-24 04:00:00,435.2313
2016-03-24 05:00:00,2016-03-24 05:00:00,436.789
2016-03-24 06:00:00,2016-03-24 06:00:00,445.7213
2016-03-24 07:00:00,2016-03-24 07:00:00,452.4948
2016-03-24 08:00:00,2016-03-24 08:00:00,461.0242
2016-03-24 09:00:00,2016-03-24 09:00:00,468.0518
2016-03-24 10:00:00,2016-03-24 10:00:00,476.8692
2016-03-24 11:00:00,2016-03-24 11:00:00,494.9977
2016-03-24 12:00:00,2016-03-24 12:00:00,512.8115
2016-03-24 13:00:00,2016-03-24 13:00:00,524.6163
2016-03-24 14:00:00,2016-03-24 14:00:00,539.1272
2016-03-24 15:00:00,2016-03-24 15:00:00,529.9
2016-03-24 16:00:00,2016-03-24 16:00:00,523.6692
2016-03-24 17:00:00,2016-03-24 17:00:00,514.6842
2016-03-24 18:00:00,2016-03-24 18:00:00,487.9217
2016-03-24 19:00:00,2016-03-24 19:00:00,472.9973
2016-03-24 20:00:00,2016-03-24 20:00:00,461.1755
2016-03-24 21:00:00,2016-03-24 21:00:00,446.8758
2016-03-24 22:00:00,2016-03-24 22:00:00,437.7245
2016-03-24 23:00:00,2016-03-24 23:00:00,438.1903
2016-03-25 00:00:00,2016-03-25 00:00:00,434.5102
2016-03-25 01:00:00,2016-03-25 01:00:00,428.3085
2016-03-25 02:00:00,2016-03-25 02:00:00,425.9635
2016-03-25 03:00:00,2016-03-25 03:00:00,428.3182
2016-03-25 04:00:00,2016-03-25 04:00:00,428.401
2016-03-25 05:00:00,2016-03-25 05:00:00,426.9523
2016-03-25 06:00:00,2016-03-25 06:00:00,438.2858
2016-03-25 07:00:00,2016-03-25 07:00:00,441.1968
2016-03-25 08:00:00,2016-03-25 08:00:00,448.9225
2016-03-25 09:00:00,2016-03-25 09:00:00,464.28
2016-03-25 10:00:00,2016-03-25 10:00:00,469.4195
2016-03-25 11:00:00,2016-03-25 11:00:00,482.6907
2016-03-25 12:00:00,2016-03-25 12:00:00,489.644
2016-03-25 13:00:00,2016-03-25 13:00:00,508.4773
2016-03-25 14:00:00,2016-03-25 14:00:00,506.7128
2016-03-25 15:00:00,2016-03-25 15:00:00,500.0998
2016-03-25 16:00:00,2016-03-25 16:00:00,500.7768
2016-03-25 17:00:00,2016-03-25 17:00:00,493.313
2016-03-25 18:00:00,2016-03-25 18:00:00,478.248
2016-03-25 19:00:00,2016-03-25 19:00:00,458.2442
2016-03-25 20:00:00,2016-03-25 20:00:00,448.8758
2016-03-25 21:00:00,2016-03-25 21:00:00,448.6495
2016-03-25 22:00:00,2016-03-25 22:00:00,446.0477
2016-03-25 23:00:00,2016-03-25 23:00:00,433.12
2016-03-26 00:00:00,2016-03-26 00:00:00,436.2602
2016-03-26 01:00:00,2016-03-26 01:00:00,432.3673
2016-03-26 02:00:00,2016-03-26 02:00:00,430.4305
2016-03-26 03:00:00,2016-03-26 03:00:00,430.441
2016-03-26 04:00:00,2016-03-26 04:00:00,427.0823
2016-03-26 05:00:00,2016-03-26 05:00:00,426.2083
2016-03-26 06:00:00,2016-03-26 06:00:00,437.8278
2016-03-26 07:00:00,2016-03-26 07:00:00,439.1518
2016-03-26 08:00:00,2016-03-26 08:00:00,442.7412
2016-03-26 09:00:00,2016-03-26 09:00:00,451.618
2016-03-26 10:00:00,2016-03-26 10:00:00,465.28
2016-03-26 11:00:00,2016-03-26 11:00:00,476.5313
2016-03-26 12:00:00,2016-03-26 12:00:00,488.71
2016-03-26 13:00:00,2016-03-26 13:00:00,495.1442
2016-03-26 14:00:00,2016-03-26 14:00:00,502.3695
2016-03-26 15:00:00,2016-03-26 15:00:00,508.739
2016-03-26 16:00:00,2016-03-26 16:00:00,510.2775
2016-03-26 17:00:00,2016-03-26 17:00:00,502.1998
2016-03-26 18:00:00,2016-03-26 18:00:00,477.9435
2016-03-26 19:00:00,2016-03-26 19:00:00,458.8348
2016-03-26 20:00:00,2016-03-26 20:00:00,450.8105
2016-03-26 21:00:00,2016-03-26 21:00:00,445.549
2016-03-26 22:00:00,2016-03-26 22:00:00,444.7832
2016-03-26 23:00:00,2016-03-26 23:00:00,446.4605
2016-03-27 00:00:00,2016-03-27 00:00:00,446.7513
2016-03-27 01:00:00,2016-03-27 01:00:00,446.399
2016-03-27 02:00:00,2016-03-27 02:00:00,441.1918
2016-03-27 03:00:00,2016-03-27 03:00:00,435.1738
2016-03-27 04:00:00,2016-03-27 04:00:00,434.8385
2016-03-27 05:00:00,2016-03-27 05:00:00,433.7382
2016-03-27 06:00:00,2016-03-27 06:00:00,440.838
2016-03-27 07:00:00,2016-03-27 07:00:00,444.1573
2016-03-27 08:00:00,2016-03-27 08:00:00,445.165
2016-03-27 09:00:00,2016-03-27 09:00:00,444.078
2016-03-27 10:00:00,2016-03-27 10:00:00,453.7495
2016-03-27 11:00:00,2016-03-27 11:00:00,469.3188
2016-03-27 12:00:00,2016-03-27 12:00:00,472.2923
2016-03-27 13:00:00,2016-03-27 13:00:00,476.629
2016-03-27 14:00:00,2016-03-27 14:00:00,476.1592
2016-03-27 15:00:00,2016-03-27 15:00:00,478.536
2016-03-27 16:00:00,2016-03-27 16:00:00,480.3947
2016-03-27 17:00:00,2016-03-27 17:00:00,474.1988
2016-03-27 18:00:00,2016-03-27 18:00:00,453.2743
2016-03-27 19:00:00,2016-03-27 19:00:00,448.2003
2016-03-27 20:00:00,2016-03-27 20:00:00,441.8503
2016-03-27 21:00:00,2016-03-27 21:00:00,437.6017
2016-03-27 22:00:00,2016-03-27 22:00:00,435.1125
2016-03-27 23:00:00,2016-03-27 23:00:00,431.5552
2016-03-28 00:00:00,2016-03-28 00:00:00,429.1643
2016-03-28 01:00:00,2016-03-28 01:00:00,432.7845
2016-03-28 02:00:00,2016-03-28 02:00:00,430.5515
2016-03-28 03:00:00,2016-03-28 03:00:00,430.116
2016-03-28 04:00:00,2016-03-28 04:00:00,429.902
2016-03-28 05:00:00,2016-03-28 05:00:00,428.5775
2016-03-28 06:00:00,2016-03-28 06:00:00,437.6048
2016-03-28 07:00:00,2016-03-28 07:00:00,445.895
2016-03-28 08:00:00,2016-03-28 08:00:00,455.4255
2016-03-28 09:00:00,2016-03-28 09:00:00,465.2785
2016-03-28 10:00:00,2016-03-28 10:00:00,468.5002
2016-03-28 11:00:00,2016-03-28 11:00:00,472.0698
2016-03-28 12:00:00,2016-03-28 12:00:00,481.7513
2016-03-28 13:00:00,2016-03-28 13:00:00,487.9095
2016-03-28 14:00:00,2016-03-28 14:00:00,493.1555
2016-03-28 15:00:00,2016-03-28 15:00:00,493.3778
2016-03-28 16:00:00,2016-03-28 16:00:00,487.577
2016-03-28 17:00:00,2016-03-28 17:00:00,478.368
2016-03-28 18:00:00,2016-03-28 18:00:00,458.0672
2016-03-28 19:00:00,2016-03-28 19:00:00,448.5665
2016-03-28 20:00:00,2016-03-28 20:00:00,438.1793
2016-03-28 21:00:00,2016-03-28 21:00:00,439.6443
2016-03-28 22:00:00,2016-03-28 22:00:00,433.0703
2016-03-28 23:00:00,2016-03-28 23:00:00,425.3595
2016-03-29 00:00:00,2016-03-29 00:00:00,424.7886
2016-03-29 01:00:00,2016-03-29 01:00:00,424.881
2016-03-29 02:00:00,2016-03-29 02:00:00,425.857
2016-03-29 03:00:00,2016-03-29 03:00:00,423.4712
2016-03-29 04:00:00,2016-03-29 04:00:00,422.486
2016-03-29 05:00:00,2016-03-29 05:00:00,422.8553
2016-03-29 06:00:00,2016-03-29 06:00:00,433.6505
2016-03-29 07:00:00,2016-03-29 07:00:00,438.8575
2016-03-29 08:00:00,2016-03-29 08:00:00,455.3908
2016-03-29 09:00:00,2016-03-29 09:00:00,473.738
2016-03-29 10:00:00,2016-03-29 10:00:00,480.287
2016-03-29 11:00:00,2016-03-29 11:00:00,489.773
2016-03-29 12:00:00,2016-03-29 12:00:00,498.6195
2016-03-29 13:00:00,2016-03-29 13:00:00,499.461
2016-03-29 14:00:00,2016-03-29 14:00:00,507.9448
2016-03-29 15:00:00,2016-03-29 15:00:00,502.6092
2016-03-29 16:00:00,2016-03-29 16:00:00,500.2165
2016-03-29 17:00:00,2016-03-29 17:00:00,491.111
2016-03-29 18:00:00,2016-03-29 18:00:00,468.4032
2016-03-29 19:00:00,2016-03-29 19:00:00,459.0043
2016-03-29 20:00:00,2016-03-29 20:00:00,441.8272
2016-03-29 21:00:00,2016-03-29 21:00:00,440.0888
2016-03-29 22:00:00,2016-03-29 22:00:00,442.3625
2016-03-29 23:00:00,2016-03-29 23:00:00,440.3175
2016-03-30 00:00:00,2016-03-30 00:00:00,432.7065
2016-03-30 01:00:00,2016-03-30 01:00:00,432.0495
2016-03-30 02:00:00,2016-03-30 02:00:00,429.6145
2016-03-30 03:00:00,2016-03-30 03:00:00,430.4702
2016-03-30 04:00:00,2016-03-30 04:00:00,428.8612
2016-03-30 05:00:00,2016-03-30 05:00:00,427.928
2016-03-30 06:00:00,2016-03-30 06:00:00,442.1502
2016-03-30 07:00:00,2016-03-30 07:00:00,445.5545
2016-03-30 08:00:00,2016-03-30 08:00:00,457.8352
2016-03-30 09:00:00,2016-03-30 09:00:00,468.2147
2016-03-30 10:00:00,2016-03-30 10:00:00,480.4663
2016-03-30 11:00:00,2016-03-30 11:00:00,490.8798
2016-03-30 12:00:00,2016-03-30 12:00:00,495.4255
2016-03-30 13:00:00,2016-03-30 13:00:00,499.585
2016-03-30 14:00:00,2016-03-30 14:00:00,496.6577
2016-03-30 15:00:00,2016-03-30 15:00:00,494.139
2016-03-30 16:00:00,2016-03-30 16:00:00,492.365
2016-03-30 17:00:00,2016-03-30 17:00:00,488.7912
2016-03-30 18:00:00,2016-03-30 18:00:00,470.8213
2016-03-30 19:00:00,2016-03-30 19:00:00,452.9368
2016-03-30 20:00:00,2016-03-30 20:00:00,449.3055
2016-03-30 21:00:00,2016-03-30 21:00:00,442.3618
2016-03-30 22:00:00,2016-03-30 22:00:00,443.244
2016-03-30 23:00:00,2016-03-30 23:00:00,438.529
2016-03-31 00:00:00,2016-03-31 00:00:00,432.1258
2016-03-31 01:00:00,2016-03-31 01:00:00,427.358
2016-03-31 02:00:00,2016-03-31 02:00:00,428.2772
2016-03-31 03:00:00,2016-03-31 03:00:00,424.8345
2016-03-31 04:00:00,2016-03-31 04:00:00,425.693
2016-03-31 05:00:00,2016-03-31 05:00:00,423.7038
2016-03-31 06:00:00,2016-03-31 06:00:00,435.8968
2016-03-31 07:00:00,2016-03-31 07:00:00,440.0013
2016-03-31 08:00:00,2016-03-31 08:00:00,453.673
2016-03-31 09:00:00,2016-03-31 09:00:00,470.704
2016-03-31 10:00:00,2016-03-31 10:00:00,485.7082
2016-03-31 11:00:00,2016-03-31 11:00:00,493.4352
2016-03-31 12:00:00,2016-03-31 12:00:00,503.879
2016-03-31 13:00:00,2016-03-31 13:00:00,500.6672
2016-03-31 14:00:00,2016-03-31 14:00:00,502.5833
2016-03-31 15:00:00,2016-03-31 15:00:00,503.2222
2016-03-31 16:00:00,2016-03-31 16:00:00,499.7685
2016-03-31 17:00:00,2016-03-31 17:00:00,491.5827
2016-03-31 18:00:00,2016-03-31 18:00:00,476.1127
2016-03-31 19:00:00,2016-03-31 19:00:00,465.1847
2016-03-31 20:00:00,2016-03-31 20:00:00,450.1095
2016-03-31 21:00:00,2016-03-31 21:00:00,442.069
2016-03-31 22:00:00,2016-03-31 22:00:00,440.2215
2016-03-31 23:00:00,2016-03-31 23:00:00,442.0615
2016-04-01 00:00:00,2016-04-01 00:00:00,436.9658
2016-04-01 01:00:00,2016-04-01 01:00:00,434.8915
2016-04-01 02:00:00,2016-04-01 02:00:00,432.7805
2016-04-01 03:00:00,2016-04-01 03:00:00,432.1055
2016-04-01 04:00:00,2016-04-01 04:00:00,434.5935
2016-04-01 05:00:00,2016-04-01 05:00:00,432.0825
2016-04-01 06:00:00,2016-04-01 06:00:00,443.9625
2016-04-01 07:00:00,2016-04-01 07:00:00,452.0758
2016-04-01 08:00:00,2016-04-01 08:00:00,461.5385
2016-04-01 09:00:00,2016-04-01 09:00:00,475.5088
2016-04-01 10:00:00,2016-04-01 10:00:00,484.2242
2016-04-01 11:00:00,2016-04-01 11:00:00,490.0292
2016-04-01 12:00:00,2016-04-01 12:00:00,492.6777
2016-04-01 13:00:00,2016-04-01 13:00:00,499.2078
2016-04-01 14:00:00,2016-04-01 14:00:00,499.425
2016-04-01 15:00:00,2016-04-01 15:00:00,498.4682
2016-04-01 16:00:00,2016-04-01 16:00:00,493.4168
2016-04-01 17:00:00,2016-04-01 17:00:00,486.7077
2016-04-01 18:00:00,2016-04-01 18:00:00,472.8012
2016-04-01 19:00:00,2016-04-01 19:00:00,454.8877
2016-04-01 20:00:00,2016-04-01 20:00:00,445.4003
2016-04-01 21:00:00,2016-04-01 21:00:00,442.1632
2016-04-01 22:00:00,2016-04-01 22:00:00,439.4848
2016-04-01 23:00:00,2016-04-01 23:00:00,435.7943
2016-04-02 00:00:00,2016-04-02 00:00:00,431.9055
2016-04-02 01:00:00,2016-04-02 01:00:00,432.4335
2016-04-02 02:00:00,2016-04-02 02:00:00,429.5635
2016-04-02 03:00:00,2016-04-02 03:00:00,432.759
2016-04-02 04:00:00,2016-04-02 04:00:00,433.3302
2016-04-02 05:00:00,2016-04-02 05:00:00,432.1718
2016-04-02 06:00:00,2016-04-02 06:00:00,444.3057
2016-04-02 07:00:00,2016-04-02 07:00:00,448.8095
2016-04-02 08:00:00,2016-04-02 08:00:00,449.2247
2016-04-02 09:00:00,2016-04-02 09:00:00,446.4797
2016-04-02 10:00:00,2016-04-02 10:00:00,450.129
2016-04-02 11:00:00,2016-04-02 11:00:00,463.9705
2016-04-02 12:00:00,2016-04-02 12:00:00,474.196
2016-04-02 13:00:00,2016-04-02 13:00:00,484.8757
2016-04-02 14:00:00,2016-04-02 14:00:00,490.36
2016-04-02 15:00:00,2016-04-02 15:00:00,501.8775
2016-04-02 16:00:00,2016-04-02 16:00:00,498.3783
2016-04-02 17:00:00,2016-04-02 17:00:00,475.2813
2016-04-02 18:00:00,2016-04-02 18:00:00,447.869
2016-04-02 19:00:00,2016-04-02 19:00:00,443.6528
2016-04-02 20:00:00,2016-04-02 20:00:00,436.4798
2016-04-02 21:00:00,2016-04-02 21:00:00,436.7747
2016-04-02 22:00:00,2016-04-02 22:00:00,437.9378
2016-04-02 23:00:00,2016-04-02 23:00:00,436.6067
2016-04-03 00:00:00,2016-04-03 00:00:00,434.2213
2016-04-03 01:00:00,2016-04-03 01:00:00,433.47
2016-04-03 02:00:00,2016-04-03 02:00:00,433.2582
2016-04-03 03:00:00,2016-04-03 03:00:00,431.711
2016-04-03 04:00:00,2016-04-03 04:00:00,431.6855
2016-04-03 05:00:00,2016-04-03 05:00:00,431.6545
2016-04-03 06:00:00,2016-04-03 06:00:00,443.7202
2016-04-03 07:00:00,2016-04-03 07:00:00,446.0838
2016-04-03 08:00:00,2016-04-03 08:00:00,445.4668
2016-04-03 09:00:00,2016-04-03 09:00:00,445.7795
2016-04-03 10:00:00,2016-04-03 10:00:00,447.7145
2016-04-03 11:00:00,2016-04-03 11:00:00,462.9983
2016-04-03 12:00:00,2016-04-03 12:00:00,466.3953
2016-04-03 13:00:00,2016-04-03 13:00:00,464.398
2016-04-03 14:00:00,2016-04-03 14:00:00,471.5857
2016-04-03 15:00:00,2016-04-03 15:00:00,470.5652
2016-04-03 16:00:00,2016-04-03 16:00:00,470.7637
2016-04-03 17:00:00,2016-04-03 17:00:00,470.5218
2016-04-03 18:00:00,2016-04-03 18:00:00,462.4832
2016-04-03 19:00:00,2016-04-03 19:00:00,457.3115
2016-04-03 20:00:00,2016-04-03 20:00:00,452.3005
2016-04-03 21:00:00,2016-04-03 21:00:00,449.1952
2016-04-03 22:00:00,2016-04-03 22:00:00,447.6357
2016-04-03 23:00:00,2016-04-03 23:00:00,441.9545
2016-04-04 00:00:00,2016-04-04 00:00:00,446.1175
2016-04-04 01:00:00,2016-04-04 01:00:00,444.604
2016-04-04 02:00:00,2016-04-04 02:00:00,436.1302
2016-04-04 03:00:00,2016-04-04 03:00:00,437.4698
2016-04-04 04:00:00,2016-04-04 04:00:00,433.6155
2016-04-04 05:00:00,2016-04-04 05:00:00,432.7417
2016-04-04 06:00:00,2016-04-04 06:00:00,441.6425
2016-04-04 07:00:00,2016-04-04 07:00:00,443.8745
2016-04-04 08:00:00,2016-04-04 08:00:00,456.659
2016-04-04 09:00:00,2016-04-04 09:00:00,476.3442
2016-04-04 10:00:00,2016-04-04 10:00:00,497.4365
2016-04-04 11:00:00,2016-04-04 11:00:00,508.752
2016-04-04 12:00:00,2016-04-04 12:00:00,525.9687
2016-04-04 13:00:00,2016-04-04 13:00:00,542.3177
2016-04-04 14:00:00,2016-04-04 14:00:00,545.879
2016-04-04 15:00:00,2016-04-04 15:00:00,546.4898
2016-04-04 16:00:00,2016-04-04 16:00:00,539.8805
2016-04-04 17:00:00,2016-04-04 17:00:00,537.2262
2016-04-04 18:00:00,2016-04-04 18:00:00,505.4965
2016-04-04 19:00:00,2016-04-04 19:00:00,495.9307
2016-04-04 20:00:00,2016-04-04 20:00:00,479.1168
2016-04-04 21:00:00,2016-04-04 21:00:00,462.69
2016-04-04 22:00:00,2016-04-04 22:00:00,456.1835
2016-04-04 23:00:00,2016-04-04 23:00:00,454.383
2016-04-05 00:00:00,2016-04-05 00:00:00,451.7205
2016-04-05 01:00:00,2016-04-05 01:00:00,450.2025
2016-04-05 02:00:00,2016-04-05 02:00:00,442.6098
2016-04-05 03:00:00,2016-04-05 03:00:00,443.8607
2016-04-05 04:00:00,2016-04-05 04:00:00,438.7913
2016-04-05 05:00:00,2016-04-05 05:00:00,435.6102
2016-04-05 06:00:00,2016-04-05 06:00:00,447.4665
2016-04-05 07:00:00,2016-04-05 07:00:00,454.6393
2016-04-05 08:00:00,2016-04-05 08:00:00,470.882
2016-04-05 09:00:00,2016-04-05 09:00:00,491.744
2016-04-05 10:00:00,2016-04-05 10:00:00,516.2488
2016-04-05 11:00:00,2016-04-05 11:00:00,542.6462
2016-04-05 12:00:00,2016-04-05 12:00:00,549.961
2016-04-05 13:00:00,2016-04-05 13:00:00,568.8665
2016-04-05 14:00:00,2016-04-05 14:00:00,584.9567
2016-04-05 15:00:00,2016-04-05 15:00:00,587.399
2016-04-05 16:00:00,2016-04-05 16:00:00,572.369
2016-04-05 17:00:00,2016-04-05 17:00:00,553.541
2016-04-05 18:00:00,2016-04-05 18:00:00,524.6215
2016-04-05 19:00:00,2016-04-05 19:00:00,513.3935
2016-04-05 20:00:00,2016-04-05 20:00:00,509.6563
2016-04-05 21:00:00,2016-04-05 21:00:00,508.0553
2016-04-05 22:00:00,2016-04-05 22:00:00,498.3545
2016-04-05 23:00:00,2016-04-05 23:00:00,489.3313
2016-04-06 00:00:00,2016-04-06 00:00:00,484.4585
2016-04-06 01:00:00,2016-04-06 01:00:00,482.95
2016-04-06 02:00:00,2016-04-06 02:00:00,480.011
2016-04-06 03:00:00,2016-04-06 03:00:00,472.3548
2016-04-06 04:00:00,2016-04-06 04:00:00,465.1372
2016-04-06 05:00:00,2016-04-06 05:00:00,481.6065
2016-04-06 06:00:00,2016-04-06 06:00:00,518.0138
2016-04-06 07:00:00,2016-04-06 07:00:00,523.9515
2016-04-06 08:00:00,2016-04-06 08:00:00,539.187
2016-04-06 09:00:00,2016-04-06 09:00:00,557.541
2016-04-06 10:00:00,2016-04-06 10:00:00,576.883
2016-04-06 11:00:00,2016-04-06 11:00:00,594.7402
2016-04-06 12:00:00,2016-04-06 12:00:00,607.641
2016-04-06 13:00:00,2016-04-06 13:00:00,626.0405
2016-04-06 14:00:00,2016-04-06 14:00:00,664.5342
2016-04-06 15:00:00,2016-04-06 15:00:00,635.0935
2016-04-06 16:00:00,2016-04-06 16:00:00,673.1685
2016-04-06 17:00:00,2016-04-06 17:00:00,663.1238
2016-04-06 18:00:00,2016-04-06 18:00:00,633.8068
2016-04-06 19:00:00,2016-04-06 19:00:00,606.3472
2016-04-06 20:00:00,2016-04-06 20:00:00,580.1607
2016-04-06 21:00:00,2016-04-06 21:00:00,543.5588
2016-04-06 22:00:00,2016-04-06 22:00:00,530.8163
2016-04-06 23:00:00,2016-04-06 23:00:00,519.2187
2016-04-07 00:00:00,2016-04-07 00:00:00,508.254
2016-04-07 01:00:00,2016-04-07 01:00:00,496.3423
2016-04-07 02:00:00,2016-04-07 02:00:00,473.2615
2016-04-07 03:00:00,2016-04-07 03:00:00,464.5492
2016-04-07 04:00:00,2016-04-07 04:00:00,457.5023
2016-04-07 05:00:00,2016-04-07 05:00:00,456.2213
2016-04-07 06:00:00,2016-04-07 06:00:00,460.9795
2016-04-07 07:00:00,2016-04-07 07:00:00,462.6032
2016-04-07 08:00:00,2016-04-07 08:00:00,480.0352
2016-04-07 09:00:00,2016-04-07 09:00:00,493.2482
2016-04-07 10:00:00,2016-04-07 10:00:00,510.1158
2016-04-07 11:00:00,2016-04-07 11:00:00,516.451
2016-04-07 12:00:00,2016-04-07 12:00:00,538.262
2016-04-07 13:00:00,2016-04-07 13:00:00,550.2107
2016-04-07 14:00:00,2016-04-07 14:00:00,559.5557
2016-04-07 15:00:00,2016-04-07 15:00:00,558.6322
2016-04-07 16:00:00,2016-04-07 16:00:00,543.6832
2016-04-07 17:00:00,2016-04-07 17:00:00,519.9294
2016-04-07 18:00:00,2016-04-07 18:00:00,500.563
2016-04-07 19:00:00,2016-04-07 19:00:00,495.847
2016-04-07 20:00:00,2016-04-07 20:00:00,485.6805
2016-04-07 21:00:00,2016-04-07 21:00:00,478.144
2016-04-07 22:00:00,2016-04-07 22:00:00,474.7292
2016-04-07 23:00:00,2016-04-07 23:00:00,469.498
2016-04-08 00:00:00,2016-04-08 00:00:00,469.2735
2016-04-08 01:00:00,2016-04-08 01:00:00,464.0778
2016-04-08 02:00:00,2016-04-08 02:00:00,457.688
2016-04-08 03:00:00,2016-04-08 03:00:00,453.5865
2016-04-08 04:00:00,2016-04-08 04:00:00,452.506
2016-04-08 05:00:00,2016-04-08 05:00:00,453.1527
2016-04-08 06:00:00,2016-04-08 06:00:00,467.9518
2016-04-08 07:00:00,2016-04-08 07:00:00,468.4778
2016-04-08 08:00:00,2016-04-08 08:00:00,487.0683
2016-04-08 09:00:00,2016-04-08 09:00:00,504.8172
2016-04-08 10:00:00,2016-04-08 10:00:00,515.0587
2016-04-08 11:00:00,2016-04-08 11:00:00,516.4832
2016-04-08 12:00:00,2016-04-08 12:00:00,516.6205
2016-04-08 13:00:00,2016-04-08 13:00:00,530.4547
2016-04-08 14:00:00,2016-04-08 14:00:00,537.0572
2016-04-08 15:00:00,2016-04-08 15:00:00,537.166
2016-04-08 16:00:00,2016-04-08 16:00:00,528.9713
2016-04-08 17:00:00,2016-04-08 17:00:00,510.3883
2016-04-08 18:00:00,2016-04-08 18:00:00,493.8513
2016-04-08 19:00:00,2016-04-08 19:00:00,484.5195
2016-04-08 20:00:00,2016-04-08 20:00:00,469.6025
2016-04-08 21:00:00,2016-04-08 21:00:00,466.5537
2016-04-08 22:00:00,2016-04-08 22:00:00,471.698
2016-04-08 23:00:00,2016-04-08 23:00:00,473.5723
2016-04-09 00:00:00,2016-04-09 00:00:00,471.7625
2016-04-09 01:00:00,2016-04-09 01:00:00,464.6998
2016-04-09 02:00:00,2016-04-09 02:00:00,462.8558
2016-04-09 03:00:00,2016-04-09 03:00:00,456.222
2016-04-09 04:00:00,2016-04-09 04:00:00,459.721
2016-04-09 05:00:00,2016-04-09 05:00:00,457.8115
2016-04-09 06:00:00,2016-04-09 06:00:00,469.6225
2016-04-09 07:00:00,2016-04-09 07:00:00,473.5133
2016-04-09 08:00:00,2016-04-09 08:00:00,475.8495
2016-04-09 09:00:00,2016-04-09 09:00:00,480.0345
2016-04-09 10:00:00,2016-04-09 10:00:00,481.5125
2016-04-09 11:00:00,2016-04-09 11:00:00,481.6655
2016-04-09 12:00:00,2016-04-09 12:00:00,486.8455
2016-04-09 13:00:00,2016-04-09 13:00:00,499.2475
2016-04-09 14:00:00,2016-04-09 14:00:00,504.6673
2016-04-09 15:00:00,2016-04-09 15:00:00,503.1818
2016-04-09 16:00:00,2016-04-09 16:00:00,493.0632
2016-04-09 17:00:00,2016-04-09 17:00:00,487.6765
2016-04-09 18:00:00,2016-04-09 18:00:00,477.7085
2016-04-09 19:00:00,2016-04-09 19:00:00,462.4045
2016-04-09 20:00:00,2016-04-09 20:00:00,458.4945
2016-04-09 21:00:00,2016-04-09 21:00:00,457.3005
2016-04-09 22:00:00,2016-04-09 22:00:00,457.5205
2016-04-09 23:00:00,2016-04-09 23:00:00,456.325
2016-04-10 00:00:00,2016-04-10 00:00:00,453.7547
2016-04-10 01:00:00,2016-04-10 01:00:00,452.899
2016-04-10 02:00:00,2016-04-10 02:00:00,451.265
2016-04-10 03:00:00,2016-04-10 03:00:00,445.002
2016-04-10 04:00:00,2016-04-10 04:00:00,445.6495
2016-04-10 05:00:00,2016-04-10 05:00:00,443.991
2016-04-10 06:00:00,2016-04-10 06:00:00,453.45
2016-04-10 07:00:00,2016-04-10 07:00:00,454.3992
2016-04-10 08:00:00,2016-04-10 08:00:00,453.1692
2016-04-10 09:00:00,2016-04-10 09:00:00,458.2602
2016-04-10 10:00:00,2016-04-10 10:00:00,460.7288
2016-04-10 11:00:00,2016-04-10 11:00:00,459.3552
2016-04-10 12:00:00,2016-04-10 12:00:00,460.9938
2016-04-10 13:00:00,2016-04-10 13:00:00,462.9225
2016-04-10 14:00:00,2016-04-10 14:00:00,462.818
2016-04-10 15:00:00,2016-04-10 15:00:00,463.846
2016-04-10 16:00:00,2016-04-10 16:00:00,462.7387
2016-04-10 17:00:00,2016-04-10 17:00:00,464.679
2016-04-10 18:00:00,2016-04-10 18:00:00,451.3852
2016-04-10 19:00:00,2016-04-10 19:00:00,445.768
2016-04-10 20:00:00,2016-04-10 20:00:00,444.1303
2016-04-10 21:00:00,2016-04-10 21:00:00,444.875
2016-04-10 22:00:00,2016-04-10 22:00:00,442.1888
2016-04-10 23:00:00,2016-04-10 23:00:00,443.0083
2016-04-11 00:00:00,2016-04-11 00:00:00,440.1988
2016-04-11 01:00:00,2016-04-11 01:00:00,441.1678
2016-04-11 02:00:00,2016-04-11 02:00:00,439.6185
2016-04-11 03:00:00,2016-04-11 03:00:00,437.7495
2016-04-11 04:00:00,2016-04-11 04:00:00,437.5903
2016-04-11 05:00:00,2016-04-11 05:00:00,433.8015
2016-04-11 06:00:00,2016-04-11 06:00:00,445.4695
2016-04-11 07:00:00,2016-04-11 07:00:00,448.4767
2016-04-11 08:00:00,2016-04-11 08:00:00,461.387
2016-04-11 09:00:00,2016-04-11 09:00:00,478.489
2016-04-11 10:00:00,2016-04-11 10:00:00,484.3568
2016-04-11 11:00:00,2016-04-11 11:00:00,487.541
2016-04-11 12:00:00,2016-04-11 12:00:00,494.128
2016-04-11 13:00:00,2016-04-11 13:00:00,502.9435
2016-04-11 14:00:00,2016-04-11 14:00:00,506.5507
2016-04-11 15:00:00,2016-04-11 15:00:00,506.5798
2016-04-11 16:00:00,2016-04-11 16:00:00,507.45
2016-04-11 17:00:00,2016-04-11 17:00:00,499.2038
2016-04-11 18:00:00,2016-04-11 18:00:00,479.0815
2016-04-11 19:00:00,2016-04-11 19:00:00,470.1645
2016-04-11 20:00:00,2016-04-11 20:00:00,466.2705
2016-04-11 21:00:00,2016-04-11 21:00:00,455.7252
2016-04-11 22:00:00,2016-04-11 22:00:00,456.692
2016-04-11 23:00:00,2016-04-11 23:00:00,459.7965
2016-04-12 00:00:00,2016-04-12 00:00:00,458.1757
2016-04-12 01:00:00,2016-04-12 01:00:00,458.536
2016-04-12 02:00:00,2016-04-12 02:00:00,448.495
2016-04-12 03:00:00,2016-04-12 03:00:00,446.353
2016-04-12 04:00:00,2016-04-12 04:00:00,444.207
2016-04-12 05:00:00,2016-04-12 05:00:00,442.1297
2016-04-12 06:00:00,2016-04-12 06:00:00,457.8223
2016-04-12 07:00:00,2016-04-12 07:00:00,460.8763
2016-04-12 08:00:00,2016-04-12 08:00:00,471.3303
2016-04-12 09:00:00,2016-04-12 09:00:00,481.2235
2016-04-12 10:00:00,2016-04-12 10:00:00,491.0135
2016-04-12 11:00:00,2016-04-12 11:00:00,498.6038
2016-04-12 12:00:00,2016-04-12 12:00:00,502.805
2016-04-12 13:00:00,2016-04-12 13:00:00,505.3975
2016-04-12 14:00:00,2016-04-12 14:00:00,511.176
2016-04-12 15:00:00,2016-04-12 15:00:00,506.0793
2016-04-12 16:00:00,2016-04-12 16:00:00,497.7273
2016-04-12 17:00:00,2016-04-12 17:00:00,495.365
2016-04-12 18:00:00,2016-04-12 18:00:00,478.4053
2016-04-12 19:00:00,2016-04-12 19:00:00,471.2243
2016-04-12 20:00:00,2016-04-12 20:00:00,460.3627
2016-04-12 21:00:00,2016-04-12 21:00:00,459.6052
2016-04-12 22:00:00,2016-04-12 22:00:00,456.1135
2016-04-12 23:00:00,2016-04-12 23:00:00,450.1415
2016-04-13 00:00:00,2016-04-13 00:00:00,449.2138
2016-04-13 01:00:00,2016-04-13 01:00:00,445.771
2016-04-13 02:00:00,2016-04-13 02:00:00,443.3472
2016-04-13 03:00:00,2016-04-13 03:00:00,444.1565
2016-04-13 04:00:00,2016-04-13 04:00:00,442.9092
2016-04-13 05:00:00,2016-04-13 05:00:00,440.8802
2016-04-13 06:00:00,2016-04-13 06:00:00,448.5583
2016-04-13 07:00:00,2016-04-13 07:00:00,455.0465
2016-04-13 08:00:00,2016-04-13 08:00:00,469.3548
2016-04-13 09:00:00,2016-04-13 09:00:00,488.6763
2016-04-13 10:00:00,2016-04-13 10:00:00,506.5995
2016-04-13 11:00:00,2016-04-13 11:00:00,520.2427
2016-04-13 12:00:00,2016-04-13 12:00:00,517.2462
2016-04-13 13:00:00,2016-04-13 13:00:00,522.2815
2016-04-13 14:00:00,2016-04-13 14:00:00,515.0665
2016-04-13 15:00:00,2016-04-13 15:00:00,510.8125
2016-04-13 16:00:00,2016-04-13 16:00:00,510.2612
2016-04-13 17:00:00,2016-04-13 17:00:00,502.6532
2016-04-13 18:00:00,2016-04-13 18:00:00,488.544
2016-04-13 19:00:00,2016-04-13 19:00:00,469.5698
2016-04-13 20:00:00,2016-04-13 20:00:00,456.1955
2016-04-13 21:00:00,2016-04-13 21:00:00,453.131
2016-04-13 22:00:00,2016-04-13 22:00:00,452.968
2016-04-13 23:00:00,2016-04-13 23:00:00,450.4432
2016-04-14 00:00:00,2016-04-14 00:00:00,448.77
2016-04-14 01:00:00,2016-04-14 01:00:00,445.8715
2016-04-14 02:00:00,2016-04-14 02:00:00,438.5835
2016-04-14 03:00:00,2016-04-14 03:00:00,443.3005
2016-04-14 04:00:00,2016-04-14 04:00:00,440.3727
2016-04-14 05:00:00,2016-04-14 05:00:00,437.628
2016-04-14 06:00:00,2016-04-14 06:00:00,454.1612
2016-04-14 07:00:00,2016-04-14 07:00:00,458.9173
2016-04-14 08:00:00,2016-04-14 08:00:00,469.4178
2016-04-14 09:00:00,2016-04-14 09:00:00,477.35
2016-04-14 10:00:00,2016-04-14 10:00:00,493.661
2016-04-14 11:00:00,2016-04-14 11:00:00,509.3162
2016-04-14 12:00:00,2016-04-14 12:00:00,509.796
2016-04-14 13:00:00,2016-04-14 13:00:00,511.9495
2016-04-14 14:00:00,2016-04-14 14:00:00,513.866
2016-04-14 15:00:00,2016-04-14 15:00:00,514.2185
2016-04-14 16:00:00,2016-04-14 16:00:00,509.3173
2016-04-14 17:00:00,2016-04-14 17:00:00,497.807
2016-04-14 18:00:00,2016-04-14 18:00:00,481.9092
2016-04-14 19:00:00,2016-04-14 19:00:00,468.9155
2016-04-14 20:00:00,2016-04-14 20:00:00,452.8038
2016-04-14 21:00:00,2016-04-14 21:00:00,445.6855
2016-04-14 22:00:00,2016-04-14 22:00:00,442.3348
2016-04-14 23:00:00,2016-04-14 23:00:00,445.651
2016-04-15 00:00:00,2016-04-15 00:00:00,437.867
2016-04-15 01:00:00,2016-04-15 01:00:00,436.7138
2016-04-15 02:00:00,2016-04-15 02:00:00,435.4238
2016-04-15 03:00:00,2016-04-15 03:00:00,434.0472
2016-04-15 04:00:00,2016-04-15 04:00:00,433.8587
2016-04-15 05:00:00,2016-04-15 05:00:00,434.036
2016-04-15 06:00:00,2016-04-15 06:00:00,445.7013
2016-04-15 07:00:00,2016-04-15 07:00:00,451.1975
2016-04-15 08:00:00,2016-04-15 08:00:00,459.0545
2016-04-15 09:00:00,2016-04-15 09:00:00,468.684
2016-04-15 10:00:00,2016-04-15 10:00:00,497.1478
2016-04-15 11:00:00,2016-04-15 11:00:00,501.5925
2016-04-15 12:00:00,2016-04-15 12:00:00,514.1578
2016-04-15 13:00:00,2016-04-15 13:00:00,537.2782
2016-04-15 14:00:00,2016-04-15 14:00:00,543.4997
2016-04-15 15:00:00,2016-04-15 15:00:00,551.07
2016-04-15 16:00:00,2016-04-15 16:00:00,544.282
2016-04-15 17:00:00,2016-04-15 17:00:00,534.819
2016-04-15 18:00:00,2016-04-15 18:00:00,510.0298
2016-04-15 19:00:00,2016-04-15 19:00:00,493.8262
2016-04-15 20:00:00,2016-04-15 20:00:00,478.0677
2016-04-15 21:00:00,2016-04-15 21:00:00,473.4802
2016-04-15 22:00:00,2016-04-15 22:00:00,475.134
2016-04-15 23:00:00,2016-04-15 23:00:00,467.1748
2016-04-16 00:00:00,2016-04-16 00:00:00,458.3745
2016-04-16 01:00:00,2016-04-16 01:00:00,458.9145
2016-04-16 02:00:00,2016-04-16 02:00:00,457.912
2016-04-16 03:00:00,2016-04-16 03:00:00,464.731
2016-04-16 04:00:00,2016-04-16 04:00:00,458.5347
2016-04-16 05:00:00,2016-04-16 05:00:00,455.758
2016-04-16 06:00:00,2016-04-16 06:00:00,454.728
2016-04-16 07:00:00,2016-04-16 07:00:00,459.1185
2016-04-16 08:00:00,2016-04-16 08:00:00,465.2215
2016-04-16 09:00:00,2016-04-16 09:00:00,478.553
2016-04-16 10:00:00,2016-04-16 10:00:00,507.0438
2016-04-16 11:00:00,2016-04-16 11:00:00,528.0107
2016-04-16 12:00:00,2016-04-16 12:00:00,554.0547
2016-04-16 13:00:00,2016-04-16 13:00:00,554.9795
2016-04-16 14:00:00,2016-04-16 14:00:00,563.898
2016-04-16 15:00:00,2016-04-16 15:00:00,561.0595
2016-04-16 16:00:00,2016-04-16 16:00:00,552.486
2016-04-16 17:00:00,2016-04-16 17:00:00,546.4982
2016-04-16 18:00:00,2016-04-16 18:00:00,526.6685
2016-04-16 19:00:00,2016-04-16 19:00:00,517.0455
2016-04-16 20:00:00,2016-04-16 20:00:00,502.9477
2016-04-16 21:00:00,2016-04-16 21:00:00,478.8645
2016-04-16 22:00:00,2016-04-16 22:00:00,472.9782
2016-04-16 23:00:00,2016-04-16 23:00:00,474.0013
2016-04-17 00:00:00,2016-04-17 00:00:00,458.8105
2016-04-17 01:00:00,2016-04-17 01:00:00,452.365
2016-04-17 02:00:00,2016-04-17 02:00:00,452.1627
2016-04-17 03:00:00,2016-04-17 03:00:00,453.3268
2016-04-17 04:00:00,2016-04-17 04:00:00,451.6493
2016-04-17 05:00:00,2016-04-17 05:00:00,451.0305
2016-04-17 06:00:00,2016-04-17 06:00:00,462.5663
2016-04-17 07:00:00,2016-04-17 07:00:00,465.4415
2016-04-17 08:00:00,2016-04-17 08:00:00,465.882
2016-04-17 09:00:00,2016-04-17 09:00:00,478.0193
2016-04-17 10:00:00,2016-04-17 10:00:00,498.617
2016-04-17 11:00:00,2016-04-17 11:00:00,527.1368
2016-04-17 12:00:00,2016-04-17 12:00:00,540.0447
2016-04-17 13:00:00,2016-04-17 13:00:00,550.0073
2016-04-17 14:00:00,2016-04-17 14:00:00,611.7975
2016-04-17 15:00:00,2016-04-17 15:00:00,594.6128
2016-04-17 16:00:00,2016-04-17 16:00:00,577.0988
2016-04-17 17:00:00,2016-04-17 17:00:00,534.8
2016-04-17 18:00:00,2016-04-17 18:00:00,522.5565
2016-04-17 19:00:00,2016-04-17 19:00:00,512.3963
2016-04-17 20:00:00,2016-04-17 20:00:00,495.1818
2016-04-17 21:00:00,2016-04-17 21:00:00,487.0378
2016-04-17 22:00:00,2016-04-17 22:00:00,482.9035
2016-04-17 23:00:00,2016-04-17 23:00:00,480.8625
2016-04-18 00:00:00,2016-04-18 00:00:00,474.3488
2016-04-18 01:00:00,2016-04-18 01:00:00,465.5768
2016-04-18 02:00:00,2016-04-18 02:00:00,465.3615
2016-04-18 03:00:00,2016-04-18 03:00:00,457.0658
2016-04-18 04:00:00,2016-04-18 04:00:00,454.3818
2016-04-18 05:00:00,2016-04-18 05:00:00,447.209
2016-04-18 06:00:00,2016-04-18 06:00:00,457.948
2016-04-18 07:00:00,2016-04-18 07:00:00,460.8358
2016-04-18 08:00:00,2016-04-18 08:00:00,481.0287
2016-04-18 09:00:00,2016-04-18 09:00:00,517.2422
2016-04-18 10:00:00,2016-04-18 10:00:00,551.6895
2016-04-18 11:00:00,2016-04-18 11:00:00,562.2043
2016-04-18 12:00:00,2016-04-18 12:00:00,578.8392
2016-04-18 13:00:00,2016-04-18 13:00:00,641.8225
2016-04-18 14:00:00,2016-04-18 14:00:00,634.2455
2016-04-18 15:00:00,2016-04-18 15:00:00,615.0755
2016-04-18 16:00:00,2016-04-18 16:00:00,578.7432
2016-04-18 17:00:00,2016-04-18 17:00:00,564.8085
2016-04-18 18:00:00,2016-04-18 18:00:00,538.3675
2016-04-18 19:00:00,2016-04-18 19:00:00,517.5575
2016-04-18 20:00:00,2016-04-18 20:00:00,499.058
2016-04-18 21:00:00,2016-04-18 21:00:00,484.4873
2016-04-18 22:00:00,2016-04-18 22:00:00,474.611
2016-04-18 23:00:00,2016-04-18 23:00:00,471.0798
2016-04-19 00:00:00,2016-04-19 00:00:00,466.5547
2016-04-19 01:00:00,2016-04-19 01:00:00,464.3592
2016-04-19 02:00:00,2016-04-19 02:00:00,461.7563
2016-04-19 03:00:00,2016-04-19 03:00:00,461.6282
2016-04-19 04:00:00,2016-04-19 04:00:00,460.7308
2016-04-19 05:00:00,2016-04-19 05:00:00,460.242
2016-04-19 06:00:00,2016-04-19 06:00:00,466.796
2016-04-19 07:00:00,2016-04-19 07:00:00,466.1833
2016-04-19 08:00:00,2016-04-19 08:00:00,487.4205
2016-04-19 09:00:00,2016-04-19 09:00:00,530.9357
2016-04-19 10:00:00,2016-04-19 10:00:00,555.3965
2016-04-19 11:00:00,2016-04-19 11:00:00,569.45
2016-04-19 12:00:00,2016-04-19 12:00:00,578.8102
2016-04-19 13:00:00,2016-04-19 13:00:00,583.4825
2016-04-19 14:00:00,2016-04-19 14:00:00,573.8738
2016-04-19 15:00:00,2016-04-19 15:00:00,584.8255
2016-04-19 16:00:00,2016-04-19 16:00:00,564.5445
2016-04-19 17:00:00,2016-04-19 17:00:00,544.5067
2016-04-19 18:00:00,2016-04-19 18:00:00,530.9655
2016-04-19 19:00:00,2016-04-19 19:00:00,510.3417
2016-04-19 20:00:00,2016-04-19 20:00:00,480.0035
2016-04-19 21:00:00,2016-04-19 21:00:00,473.7168
2016-04-19 22:00:00,2016-04-19 22:00:00,463.1612
2016-04-19 23:00:00,2016-04-19 23:00:00,459.3545
2016-04-20 00:00:00,2016-04-20 00:00:00,455.257
2016-04-20 01:00:00,2016-04-20 01:00:00,451.3015
2016-04-20 02:00:00,2016-04-20 02:00:00,449.675
2016-04-20 03:00:00,2016-04-20 03:00:00,446.1172
2016-04-20 04:00:00,2016-04-20 04:00:00,444.8748
2016-04-20 05:00:00,2016-04-20 05:00:00,443.6535
2016-04-20 06:00:00,2016-04-20 06:00:00,452.285
2016-04-20 07:00:00,2016-04-20 07:00:00,450.0812
2016-04-20 08:00:00,2016-04-20 08:00:00,477.4162
2016-04-20 09:00:00,2016-04-20 09:00:00,490.694
2016-04-20 10:00:00,2016-04-20 10:00:00,511.7677
2016-04-20 11:00:00,2016-04-20 11:00:00,536.258
2016-04-20 12:00:00,2016-04-20 12:00:00,555.385
2016-04-20 13:00:00,2016-04-20 13:00:00,568.3332
2016-04-20 14:00:00,2016-04-20 14:00:00,571.3707
2016-04-20 15:00:00,2016-04-20 15:00:00,567.1638
2016-04-20 16:00:00,2016-04-20 16:00:00,555.9507
2016-04-20 17:00:00,2016-04-20 17:00:00,533.9113
2016-04-20 18:00:00,2016-04-20 18:00:00,522.064
2016-04-20 19:00:00,2016-04-20 19:00:00,510.129
2016-04-20 20:00:00,2016-04-20 20:00:00,491.4273
2016-04-20 21:00:00,2016-04-20 21:00:00,487.0168
2016-04-20 22:00:00,2016-04-20 22:00:00,487.9472
2016-04-20 23:00:00,2016-04-20 23:00:00,481.6505
2016-04-21 00:00:00,2016-04-21 00:00:00,473.6727
2016-04-21 01:00:00,2016-04-21 01:00:00,467.1312
2016-04-21 02:00:00,2016-04-21 02:00:00,465.382
2016-04-21 03:00:00,2016-04-21 03:00:00,470.212
2016-04-21 04:00:00,2016-04-21 04:00:00,471.5908
2016-04-21 05:00:00,2016-04-21 05:00:00,460.9525
2016-04-21 06:00:00,2016-04-21 06:00:00,473.7307
2016-04-21 07:00:00,2016-04-21 07:00:00,480.143
2016-04-21 08:00:00,2016-04-21 08:00:00,497.601
2016-04-21 09:00:00,2016-04-21 09:00:00,518.3978
2016-04-21 10:00:00,2016-04-21 10:00:00,535.121
2016-04-21 11:00:00,2016-04-21 11:00:00,549.215
2016-04-21 12:00:00,2016-04-21 12:00:00,554.8063
2016-04-21 13:00:00,2016-04-21 13:00:00,572.2948
2016-04-21 14:00:00,2016-04-21 14:00:00,580.989
2016-04-21 15:00:00,2016-04-21 15:00:00,578.346
2016-04-21 16:00:00,2016-04-21 16:00:00,562.257
2016-04-21 17:00:00,2016-04-21 17:00:00,555.7087
2016-04-21 18:00:00,2016-04-21 18:00:00,532.6012
2016-04-21 19:00:00,2016-04-21 19:00:00,510.2913
2016-04-21 20:00:00,2016-04-21 20:00:00,486.1323
2016-04-21 21:00:00,2016-04-21 21:00:00,481.708
2016-04-21 22:00:00,2016-04-21 22:00:00,484.301
2016-04-21 23:00:00,2016-04-21 23:00:00,480.8422
2016-04-22 00:00:00,2016-04-22 00:00:00,479.4272
2016-04-22 01:00:00,2016-04-22 01:00:00,478.7625
2016-04-22 02:00:00,2016-04-22 02:00:00,475.3845
2016-04-22 03:00:00,2016-04-22 03:00:00,473.1873
2016-04-22 04:00:00,2016-04-22 04:00:00,468.5373
2016-04-22 05:00:00,2016-04-22 05:00:00,466.1672
2016-04-22 06:00:00,2016-04-22 06:00:00,478.7207
2016-04-22 07:00:00,2016-04-22 07:00:00,482.715
2016-04-22 08:00:00,2016-04-22 08:00:00,489.3523
2016-04-22 09:00:00,2016-04-22 09:00:00,500.473
2016-04-22 10:00:00,2016-04-22 10:00:00,507.2899
2016-04-22 11:00:00,2016-04-22 11:00:00,507.1718
2016-04-22 12:00:00,2016-04-22 12:00:00,508.7802
2016-04-22 13:00:00,2016-04-22 13:00:00,512.3525
2016-04-22 14:00:00,2016-04-22 14:00:00,513.4585
2016-04-22 15:00:00,2016-04-22 15:00:00,530.3365
2016-04-22 16:00:00,2016-04-22 16:00:00,510.8558
2016-04-22 17:00:00,2016-04-22 17:00:00,501.4155
2016-04-22 18:00:00,2016-04-22 18:00:00,484.4058
2016-04-22 19:00:00,2016-04-22 19:00:00,479.1288
2016-04-22 20:00:00,2016-04-22 20:00:00,461.6777
2016-04-22 21:00:00,2016-04-22 21:00:00,458.2329
2016-04-22 22:00:00,2016-04-22 22:00:00,451.788
2016-04-22 23:00:00,2016-04-22 23:00:00,448.8165
2016-04-23 00:00:00,2016-04-23 00:00:00,445.238
2016-04-23 01:00:00,2016-04-23 01:00:00,438.0263
2016-04-23 02:00:00,2016-04-23 02:00:00,435.4572
2016-04-23 03:00:00,2016-04-23 03:00:00,436.5905
2016-04-23 04:00:00,2016-04-23 04:00:00,436.8785
2016-04-23 05:00:00,2016-04-23 05:00:00,437.0992
2016-04-23 06:00:00,2016-04-23 06:00:00,448.578
2016-04-23 07:00:00,2016-04-23 07:00:00,451.018
2016-04-23 08:00:00,2016-04-23 08:00:00,451.8155
2016-04-23 09:00:00,2016-04-23 09:00:00,458.099
2016-04-23 10:00:00,2016-04-23 10:00:00,466.4055
2016-04-23 11:00:00,2016-04-23 11:00:00,481.8777
2016-04-23 12:00:00,2016-04-23 12:00:00,489.3075
2016-04-23 13:00:00,2016-04-23 13:00:00,505.724
2016-04-23 14:00:00,2016-04-23 14:00:00,511.2642
2016-04-23 15:00:00,2016-04-23 15:00:00,502.711
2016-04-23 16:00:00,2016-04-23 16:00:00,507.471
2016-04-23 17:00:00,2016-04-23 17:00:00,491.3537
2016-04-23 18:00:00,2016-04-23 18:00:00,478.83
2016-04-23 19:00:00,2016-04-23 19:00:00,473.1282
2016-04-23 20:00:00,2016-04-23 20:00:00,465.4962
2016-04-23 21:00:00,2016-04-23 21:00:00,465.1825
2016-04-23 22:00:00,2016-04-23 22:00:00,462.2205
2016-04-23 23:00:00,2016-04-23 23:00:00,459.9963
2016-04-24 00:00:00,2016-04-24 00:00:00,460.509
2016-04-24 01:00:00,2016-04-24 01:00:00,450.9265
2016-04-24 02:00:00,2016-04-24 02:00:00,445.851
2016-04-24 03:00:00,2016-04-24 03:00:00,441.6042
2016-04-24 04:00:00,2016-04-24 04:00:00,439.1242
2016-04-24 05:00:00,2016-04-24 05:00:00,438.1087
2016-04-24 06:00:00,2016-04-24 06:00:00,451.635
2016-04-24 07:00:00,2016-04-24 07:00:00,452.3215
2016-04-24 08:00:00,2016-04-24 08:00:00,453.6782
2016-04-24 09:00:00,2016-04-24 09:00:00,460.47
2016-04-24 10:00:00,2016-04-24 10:00:00,469.5925
2016-04-24 11:00:00,2016-04-24 11:00:00,483.992
2016-04-24 12:00:00,2016-04-24 12:00:00,508.4158
2016-04-24 13:00:00,2016-04-24 13:00:00,514.638
2016-04-24 14:00:00,2016-04-24 14:00:00,509.3612
2016-04-24 15:00:00,2016-04-24 15:00:00,497.0932
2016-04-24 16:00:00,2016-04-24 16:00:00,495.641
2016-04-24 17:00:00,2016-04-24 17:00:00,485.2963
2016-04-24 18:00:00,2016-04-24 18:00:00,470.6053
2016-04-24 19:00:00,2016-04-24 19:00:00,463.176
2016-04-24 20:00:00,2016-04-24 20:00:00,457.2335
2016-04-24 21:00:00,2016-04-24 21:00:00,445.38
2016-04-24 22:00:00,2016-04-24 22:00:00,443.669
2016-04-24 23:00:00,2016-04-24 23:00:00,443.071
2016-04-25 00:00:00,2016-04-25 00:00:00,441.735
2016-04-25 01:00:00,2016-04-25 01:00:00,442.9322
2016-04-25 02:00:00,2016-04-25 02:00:00,442.9868
2016-04-25 03:00:00,2016-04-25 03:00:00,442.5135
2016-04-25 04:00:00,2016-04-25 04:00:00,442.7602
2016-04-25 05:00:00,2016-04-25 05:00:00,439.9647
2016-04-25 06:00:00,2016-04-25 06:00:00,453.5805
2016-04-25 07:00:00,2016-04-25 07:00:00,458.7803
2016-04-25 08:00:00,2016-04-25 08:00:00,470.5447
2016-04-25 09:00:00,2016-04-25 09:00:00,479.2685
2016-04-25 10:00:00,2016-04-25 10:00:00,483.0763
2016-04-25 11:00:00,2016-04-25 11:00:00,501.0658
2016-04-25 12:00:00,2016-04-25 12:00:00,513.7335
2016-04-25 13:00:00,2016-04-25 13:00:00,518.6177
2016-04-25 14:00:00,2016-04-25 14:00:00,539.0193
2016-04-25 15:00:00,2016-04-25 15:00:00,529.6627
2016-04-25 16:00:00,2016-04-25 16:00:00,527.2645
2016-04-25 17:00:00,2016-04-25 17:00:00,514.6098
2016-04-25 18:00:00,2016-04-25 18:00:00,488.4692
2016-04-25 19:00:00,2016-04-25 19:00:00,475.463
2016-04-25 20:00:00,2016-04-25 20:00:00,466.397
2016-04-25 21:00:00,2016-04-25 21:00:00,469.0215
2016-04-25 22:00:00,2016-04-25 22:00:00,456.1322
2016-04-25 23:00:00,2016-04-25 23:00:00,449.5688
2016-04-26 00:00:00,2016-04-26 00:00:00,447.9237
2016-04-26 01:00:00,2016-04-26 01:00:00,443.1242
2016-04-26 02:00:00,2016-04-26 02:00:00,440.3113
2016-04-26 03:00:00,2016-04-26 03:00:00,439.2072
2016-04-26 04:00:00,2016-04-26 04:00:00,439.1103
2016-04-26 05:00:00,2016-04-26 05:00:00,435.264
2016-04-26 06:00:00,2016-04-26 06:00:00,451.9175
2016-04-26 07:00:00,2016-04-26 07:00:00,456.736
2016-04-26 08:00:00,2016-04-26 08:00:00,466.712
2016-04-26 09:00:00,2016-04-26 09:00:00,484.3498
2016-04-26 10:00:00,2016-04-26 10:00:00,496.705
2016-04-26 11:00:00,2016-04-26 11:00:00,514.7198
2016-04-26 12:00:00,2016-04-26 12:00:00,520.2975
2016-04-26 13:00:00,2016-04-26 13:00:00,510.3967
2016-04-26 14:00:00,2016-04-26 14:00:00,512.8553
2016-04-26 15:00:00,2016-04-26 15:00:00,518.2905
2016-04-26 16:00:00,2016-04-26 16:00:00,520.978
2016-04-26 17:00:00,2016-04-26 17:00:00,514.945
2016-04-26 18:00:00,2016-04-26 18:00:00,488.633
2016-04-26 19:00:00,2016-04-26 19:00:00,473.8975
2016-04-26 20:00:00,2016-04-26 20:00:00,470.1732
2016-04-26 21:00:00,2016-04-26 21:00:00,468.382
2016-04-26 22:00:00,2016-04-26 22:00:00,459.2527
2016-04-26 23:00:00,2016-04-26 23:00:00,456.238
2016-04-27 00:00:00,2016-04-27 00:00:00,448.8845
2016-04-27 01:00:00,2016-04-27 01:00:00,441.293
2016-04-27 02:00:00,2016-04-27 02:00:00,441.9983
2016-04-27 03:00:00,2016-04-27 03:00:00,440.2343
2016-04-27 04:00:00,2016-04-27 04:00:00,441.2597
2016-04-27 05:00:00,2016-04-27 05:00:00,441.1565
2016-04-27 06:00:00,2016-04-27 06:00:00,447.2195
2016-04-27 07:00:00,2016-04-27 07:00:00,452.7375
2016-04-27 08:00:00,2016-04-27 08:00:00,467.6895
2016-04-27 09:00:00,2016-04-27 09:00:00,473.758
2016-04-27 10:00:00,2016-04-27 10:00:00,490.6692
2016-04-27 11:00:00,2016-04-27 11:00:00,492.9265
2016-04-27 12:00:00,2016-04-27 12:00:00,503.4125
2016-04-27 13:00:00,2016-04-27 13:00:00,512.0358
2016-04-27 14:00:00,2016-04-27 14:00:00,516.0065
2016-04-27 15:00:00,2016-04-27 15:00:00,512.3235
2016-04-27 16:00:00,2016-04-27 16:00:00,510.894
2016-04-27 17:00:00,2016-04-27 17:00:00,508.6778
2016-04-27 18:00:00,2016-04-27 18:00:00,486.519
2016-04-27 19:00:00,2016-04-27 19:00:00,471.3185
2016-04-27 20:00:00,2016-04-27 20:00:00,467.5945
2016-04-27 21:00:00,2016-04-27 21:00:00,454.0728
2016-04-27 22:00:00,2016-04-27 22:00:00,450.6135
2016-04-27 23:00:00,2016-04-27 23:00:00,448.3295
2016-04-28 00:00:00,2016-04-28 00:00:00,446.1778
2016-04-28 01:00:00,2016-04-28 01:00:00,443.0435
2016-04-28 02:00:00,2016-04-28 02:00:00,441.8312
2016-04-28 03:00:00,2016-04-28 03:00:00,442.172
2016-04-28 04:00:00,2016-04-28 04:00:00,438.151
2016-04-28 05:00:00,2016-04-28 05:00:00,436.7415
2016-04-28 06:00:00,2016-04-28 06:00:00,448.285
2016-04-28 07:00:00,2016-04-28 07:00:00,455.2242
2016-04-28 08:00:00,2016-04-28 08:00:00,464.5863
2016-04-28 09:00:00,2016-04-28 09:00:00,488.2995
2016-04-28 10:00:00,2016-04-28 10:00:00,505.4075
2016-04-28 11:00:00,2016-04-28 11:00:00,518.5755
2016-04-28 12:00:00,2016-04-28 12:00:00,539.4458
2016-04-28 13:00:00,2016-04-28 13:00:00,542.6932
2016-04-28 14:00:00,2016-04-28 14:00:00,549.1695
2016-04-28 15:00:00,2016-04-28 15:00:00,540.158
2016-04-28 16:00:00,2016-04-28 16:00:00,541.0433
2016-04-28 17:00:00,2016-04-28 17:00:00,539.2547
2016-04-28 18:00:00,2016-04-28 18:00:00,511.9675
2016-04-28 19:00:00,2016-04-28 19:00:00,493.5738
2016-04-28 20:00:00,2016-04-28 20:00:00,478.895
2016-04-28 21:00:00,2016-04-28 21:00:00,473.1698
2016-04-28 22:00:00,2016-04-28 22:00:00,467.9165
2016-04-28 23:00:00,2016-04-28 23:00:00,460.715
2016-04-29 00:00:00,2016-04-29 00:00:00,446.2092
2016-04-29 01:00:00,2016-04-29 01:00:00,446.921
2016-04-29 02:00:00,2016-04-29 02:00:00,444.869
2016-04-29 03:00:00,2016-04-29 03:00:00,440.151
2016-04-29 04:00:00,2016-04-29 04:00:00,438.2225
2016-04-29 05:00:00,2016-04-29 05:00:00,438.6055
2016-04-29 06:00:00,2016-04-29 06:00:00,449.8842
2016-04-29 07:00:00,2016-04-29 07:00:00,454.6803
2016-04-29 08:00:00,2016-04-29 08:00:00,465.5585
2016-04-29 09:00:00,2016-04-29 09:00:00,482.4935
2016-04-29 10:00:00,2016-04-29 10:00:00,508.837
2016-04-29 11:00:00,2016-04-29 11:00:00,511.4878
2016-04-29 12:00:00,2016-04-29 12:00:00,522.515
2016-04-29 13:00:00,2016-04-29 13:00:00,529.7623
2016-04-29 14:00:00,2016-04-29 14:00:00,543.103
2016-04-29 15:00:00,2016-04-29 15:00:00,555.699
2016-04-29 16:00:00,2016-04-29 16:00:00,545.0865
2016-04-29 17:00:00,2016-04-29 17:00:00,523.6322
2016-04-29 18:00:00,2016-04-29 18:00:00,497.6298
2016-04-29 19:00:00,2016-04-29 19:00:00,482.5315
2016-04-29 20:00:00,2016-04-29 20:00:00,470.9228
2016-04-29 21:00:00,2016-04-29 21:00:00,466.5657
2016-04-29 22:00:00,2016-04-29 22:00:00,468.3878
2016-04-29 23:00:00,2016-04-29 23:00:00,462.0525
2016-04-30 00:00:00,2016-04-30 00:00:00,462.4533
2016-04-30 01:00:00,2016-04-30 01:00:00,458.348
2016-04-30 02:00:00,2016-04-30 02:00:00,444.8398
2016-04-30 03:00:00,2016-04-30 03:00:00,450.5232
2016-04-30 04:00:00,2016-04-30 04:00:00,442.986
2016-04-30 05:00:00,2016-04-30 05:00:00,444.5732
2016-04-30 06:00:00,2016-04-30 06:00:00,461.2977
2016-04-30 07:00:00,2016-04-30 07:00:00,466.5135
2016-04-30 08:00:00,2016-04-30 08:00:00,473.9965
2016-04-30 09:00:00,2016-04-30 09:00:00,489.149
2016-04-30 10:00:00,2016-04-30 10:00:00,510.9412
2016-04-30 11:00:00,2016-04-30 11:00:00,520.1352
2016-04-30 12:00:00,2016-04-30 12:00:00,539.0598
2016-04-30 13:00:00,2016-04-30 13:00:00,560.8078
2016-04-30 14:00:00,2016-04-30 14:00:00,552.7453
2016-04-30 15:00:00,2016-04-30 15:00:00,558.8832
2016-04-30 16:00:00,2016-04-30 16:00:00,558.6927
2016-04-30 17:00:00,2016-04-30 17:00:00,561.6658
2016-04-30 18:00:00,2016-04-30 18:00:00,546.5742
2016-04-30 19:00:00,2016-04-30 19:00:00,536.161
2016-04-30 20:00:00,2016-04-30 20:00:00,525.652
2016-04-30 21:00:00,2016-04-30 21:00:00,516.7765
2016-04-30 22:00:00,2016-04-30 22:00:00,504.8612
2016-04-30 23:00:00,2016-04-30 23:00:00,490.7585
2016-05-01 00:00:00,2016-05-01 00:00:00,481.0325
2016-05-01 01:00:00,2016-05-01 01:00:00,479.9567
2016-05-01 02:00:00,2016-05-01 02:00:00,482.2265
2016-05-01 03:00:00,2016-05-01 03:00:00,480.6698
2016-05-01 04:00:00,2016-05-01 04:00:00,492.9968
2016-05-01 05:00:00,2016-05-01 05:00:00,474.0715
2016-05-01 06:00:00,2016-05-01 06:00:00,470.7602
2016-05-01 07:00:00,2016-05-01 07:00:00,470.527
2016-05-01 08:00:00,2016-05-01 08:00:00,477.8918
2016-05-01 09:00:00,2016-05-01 09:00:00,500.3138
2016-05-01 10:00:00,2016-05-01 10:00:00,522.7535
2016-05-01 11:00:00,2016-05-01 11:00:00,540.2525
2016-05-01 12:00:00,2016-05-01 12:00:00,553.5012
2016-05-01 13:00:00,2016-05-01 13:00:00,560.616
2016-05-01 14:00:00,2016-05-01 14:00:00,554.3945
2016-05-01 15:00:00,2016-05-01 15:00:00,539.9015
2016-05-01 16:00:00,2016-05-01 16:00:00,522.6875
2016-05-01 17:00:00,2016-05-01 17:00:00,515.2205
2016-05-01 18:00:00,2016-05-01 18:00:00,480.9408
2016-05-01 19:00:00,2016-05-01 19:00:00,472.616
2016-05-01 20:00:00,2016-05-01 20:00:00,475.7883
2016-05-01 21:00:00,2016-05-01 21:00:00,474.09
2016-05-01 22:00:00,2016-05-01 22:00:00,466.8555
2016-05-01 23:00:00,2016-05-01 23:00:00,452.9277
2016-05-02 00:00:00,2016-05-02 00:00:00,441.6587
2016-05-02 01:00:00,2016-05-02 01:00:00,448.4395
2016-05-02 02:00:00,2016-05-02 02:00:00,451.2515
2016-05-02 03:00:00,2016-05-02 03:00:00,447.9178
2016-05-02 04:00:00,2016-05-02 04:00:00,448.958
2016-05-02 05:00:00,2016-05-02 05:00:00,447.366
2016-05-02 06:00:00,2016-05-02 06:00:00,458.9894
2016-05-02 07:00:00,2016-05-02 07:00:00,461.377
2016-05-02 08:00:00,2016-05-02 08:00:00,470.6745
2016-05-02 09:00:00,2016-05-02 09:00:00,484.449
2016-05-02 10:00:00,2016-05-02 10:00:00,502.2958
2016-05-02 11:00:00,2016-05-02 11:00:00,532.2582
2016-05-02 12:00:00,2016-05-02 12:00:00,533.7393
2016-05-02 13:00:00,2016-05-02 13:00:00,536.9542
2016-05-02 14:00:00,2016-05-02 14:00:00,541.1395
2016-05-02 15:00:00,2016-05-02 15:00:00,529.4883
2016-05-02 16:00:00,2016-05-02 16:00:00,517.9125
2016-05-02 17:00:00,2016-05-02 17:00:00,503.3013
2016-05-02 18:00:00,2016-05-02 18:00:00,482.6008
2016-05-02 19:00:00,2016-05-02 19:00:00,476.249
2016-05-02 20:00:00,2016-05-02 20:00:00,479.4475
2016-05-02 21:00:00,2016-05-02 21:00:00,465.8312
2016-05-02 22:00:00,2016-05-02 22:00:00,463.4155
2016-05-02 23:00:00,2016-05-02 23:00:00,457.9053
2016-05-03 00:00:00,2016-05-03 00:00:00,453.5827
2016-05-03 01:00:00,2016-05-03 01:00:00,450.7828
2016-05-03 02:00:00,2016-05-03 02:00:00,444.5732
2016-05-03 03:00:00,2016-05-03 03:00:00,445.1285
2016-05-03 04:00:00,2016-05-03 04:00:00,443.8257
2016-05-03 05:00:00,2016-05-03 05:00:00,441.285
2016-05-03 06:00:00,2016-05-03 06:00:00,452.3832
2016-05-03 07:00:00,2016-05-03 07:00:00,459.299
2016-05-03 08:00:00,2016-05-03 08:00:00,471.5028
2016-05-03 09:00:00,2016-05-03 09:00:00,490.8463
2016-05-03 10:00:00,2016-05-03 10:00:00,508.992
2016-05-03 11:00:00,2016-05-03 11:00:00,524.8588
2016-05-03 12:00:00,2016-05-03 12:00:00,531.983
2016-05-03 13:00:00,2016-05-03 13:00:00,523.629
2016-05-03 14:00:00,2016-05-03 14:00:00,525.989
2016-05-03 15:00:00,2016-05-03 15:00:00,544.005
2016-05-03 16:00:00,2016-05-03 16:00:00,537.29
2016-05-03 17:00:00,2016-05-03 17:00:00,512.9025
2016-05-03 18:00:00,2016-05-03 18:00:00,484.6397
2016-05-03 19:00:00,2016-05-03 19:00:00,476.9555
2016-05-03 20:00:00,2016-05-03 20:00:00,483.806
2016-05-03 21:00:00,2016-05-03 21:00:00,486.8585
2016-05-03 22:00:00,2016-05-03 22:00:00,480.6595
2016-05-03 23:00:00,2016-05-03 23:00:00,478.7932
2016-05-04 00:00:00,2016-05-04 00:00:00,458.5203
2016-05-04 01:00:00,2016-05-04 01:00:00,453.2945
2016-05-04 02:00:00,2016-05-04 02:00:00,444.1755
2016-05-04 03:00:00,2016-05-04 03:00:00,447.933
2016-05-04 04:00:00,2016-05-04 04:00:00,443.8817
2016-05-04 05:00:00,2016-05-04 05:00:00,447.543
2016-05-04 06:00:00,2016-05-04 06:00:00,459.1773
2016-05-04 07:00:00,2016-05-04 07:00:00,463.71
2016-05-04 08:00:00,2016-05-04 08:00:00,474.6028
2016-05-04 09:00:00,2016-05-04 09:00:00,494.4062
2016-05-04 10:00:00,2016-05-04 10:00:00,509.547
2016-05-04 11:00:00,2016-05-04 11:00:00,517.7545
2016-05-04 12:00:00,2016-05-04 12:00:00,520.5815
2016-05-04 13:00:00,2016-05-04 13:00:00,520.3178
2016-05-04 14:00:00,2016-05-04 14:00:00,515.1464
2016-05-04 15:00:00,2016-05-04 15:00:00,519.6098
2016-05-04 16:00:00,2016-05-04 16:00:00,517.5445
2016-05-04 17:00:00,2016-05-04 17:00:00,507.9902
2016-05-04 18:00:00,2016-05-04 18:00:00,484.3817
2016-05-04 19:00:00,2016-05-04 19:00:00,474.2035
2016-05-04 20:00:00,2016-05-04 20:00:00,468.6702
2016-05-04 21:00:00,2016-05-04 21:00:00,462.9373
2016-05-04 22:00:00,2016-05-04 22:00:00,465.2728
2016-05-04 23:00:00,2016-05-04 23:00:00,467.474
2016-05-05 00:00:00,2016-05-05 00:00:00,469.1465
2016-05-05 01:00:00,2016-05-05 01:00:00,467.1012
2016-05-05 02:00:00,2016-05-05 02:00:00,458.8583
2016-05-05 03:00:00,2016-05-05 03:00:00,456.489
2016-05-05 04:00:00,2016-05-05 04:00:00,452.8335
2016-05-05 05:00:00,2016-05-05 05:00:00,451.9415
2016-05-05 06:00:00,2016-05-05 06:00:00,462.6878
2016-05-05 07:00:00,2016-05-05 07:00:00,464.8207
2016-05-05 08:00:00,2016-05-05 08:00:00,477.6168
2016-05-05 09:00:00,2016-05-05 09:00:00,489.638
2016-05-05 10:00:00,2016-05-05 10:00:00,500.6045
2016-05-05 11:00:00,2016-05-05 11:00:00,512.423
2016-05-05 12:00:00,2016-05-05 12:00:00,517.1418
2016-05-05 13:00:00,2016-05-05 13:00:00,516.5977
2016-05-05 14:00:00,2016-05-05 14:00:00,529.2
2016-05-05 15:00:00,2016-05-05 15:00:00,530.531
2016-05-05 16:00:00,2016-05-05 16:00:00,513.7615
2016-05-05 17:00:00,2016-05-05 17:00:00,502.716
2016-05-05 18:00:00,2016-05-05 18:00:00,485.9728
2016-05-05 19:00:00,2016-05-05 19:00:00,475.855
2016-05-05 20:00:00,2016-05-05 20:00:00,467.7585
2016-05-05 21:00:00,2016-05-05 21:00:00,463.4155
2016-05-05 22:00:00,2016-05-05 22:00:00,460.1402
2016-05-05 23:00:00,2016-05-05 23:00:00,451.5935
2016-05-06 00:00:00,2016-05-06 00:00:00,450.035
2016-05-06 01:00:00,2016-05-06 01:00:00,446.7438
2016-05-06 02:00:00,2016-05-06 02:00:00,444.0963
2016-05-06 03:00:00,2016-05-06 03:00:00,445.2132
2016-05-06 04:00:00,2016-05-06 04:00:00,443.3783
2016-05-06 05:00:00,2016-05-06 05:00:00,444.9935
2016-05-06 06:00:00,2016-05-06 06:00:00,456.922
2016-05-06 07:00:00,2016-05-06 07:00:00,457.65
2016-05-06 08:00:00,2016-05-06 08:00:00,467.9322
2016-05-06 09:00:00,2016-05-06 09:00:00,479.2063
2016-05-06 10:00:00,2016-05-06 10:00:00,482.9737
2016-05-06 11:00:00,2016-05-06 11:00:00,489.0553
2016-05-06 12:00:00,2016-05-06 12:00:00,490.8988
2016-05-06 13:00:00,2016-05-06 13:00:00,492.2515
2016-05-06 14:00:00,2016-05-06 14:00:00,501.5078
2016-05-06 15:00:00,2016-05-06 15:00:00,495.6852
2016-05-06 16:00:00,2016-05-06 16:00:00,496.6475
2016-05-06 17:00:00,2016-05-06 17:00:00,487.5068
2016-05-06 18:00:00,2016-05-06 18:00:00,468.4293
2016-05-06 19:00:00,2016-05-06 19:00:00,461.9448
2016-05-06 20:00:00,2016-05-06 20:00:00,456.0915
2016-05-06 21:00:00,2016-05-06 21:00:00,449.8947
2016-05-06 22:00:00,2016-05-06 22:00:00,441.6308
2016-05-06 23:00:00,2016-05-06 23:00:00,440.1995
2016-05-07 00:00:00,2016-05-07 00:00:00,438.5835
2016-05-07 01:00:00,2016-05-07 01:00:00,438.9438
2016-05-07 02:00:00,2016-05-07 02:00:00,436.1007
2016-05-07 03:00:00,2016-05-07 03:00:00,433.551
2016-05-07 04:00:00,2016-05-07 04:00:00,433.2668
2016-05-07 05:00:00,2016-05-07 05:00:00,436.367
2016-05-07 06:00:00,2016-05-07 06:00:00,451.3343
2016-05-07 07:00:00,2016-05-07 07:00:00,453.6215
2016-05-07 08:00:00,2016-05-07 08:00:00,452.5425
2016-05-07 09:00:00,2016-05-07 09:00:00,457.6512
2016-05-07 10:00:00,2016-05-07 10:00:00,460.269
2016-05-07 11:00:00,2016-05-07 11:00:00,463.855
2016-05-07 12:00:00,2016-05-07 12:00:00,469.2072
2016-05-07 13:00:00,2016-05-07 13:00:00,472.033
2016-05-07 14:00:00,2016-05-07 14:00:00,476.13
2016-05-07 15:00:00,2016-05-07 15:00:00,475.2645
2016-05-07 16:00:00,2016-05-07 16:00:00,479.9242
2016-05-07 17:00:00,2016-05-07 17:00:00,477.452
2016-05-07 18:00:00,2016-05-07 18:00:00,460.0188
2016-05-07 19:00:00,2016-05-07 19:00:00,456.9342
2016-05-07 20:00:00,2016-05-07 20:00:00,455.9142
2016-05-07 21:00:00,2016-05-07 21:00:00,457.9507
2016-05-07 22:00:00,2016-05-07 22:00:00,448.995
2016-05-07 23:00:00,2016-05-07 23:00:00,450.218
2016-05-08 00:00:00,2016-05-08 00:00:00,447.0075
2016-05-08 01:00:00,2016-05-08 01:00:00,444.8435
2016-05-08 02:00:00,2016-05-08 02:00:00,442.944
2016-05-08 03:00:00,2016-05-08 03:00:00,440.7495
2016-05-08 04:00:00,2016-05-08 04:00:00,441.3082
2016-05-08 05:00:00,2016-05-08 05:00:00,443.4827
2016-05-08 06:00:00,2016-05-08 06:00:00,451.619
2016-05-08 07:00:00,2016-05-08 07:00:00,452.3625
2016-05-08 08:00:00,2016-05-08 08:00:00,455.589
2016-05-08 09:00:00,2016-05-08 09:00:00,462.2102
2016-05-08 10:00:00,2016-05-08 10:00:00,471.9845
2016-05-08 11:00:00,2016-05-08 11:00:00,471.3087
2016-05-08 12:00:00,2016-05-08 12:00:00,479.0747
2016-05-08 13:00:00,2016-05-08 13:00:00,488.5968
2016-05-08 14:00:00,2016-05-08 14:00:00,496.955
2016-05-08 15:00:00,2016-05-08 15:00:00,489.681
2016-05-08 16:00:00,2016-05-08 16:00:00,488.559
2016-05-08 17:00:00,2016-05-08 17:00:00,483.3595
2016-05-08 18:00:00,2016-05-08 18:00:00,467.6582
2016-05-08 19:00:00,2016-05-08 19:00:00,460.0018
2016-05-08 20:00:00,2016-05-08 20:00:00,458.3848
2016-05-08 21:00:00,2016-05-08 21:00:00,447.5315
2016-05-08 22:00:00,2016-05-08 22:00:00,446.3022
2016-05-08 23:00:00,2016-05-08 23:00:00,440.5615
2016-05-09 00:00:00,2016-05-09 00:00:00,442.8497
2016-05-09 01:00:00,2016-05-09 01:00:00,437.2915
2016-05-09 02:00:00,2016-05-09 02:00:00,432.3173
2016-05-09 03:00:00,2016-05-09 03:00:00,433.5035
2016-05-09 04:00:00,2016-05-09 04:00:00,431.9412
2016-05-09 05:00:00,2016-05-09 05:00:00,428.5378
2016-05-09 06:00:00,2016-05-09 06:00:00,442.0588
2016-05-09 07:00:00,2016-05-09 07:00:00,445.032
2016-05-09 08:00:00,2016-05-09 08:00:00,456.5155
2016-05-09 09:00:00,2016-05-09 09:00:00,467.7637
2016-05-09 10:00:00,2016-05-09 10:00:00,483.1407
2016-05-09 11:00:00,2016-05-09 11:00:00,491.1518
2016-05-09 12:00:00,2016-05-09 12:00:00,495.4818
2016-05-09 13:00:00,2016-05-09 13:00:00,502.3882
2016-05-09 14:00:00,2016-05-09 14:00:00,514.0595
2016-05-09 15:00:00,2016-05-09 15:00:00,506.736
2016-05-09 16:00:00,2016-05-09 16:00:00,501.2307
2016-05-09 17:00:00,2016-05-09 17:00:00,488.138
2016-05-09 18:00:00,2016-05-09 18:00:00,473.3635
2016-05-09 19:00:00,2016-05-09 19:00:00,452.8575
2016-05-09 20:00:00,2016-05-09 20:00:00,446.291
2016-05-09 21:00:00,2016-05-09 21:00:00,441.7625
2016-05-09 22:00:00,2016-05-09 22:00:00,434.7685
2016-05-09 23:00:00,2016-05-09 23:00:00,430.6458
2016-05-10 00:00:00,2016-05-10 00:00:00,427.284
2016-05-10 01:00:00,2016-05-10 01:00:00,426.2145
2016-05-10 02:00:00,2016-05-10 02:00:00,427.4153
2016-05-10 03:00:00,2016-05-10 03:00:00,428.9015
2016-05-10 04:00:00,2016-05-10 04:00:00,426.2525
2016-05-10 05:00:00,2016-05-10 05:00:00,424.6315
2016-05-10 06:00:00,2016-05-10 06:00:00,438.714
2016-05-10 07:00:00,2016-05-10 07:00:00,442.281
2016-05-10 08:00:00,2016-05-10 08:00:00,451.0615
2016-05-10 09:00:00,2016-05-10 09:00:00,464.589
2016-05-10 10:00:00,2016-05-10 10:00:00,481.2175
2016-05-10 11:00:00,2016-05-10 11:00:00,492.86
2016-05-10 12:00:00,2016-05-10 12:00:00,506.858
2016-05-10 13:00:00,2016-05-10 13:00:00,521.731
2016-05-10 14:00:00,2016-05-10 14:00:00,505.0775
2016-05-10 15:00:00,2016-05-10 15:00:00,501.1793
2016-05-10 16:00:00,2016-05-10 16:00:00,505.638
2016-05-10 17:00:00,2016-05-10 17:00:00,493.9018
2016-05-10 18:00:00,2016-05-10 18:00:00,481.7077
2016-05-10 19:00:00,2016-05-10 19:00:00,470.2812
2016-05-10 20:00:00,2016-05-10 20:00:00,469.5265
2016-05-10 21:00:00,2016-05-10 21:00:00,463.8008
2016-05-10 22:00:00,2016-05-10 22:00:00,452.4737
2016-05-10 23:00:00,2016-05-10 23:00:00,446.8873
2016-05-11 00:00:00,2016-05-11 00:00:00,445.2063
2016-05-11 01:00:00,2016-05-11 01:00:00,439.0413
2016-05-11 02:00:00,2016-05-11 02:00:00,439.1132
2016-05-11 03:00:00,2016-05-11 03:00:00,439.2255
2016-05-11 04:00:00,2016-05-11 04:00:00,438.5863
2016-05-11 05:00:00,2016-05-11 05:00:00,435.658
2016-05-11 06:00:00,2016-05-11 06:00:00,447.2935
2016-05-11 07:00:00,2016-05-11 07:00:00,450.3152
2016-05-11 08:00:00,2016-05-11 08:00:00,458.0473
2016-05-11 09:00:00,2016-05-11 09:00:00,470.4502
2016-05-11 10:00:00,2016-05-11 10:00:00,483.7415
2016-05-11 11:00:00,2016-05-11 11:00:00,492.5
2016-05-11 12:00:00,2016-05-11 12:00:00,506.6672
2016-05-11 13:00:00,2016-05-11 13:00:00,509.1892
2016-05-11 14:00:00,2016-05-11 14:00:00,507.596
2016-05-11 15:00:00,2016-05-11 15:00:00,507.7975
2016-05-11 16:00:00,2016-05-11 16:00:00,503.8525
2016-05-11 17:00:00,2016-05-11 17:00:00,497.08
2016-05-11 18:00:00,2016-05-11 18:00:00,471.9325
2016-05-11 19:00:00,2016-05-11 19:00:00,462.1757
2016-05-11 20:00:00,2016-05-11 20:00:00,454.6833
2016-05-11 21:00:00,2016-05-11 21:00:00,446.8537
2016-05-11 22:00:00,2016-05-11 22:00:00,445.4695
2016-05-11 23:00:00,2016-05-11 23:00:00,445.0985
2016-05-12 00:00:00,2016-05-12 00:00:00,440.4225
2016-05-12 01:00:00,2016-05-12 01:00:00,442.2453
2016-05-12 02:00:00,2016-05-12 02:00:00,438.7925
2016-05-12 03:00:00,2016-05-12 03:00:00,438.2063
2016-05-12 04:00:00,2016-05-12 04:00:00,435.561
2016-05-12 05:00:00,2016-05-12 05:00:00,434.4665
2016-05-12 06:00:00,2016-05-12 06:00:00,447.3455
2016-05-12 07:00:00,2016-05-12 07:00:00,449.0027
2016-05-12 08:00:00,2016-05-12 08:00:00,460.0197
2016-05-12 09:00:00,2016-05-12 09:00:00,471.5158
2016-05-12 10:00:00,2016-05-12 10:00:00,480.8753
2016-05-12 11:00:00,2016-05-12 11:00:00,488.3875
2016-05-12 12:00:00,2016-05-12 12:00:00,494.703
2016-05-12 13:00:00,2016-05-12 13:00:00,498.6085
2016-05-12 14:00:00,2016-05-12 14:00:00,498.6458
2016-05-12 15:00:00,2016-05-12 15:00:00,498.7972
2016-05-12 16:00:00,2016-05-12 16:00:00,497.776
2016-05-12 17:00:00,2016-05-12 17:00:00,495.9995
2016-05-12 18:00:00,2016-05-12 18:00:00,477.3067
2016-05-12 19:00:00,2016-05-12 19:00:00,468.206
2016-05-12 20:00:00,2016-05-12 20:00:00,466.3048
2016-05-12 21:00:00,2016-05-12 21:00:00,450.4312
2016-05-12 22:00:00,2016-05-12 22:00:00,452.5362
2016-05-12 23:00:00,2016-05-12 23:00:00,447.0805
2016-05-13 00:00:00,2016-05-13 00:00:00,443.9312
2016-05-13 01:00:00,2016-05-13 01:00:00,442.0465
2016-05-13 02:00:00,2016-05-13 02:00:00,440.3813
2016-05-13 03:00:00,2016-05-13 03:00:00,439.8175
2016-05-13 04:00:00,2016-05-13 04:00:00,437.6238
2016-05-13 05:00:00,2016-05-13 05:00:00,436.7092
2016-05-13 06:00:00,2016-05-13 06:00:00,446.076
2016-05-13 07:00:00,2016-05-13 07:00:00,449.908
2016-05-13 08:00:00,2016-05-13 08:00:00,461.242
2016-05-13 09:00:00,2016-05-13 09:00:00,476.9625
2016-05-13 10:00:00,2016-05-13 10:00:00,484.5677
2016-05-13 11:00:00,2016-05-13 11:00:00,499.4685
2016-05-13 12:00:00,2016-05-13 12:00:00,508.6022
2016-05-13 13:00:00,2016-05-13 13:00:00,512.9505
2016-05-13 14:00:00,2016-05-13 14:00:00,510.9167
2016-05-13 15:00:00,2016-05-13 15:00:00,510.038
2016-05-13 16:00:00,2016-05-13 16:00:00,498.9115
2016-05-13 17:00:00,2016-05-13 17:00:00,490.2408
2016-05-13 18:00:00,2016-05-13 18:00:00,469.125
2016-05-13 19:00:00,2016-05-13 19:00:00,464.6457
2016-05-13 20:00:00,2016-05-13 20:00:00,462.2282
2016-05-13 21:00:00,2016-05-13 21:00:00,450.4565
2016-05-13 22:00:00,2016-05-13 22:00:00,445.5555
2016-05-13 23:00:00,2016-05-13 23:00:00,442.1588
2016-05-14 00:00:00,2016-05-14 00:00:00,437.9338
2016-05-14 01:00:00,2016-05-14 01:00:00,437.4313
2016-05-14 02:00:00,2016-05-14 02:00:00,437.108
2016-05-14 03:00:00,2016-05-14 03:00:00,438.7875
2016-05-14 04:00:00,2016-05-14 04:00:00,440.1137
2016-05-14 05:00:00,2016-05-14 05:00:00,439.045
2016-05-14 06:00:00,2016-05-14 06:00:00,450.245
2016-05-14 07:00:00,2016-05-14 07:00:00,457.4938
2016-05-14 08:00:00,2016-05-14 08:00:00,459.803
2016-05-14 09:00:00,2016-05-14 09:00:00,461.6238
2016-05-14 10:00:00,2016-05-14 10:00:00,472.0132
2016-05-14 11:00:00,2016-05-14 11:00:00,474.7708
2016-05-14 12:00:00,2016-05-14 12:00:00,486.778
2016-05-14 13:00:00,2016-05-14 13:00:00,510.4355
2016-05-14 14:00:00,2016-05-14 14:00:00,518.9125
2016-05-14 15:00:00,2016-05-14 15:00:00,515.5942
2016-05-14 16:00:00,2016-05-14 16:00:00,505.311
2016-05-14 17:00:00,2016-05-14 17:00:00,508.9987
2016-05-14 18:00:00,2016-05-14 18:00:00,487.0818
2016-05-14 19:00:00,2016-05-14 19:00:00,477.9188
2016-05-14 20:00:00,2016-05-14 20:00:00,477.1585
2016-05-14 21:00:00,2016-05-14 21:00:00,469.399
2016-05-14 22:00:00,2016-05-14 22:00:00,465.5117
2016-05-14 23:00:00,2016-05-14 23:00:00,461.988
2016-05-15 00:00:00,2016-05-15 00:00:00,464.0028
2016-05-15 01:00:00,2016-05-15 01:00:00,458.3288
2016-05-15 02:00:00,2016-05-15 02:00:00,456.453
2016-05-15 03:00:00,2016-05-15 03:00:00,457.2105
2016-05-15 04:00:00,2016-05-15 04:00:00,456.3925
2016-05-15 05:00:00,2016-05-15 05:00:00,456.055
2016-05-15 06:00:00,2016-05-15 06:00:00,454.4655
2016-05-15 07:00:00,2016-05-15 07:00:00,457.9832
2016-05-15 08:00:00,2016-05-15 08:00:00,467.1847
2016-05-15 09:00:00,2016-05-15 09:00:00,470.1045
2016-05-15 10:00:00,2016-05-15 10:00:00,483.668
2016-05-15 11:00:00,2016-05-15 11:00:00,507.994
2016-05-15 12:00:00,2016-05-15 12:00:00,517.6122
2016-05-15 13:00:00,2016-05-15 13:00:00,526.5008
2016-05-15 14:00:00,2016-05-15 14:00:00,534.7748
2016-05-15 15:00:00,2016-05-15 15:00:00,534.954
2016-05-15 16:00:00,2016-05-15 16:00:00,534.556
2016-05-15 17:00:00,2016-05-15 17:00:00,525.2195
2016-05-15 18:00:00,2016-05-15 18:00:00,498.839
2016-05-15 19:00:00,2016-05-15 19:00:00,479.1708
2016-05-15 20:00:00,2016-05-15 20:00:00,473.124
2016-05-15 21:00:00,2016-05-15 21:00:00,456.6685
2016-05-15 22:00:00,2016-05-15 22:00:00,454.6588
2016-05-15 23:00:00,2016-05-15 23:00:00,454.1008
2016-05-16 00:00:00,2016-05-16 00:00:00,454.6638
2016-05-16 01:00:00,2016-05-16 01:00:00,452.2258
2016-05-16 02:00:00,2016-05-16 02:00:00,439.4495
2016-05-16 03:00:00,2016-05-16 03:00:00,439.687
2016-05-16 04:00:00,2016-05-16 04:00:00,437.1585
2016-05-16 05:00:00,2016-05-16 05:00:00,435.3365
2016-05-16 06:00:00,2016-05-16 06:00:00,449.3207
2016-05-16 07:00:00,2016-05-16 07:00:00,451.4937
2016-05-16 08:00:00,2016-05-16 08:00:00,464.0175
2016-05-16 09:00:00,2016-05-16 09:00:00,486.2375
2016-05-16 10:00:00,2016-05-16 10:00:00,504.123
2016-05-16 11:00:00,2016-05-16 11:00:00,527.5533
2016-05-16 12:00:00,2016-05-16 12:00:00,549.9895
2016-05-16 13:00:00,2016-05-16 13:00:00,554.648
2016-05-16 14:00:00,2016-05-16 14:00:00,543.1735
2016-05-16 15:00:00,2016-05-16 15:00:00,536.9468
2016-05-16 16:00:00,2016-05-16 16:00:00,549.4092
2016-05-16 17:00:00,2016-05-16 17:00:00,541.018
2016-05-16 18:00:00,2016-05-16 18:00:00,512.1465
2016-05-16 19:00:00,2016-05-16 19:00:00,498.437
2016-05-16 20:00:00,2016-05-16 20:00:00,476.722
2016-05-16 21:00:00,2016-05-16 21:00:00,462.1182
2016-05-16 22:00:00,2016-05-16 22:00:00,461.1028
2016-05-16 23:00:00,2016-05-16 23:00:00,468.8762
2016-05-17 00:00:00,2016-05-17 00:00:00,459.4142
2016-05-17 01:00:00,2016-05-17 01:00:00,458.4368
2016-05-17 02:00:00,2016-05-17 02:00:00,455.304
2016-05-17 03:00:00,2016-05-17 03:00:00,451.5948
2016-05-17 04:00:00,2016-05-17 04:00:00,444.7755
2016-05-17 05:00:00,2016-05-17 05:00:00,443.704
2016-05-17 06:00:00,2016-05-17 06:00:00,451.5928
2016-05-17 07:00:00,2016-05-17 07:00:00,462.854
2016-05-17 08:00:00,2016-05-17 08:00:00,485.8245
2016-05-17 09:00:00,2016-05-17 09:00:00,526.8218
2016-05-17 10:00:00,2016-05-17 10:00:00,552.183
2016-05-17 11:00:00,2016-05-17 11:00:00,580.4993
2016-05-17 12:00:00,2016-05-17 12:00:00,616.5412
2016-05-17 13:00:00,2016-05-17 13:00:00,666.3103
2016-05-17 14:00:00,2016-05-17 14:00:00,659.3148
2016-05-17 15:00:00,2016-05-17 15:00:00,641.5132
2016-05-17 16:00:00,2016-05-17 16:00:00,604.3113
2016-05-17 17:00:00,2016-05-17 17:00:00,582.8925
2016-05-17 18:00:00,2016-05-17 18:00:00,548.9428
2016-05-17 19:00:00,2016-05-17 19:00:00,532.3393
2016-05-17 20:00:00,2016-05-17 20:00:00,521.0622
2016-05-17 21:00:00,2016-05-17 21:00:00,514.7812
2016-05-17 22:00:00,2016-05-17 22:00:00,503.998
2016-05-17 23:00:00,2016-05-17 23:00:00,480.617
2016-05-18 00:00:00,2016-05-18 00:00:00,465.6952
2016-05-18 01:00:00,2016-05-18 01:00:00,467.0342
2016-05-18 02:00:00,2016-05-18 02:00:00,459.927
2016-05-18 03:00:00,2016-05-18 03:00:00,460.949
2016-05-18 04:00:00,2016-05-18 04:00:00,458.7957
2016-05-18 05:00:00,2016-05-18 05:00:00,457.5057
2016-05-18 06:00:00,2016-05-18 06:00:00,465.0795
2016-05-18 07:00:00,2016-05-18 07:00:00,474.5825
2016-05-18 08:00:00,2016-05-18 08:00:00,504.0462
2016-05-18 09:00:00,2016-05-18 09:00:00,532.9253
2016-05-18 10:00:00,2016-05-18 10:00:00,545.5785
2016-05-18 11:00:00,2016-05-18 11:00:00,563.1882
2016-05-18 12:00:00,2016-05-18 12:00:00,566.8122
2016-05-18 13:00:00,2016-05-18 13:00:00,568.3638
2016-05-18 14:00:00,2016-05-18 14:00:00,566.6028
2016-05-18 15:00:00,2016-05-18 15:00:00,562.2575
2016-05-18 16:00:00,2016-05-18 16:00:00,567.8673
2016-05-18 17:00:00,2016-05-18 17:00:00,556.7152
2016-05-18 18:00:00,2016-05-18 18:00:00,521.343
2016-05-18 19:00:00,2016-05-18 19:00:00,513.0955
2016-05-18 20:00:00,2016-05-18 20:00:00,479.5877
2016-05-18 21:00:00,2016-05-18 21:00:00,468.757
2016-05-18 22:00:00,2016-05-18 22:00:00,466.805
2016-05-18 23:00:00,2016-05-18 23:00:00,462.8405
2016-05-19 00:00:00,2016-05-19 00:00:00,456.617
2016-05-19 01:00:00,2016-05-19 01:00:00,454.9057
2016-05-19 02:00:00,2016-05-19 02:00:00,451.374
2016-05-19 03:00:00,2016-05-19 03:00:00,438.5435
2016-05-19 04:00:00,2016-05-19 04:00:00,441.5085
2016-05-19 05:00:00,2016-05-19 05:00:00,438.1156
2016-05-19 06:00:00,2016-05-19 06:00:00,446.6615
2016-05-19 07:00:00,2016-05-19 07:00:00,454.0745
2016-05-19 08:00:00,2016-05-19 08:00:00,465.2633
2016-05-19 09:00:00,2016-05-19 09:00:00,480.0255
2016-05-19 10:00:00,2016-05-19 10:00:00,483.0855
2016-05-19 11:00:00,2016-05-19 11:00:00,504.257
2016-05-19 12:00:00,2016-05-19 12:00:00,520.6383
2016-05-19 13:00:00,2016-05-19 13:00:00,530.9075
2016-05-19 14:00:00,2016-05-19 14:00:00,529.9035
2016-05-19 15:00:00,2016-05-19 15:00:00,531.9308
2016-05-19 16:00:00,2016-05-19 16:00:00,535.403
2016-05-19 17:00:00,2016-05-19 17:00:00,521.424
2016-05-19 18:00:00,2016-05-19 18:00:00,490.2455
2016-05-19 19:00:00,2016-05-19 19:00:00,468.545
2016-05-19 20:00:00,2016-05-19 20:00:00,459.3615
2016-05-19 21:00:00,2016-05-19 21:00:00,454.5702
2016-05-19 22:00:00,2016-05-19 22:00:00,459.027
2016-05-19 23:00:00,2016-05-19 23:00:00,458.5775
2016-05-20 00:00:00,2016-05-20 00:00:00,448.265
2016-05-20 01:00:00,2016-05-20 01:00:00,435.285
2016-05-20 02:00:00,2016-05-20 02:00:00,429.423
2016-05-20 03:00:00,2016-05-20 03:00:00,426.3975
2016-05-20 04:00:00,2016-05-20 04:00:00,424.5763
2016-05-20 05:00:00,2016-05-20 05:00:00,425.8967
2016-05-20 06:00:00,2016-05-20 06:00:00,438.2688
2016-05-20 07:00:00,2016-05-20 07:00:00,444.2848
2016-05-20 08:00:00,2016-05-20 08:00:00,454.5573
2016-05-20 09:00:00,2016-05-20 09:00:00,471.0955
2016-05-20 10:00:00,2016-05-20 10:00:00,487.3058
2016-05-20 11:00:00,2016-05-20 11:00:00,496.3265
2016-05-20 12:00:00,2016-05-20 12:00:00,494.7075
2016-05-20 13:00:00,2016-05-20 13:00:00,500.9445
2016-05-20 14:00:00,2016-05-20 14:00:00,496.2932
2016-05-20 15:00:00,2016-05-20 15:00:00,492.4198
2016-05-20 16:00:00,2016-05-20 16:00:00,484.8445
2016-05-20 17:00:00,2016-05-20 17:00:00,480.4452
2016-05-20 18:00:00,2016-05-20 18:00:00,472.309
2016-05-20 19:00:00,2016-05-20 19:00:00,467.7493
2016-05-20 20:00:00,2016-05-20 20:00:00,455.654
2016-05-20 21:00:00,2016-05-20 21:00:00,452.4783
2016-05-20 22:00:00,2016-05-20 22:00:00,448.1118
2016-05-20 23:00:00,2016-05-20 23:00:00,448.9677
2016-05-21 00:00:00,2016-05-21 00:00:00,439.9208
2016-05-21 01:00:00,2016-05-21 01:00:00,438.3285
2016-05-21 02:00:00,2016-05-21 02:00:00,434.9233
2016-05-21 03:00:00,2016-05-21 03:00:00,438.2282
2016-05-21 04:00:00,2016-05-21 04:00:00,435.971
2016-05-21 05:00:00,2016-05-21 05:00:00,434.6128
2016-05-21 06:00:00,2016-05-21 06:00:00,449.842
2016-05-21 07:00:00,2016-05-21 07:00:00,453.847
2016-05-21 08:00:00,2016-05-21 08:00:00,457.2562
2016-05-21 09:00:00,2016-05-21 09:00:00,460.606
2016-05-21 10:00:00,2016-05-21 10:00:00,467.6313
2016-05-21 11:00:00,2016-05-21 11:00:00,476.6
2016-05-21 12:00:00,2016-05-21 12:00:00,487.1598
2016-05-21 13:00:00,2016-05-21 13:00:00,490.4585
2016-05-21 14:00:00,2016-05-21 14:00:00,487.364
2016-05-21 15:00:00,2016-05-21 15:00:00,481.109
2016-05-21 16:00:00,2016-05-21 16:00:00,479.8945
2016-05-21 17:00:00,2016-05-21 17:00:00,479.9433
2016-05-21 18:00:00,2016-05-21 18:00:00,461.7655
2016-05-21 19:00:00,2016-05-21 19:00:00,455.7473
2016-05-21 20:00:00,2016-05-21 20:00:00,454.5673
2016-05-21 21:00:00,2016-05-21 21:00:00,453.7845
2016-05-21 22:00:00,2016-05-21 22:00:00,450.174
2016-05-21 23:00:00,2016-05-21 23:00:00,436.7465
2016-05-22 00:00:00,2016-05-22 00:00:00,437.5348
2016-05-22 01:00:00,2016-05-22 01:00:00,438.413
2016-05-22 02:00:00,2016-05-22 02:00:00,440.5813
2016-05-22 03:00:00,2016-05-22 03:00:00,437.5925
2016-05-22 04:00:00,2016-05-22 04:00:00,431.602
2016-05-22 05:00:00,2016-05-22 05:00:00,436.2473
2016-05-22 06:00:00,2016-05-22 06:00:00,447.727
2016-05-22 07:00:00,2016-05-22 07:00:00,442.5477
2016-05-22 08:00:00,2016-05-22 08:00:00,447.7537
2016-05-22 09:00:00,2016-05-22 09:00:00,453.9402
2016-05-22 10:00:00,2016-05-22 10:00:00,458.526
2016-05-22 11:00:00,2016-05-22 11:00:00,471.769
2016-05-22 12:00:00,2016-05-22 12:00:00,481.1905
2016-05-22 13:00:00,2016-05-22 13:00:00,487.0328
2016-05-22 14:00:00,2016-05-22 14:00:00,475.4458
2016-05-22 15:00:00,2016-05-22 15:00:00,473.6258
2016-05-22 16:00:00,2016-05-22 16:00:00,476.5592
2016-05-22 17:00:00,2016-05-22 17:00:00,474.698
2016-05-22 18:00:00,2016-05-22 18:00:00,459.9837
2016-05-22 19:00:00,2016-05-22 19:00:00,456.8048
2016-05-22 20:00:00,2016-05-22 20:00:00,451.616
2016-05-22 21:00:00,2016-05-22 21:00:00,443.067
2016-05-22 22:00:00,2016-05-22 22:00:00,435.2052
2016-05-22 23:00:00,2016-05-22 23:00:00,434.692
2016-05-23 00:00:00,2016-05-23 00:00:00,432.3613
2016-05-23 01:00:00,2016-05-23 01:00:00,428.48
2016-05-23 02:00:00,2016-05-23 02:00:00,430.6605
2016-05-23 03:00:00,2016-05-23 03:00:00,431.7157
2016-05-23 04:00:00,2016-05-23 04:00:00,431.193
2016-05-23 05:00:00,2016-05-23 05:00:00,429.3618
2016-05-23 06:00:00,2016-05-23 06:00:00,442.5823
2016-05-23 07:00:00,2016-05-23 07:00:00,442.262
2016-05-23 08:00:00,2016-05-23 08:00:00,454.7982
2016-05-23 09:00:00,2016-05-23 09:00:00,466.5952
2016-05-23 10:00:00,2016-05-23 10:00:00,483.3855
2016-05-23 11:00:00,2016-05-23 11:00:00,494.0743
2016-05-23 12:00:00,2016-05-23 12:00:00,496.9838
2016-05-23 13:00:00,2016-05-23 13:00:00,500.678
2016-05-23 14:00:00,2016-05-23 14:00:00,508.0575
2016-05-23 15:00:00,2016-05-23 15:00:00,508.541
2016-05-23 16:00:00,2016-05-23 16:00:00,501.5758
2016-05-23 17:00:00,2016-05-23 17:00:00,494.3347
2016-05-23 18:00:00,2016-05-23 18:00:00,476.3627
2016-05-23 19:00:00,2016-05-23 19:00:00,465.732
2016-05-23 20:00:00,2016-05-23 20:00:00,461.0256
2016-05-23 21:00:00,2016-05-23 21:00:00,460.549
2016-05-23 22:00:00,2016-05-23 22:00:00,461.406
2016-05-23 23:00:00,2016-05-23 23:00:00,461.8405
2016-05-24 00:00:00,2016-05-24 00:00:00,459.6025
2016-05-24 01:00:00,2016-05-24 01:00:00,454.202
2016-05-24 02:00:00,2016-05-24 02:00:00,454.762
2016-05-24 03:00:00,2016-05-24 03:00:00,458.3575
2016-05-24 04:00:00,2016-05-24 04:00:00,452.4295
2016-05-24 05:00:00,2016-05-24 05:00:00,444.742
2016-05-24 06:00:00,2016-05-24 06:00:00,455.8668
2016-05-24 07:00:00,2016-05-24 07:00:00,460.3662
2016-05-24 08:00:00,2016-05-24 08:00:00,469.8642
2016-05-24 09:00:00,2016-05-24 09:00:00,481.7003
2016-05-24 10:00:00,2016-05-24 10:00:00,494.586
2016-05-24 11:00:00,2016-05-24 11:00:00,496.728
2016-05-24 12:00:00,2016-05-24 12:00:00,501.7308
2016-05-24 13:00:00,2016-05-24 13:00:00,501.966
2016-05-24 14:00:00,2016-05-24 14:00:00,506.758
2016-05-24 15:00:00,2016-05-24 15:00:00,506.4552
2016-05-24 16:00:00,2016-05-24 16:00:00,504.9565
2016-05-24 17:00:00,2016-05-24 17:00:00,500.5422
2016-05-24 18:00:00,2016-05-24 18:00:00,484.842
2016-05-24 19:00:00,2016-05-24 19:00:00,473.7933
2016-05-24 20:00:00,2016-05-24 20:00:00,468.0887
2016-05-24 21:00:00,2016-05-24 21:00:00,465.4685
2016-05-24 22:00:00,2016-05-24 22:00:00,464.156
2016-05-24 23:00:00,2016-05-24 23:00:00,465.5432
2016-05-25 00:00:00,2016-05-25 00:00:00,464.946
2016-05-25 01:00:00,2016-05-25 01:00:00,464.5413
2016-05-25 02:00:00,2016-05-25 02:00:00,463.1295
2016-05-25 03:00:00,2016-05-25 03:00:00,464.2887
2016-05-25 04:00:00,2016-05-25 04:00:00,460.5805
2016-05-25 05:00:00,2016-05-25 05:00:00,450.7775
2016-05-25 06:00:00,2016-05-25 06:00:00,462.587
2016-05-25 07:00:00,2016-05-25 07:00:00,463.91
2016-05-25 08:00:00,2016-05-25 08:00:00,472.3755
2016-05-25 09:00:00,2016-05-25 09:00:00,482.2485
2016-05-25 10:00:00,2016-05-25 10:00:00,491.0357
2016-05-25 11:00:00,2016-05-25 11:00:00,497.4635
2016-05-25 12:00:00,2016-05-25 12:00:00,506.091
2016-05-25 13:00:00,2016-05-25 13:00:00,507.7577
2016-05-25 14:00:00,2016-05-25 14:00:00,512.8947
2016-05-25 15:00:00,2016-05-25 15:00:00,518.3652
2016-05-25 16:00:00,2016-05-25 16:00:00,510.8113
2016-05-25 17:00:00,2016-05-25 17:00:00,500.8527
2016-05-25 18:00:00,2016-05-25 18:00:00,485.1023
2016-05-25 19:00:00,2016-05-25 19:00:00,477.6525
2016-05-25 20:00:00,2016-05-25 20:00:00,472.9257
2016-05-25 21:00:00,2016-05-25 21:00:00,471.613
2016-05-25 22:00:00,2016-05-25 22:00:00,470.443
2016-05-25 23:00:00,2016-05-25 23:00:00,462.0583
2016-05-26 00:00:00,2016-05-26 00:00:00,460.7658
2016-05-26 01:00:00,2016-05-26 01:00:00,452.5673
2016-05-26 02:00:00,2016-05-26 02:00:00,450.8723
2016-05-26 03:00:00,2016-05-26 03:00:00,451.8868
2016-05-26 04:00:00,2016-05-26 04:00:00,453.135
2016-05-26 05:00:00,2016-05-26 05:00:00,450.912
2016-05-26 06:00:00,2016-05-26 06:00:00,464.8958
2016-05-26 07:00:00,2016-05-26 07:00:00,471.4135
2016-05-26 08:00:00,2016-05-26 08:00:00,480.9848
2016-05-26 09:00:00,2016-05-26 09:00:00,491.5238
2016-05-26 10:00:00,2016-05-26 10:00:00,505.6098
2016-05-26 11:00:00,2016-05-26 11:00:00,518.2777
2016-05-26 12:00:00,2016-05-26 12:00:00,535.0103
2016-05-26 13:00:00,2016-05-26 13:00:00,546.1083
2016-05-26 14:00:00,2016-05-26 14:00:00,528.998
2016-05-26 15:00:00,2016-05-26 15:00:00,531.063
2016-05-26 16:00:00,2016-05-26 16:00:00,517.3615
2016-05-26 17:00:00,2016-05-26 17:00:00,507.9152
2016-05-26 18:00:00,2016-05-26 18:00:00,488.1603
2016-05-26 19:00:00,2016-05-26 19:00:00,477.0642
2016-05-26 20:00:00,2016-05-26 20:00:00,470.1628
2016-05-26 21:00:00,2016-05-26 21:00:00,468.4658
2016-05-26 22:00:00,2016-05-26 22:00:00,451.9085
2016-05-26 23:00:00,2016-05-26 23:00:00,452.726
2016-05-27 00:00:00,2016-05-27 00:00:00,450.827
2016-05-27 01:00:00,2016-05-27 01:00:00,451.5145
2016-05-27 02:00:00,2016-05-27 02:00:00,446.9278
2016-05-27 03:00:00,2016-05-27 03:00:00,444.492
2016-05-27 04:00:00,2016-05-27 04:00:00,442.891
2016-05-27 05:00:00,2016-05-27 05:00:00,441.113
2016-05-27 06:00:00,2016-05-27 06:00:00,452.6445
2016-05-27 07:00:00,2016-05-27 07:00:00,456.1352
2016-05-27 08:00:00,2016-05-27 08:00:00,471.6008
2016-05-27 09:00:00,2016-05-27 09:00:00,485.1443
2016-05-27 10:00:00,2016-05-27 10:00:00,503.1707
2016-05-27 11:00:00,2016-05-27 11:00:00,534.6735
2016-05-27 12:00:00,2016-05-27 12:00:00,551.11
2016-05-27 13:00:00,2016-05-27 13:00:00,555.7957
2016-05-27 14:00:00,2016-05-27 14:00:00,559.3793
2016-05-27 15:00:00,2016-05-27 15:00:00,558.2937
2016-05-27 16:00:00,2016-05-27 16:00:00,550.2528
2016-05-27 17:00:00,2016-05-27 17:00:00,540.9405
2016-05-27 18:00:00,2016-05-27 18:00:00,514.053
2016-05-27 19:00:00,2016-05-27 19:00:00,506.196
2016-05-27 20:00:00,2016-05-27 20:00:00,488.4848
2016-05-27 21:00:00,2016-05-27 21:00:00,476.5977
2016-05-27 22:00:00,2016-05-27 22:00:00,469.079
2016-05-27 23:00:00,2016-05-27 23:00:00,468.0692
2016-05-28 00:00:00,2016-05-28 00:00:00,468.6575
2016-05-28 01:00:00,2016-05-28 01:00:00,466.3042
2016-05-28 02:00:00,2016-05-28 02:00:00,462.5027
2016-05-28 03:00:00,2016-05-28 03:00:00,461.8012
2016-05-28 04:00:00,2016-05-28 04:00:00,461.9963
2016-05-28 05:00:00,2016-05-28 05:00:00,458.3062
2016-05-28 06:00:00,2016-05-28 06:00:00,469.6727
2016-05-28 07:00:00,2016-05-28 07:00:00,471.3632
2016-05-28 08:00:00,2016-05-28 08:00:00,482.2783
2016-05-28 09:00:00,2016-05-28 09:00:00,505.927
2016-05-28 10:00:00,2016-05-28 10:00:00,527.8622
2016-05-28 11:00:00,2016-05-28 11:00:00,539.655
2016-05-28 12:00:00,2016-05-28 12:00:00,553.7288
2016-05-28 13:00:00,2016-05-28 13:00:00,563.4532
2016-05-28 14:00:00,2016-05-28 14:00:00,560.127
2016-05-28 15:00:00,2016-05-28 15:00:00,555.0755
2016-05-28 16:00:00,2016-05-28 16:00:00,548.7873
2016-05-28 17:00:00,2016-05-28 17:00:00,537.9928
2016-05-28 18:00:00,2016-05-28 18:00:00,523.8978
2016-05-28 19:00:00,2016-05-28 19:00:00,514.5512
2016-05-28 20:00:00,2016-05-28 20:00:00,489.5372
2016-05-28 21:00:00,2016-05-28 21:00:00,464.294
2016-05-28 22:00:00,2016-05-28 22:00:00,462.6975
2016-05-28 23:00:00,2016-05-28 23:00:00,460.2138
2016-05-29 00:00:00,2016-05-29 00:00:00,456.3997
2016-05-29 01:00:00,2016-05-29 01:00:00,457.762
2016-05-29 02:00:00,2016-05-29 02:00:00,455.176
2016-05-29 03:00:00,2016-05-29 03:00:00,455.8385
2016-05-29 04:00:00,2016-05-29 04:00:00,449.663
2016-05-29 05:00:00,2016-05-29 05:00:00,447.28
2016-05-29 06:00:00,2016-05-29 06:00:00,456.16
2016-05-29 07:00:00,2016-05-29 07:00:00,459.43
2016-05-29 08:00:00,2016-05-29 08:00:00,462.3982
2016-05-29 09:00:00,2016-05-29 09:00:00,468.068
2016-05-29 10:00:00,2016-05-29 10:00:00,480.2312
2016-05-29 11:00:00,2016-05-29 11:00:00,498.1002
2016-05-29 12:00:00,2016-05-29 12:00:00,509.6222
2016-05-29 13:00:00,2016-05-29 13:00:00,512.3035
2016-05-29 14:00:00,2016-05-29 14:00:00,517.0667
2016-05-29 15:00:00,2016-05-29 15:00:00,504.8977
2016-05-29 16:00:00,2016-05-29 16:00:00,488.1928
2016-05-29 17:00:00,2016-05-29 17:00:00,481.1187
2016-05-29 18:00:00,2016-05-29 18:00:00,471.322
2016-05-29 19:00:00,2016-05-29 19:00:00,464.3075
2016-05-29 20:00:00,2016-05-29 20:00:00,463.6645
2016-05-29 21:00:00,2016-05-29 21:00:00,461.018
2016-05-29 22:00:00,2016-05-29 22:00:00,453.3703
2016-05-29 23:00:00,2016-05-29 23:00:00,445.5028
2016-05-30 00:00:00,2016-05-30 00:00:00,444.4362
2016-05-30 01:00:00,2016-05-30 01:00:00,444.1038
2016-05-30 02:00:00,2016-05-30 02:00:00,440.0418
2016-05-30 03:00:00,2016-05-30 03:00:00,438.0663
2016-05-30 04:00:00,2016-05-30 04:00:00,437.76
2016-05-30 05:00:00,2016-05-30 05:00:00,438.5
2016-05-30 06:00:00,2016-05-30 06:00:00,448.2835
2016-05-30 07:00:00,2016-05-30 07:00:00,453.5713
2016-05-30 08:00:00,2016-05-30 08:00:00,459.5775
2016-05-30 09:00:00,2016-05-30 09:00:00,476.5725
2016-05-30 10:00:00,2016-05-30 10:00:00,491.081
2016-05-30 11:00:00,2016-05-30 11:00:00,512.8115
2016-05-30 12:00:00,2016-05-30 12:00:00,524.4443
2016-05-30 13:00:00,2016-05-30 13:00:00,527.1418
2016-05-30 14:00:00,2016-05-30 14:00:00,526.1225
2016-05-30 15:00:00,2016-05-30 15:00:00,524.6813
2016-05-30 16:00:00,2016-05-30 16:00:00,518.7885
2016-05-30 17:00:00,2016-05-30 17:00:00,499.7878
2016-05-30 18:00:00,2016-05-30 18:00:00,489.1555
2016-05-30 19:00:00,2016-05-30 19:00:00,472.3297
2016-05-30 20:00:00,2016-05-30 20:00:00,462.3342
2016-05-30 21:00:00,2016-05-30 21:00:00,445.88
2016-05-30 22:00:00,2016-05-30 22:00:00,445.8653
2016-05-30 23:00:00,2016-05-30 23:00:00,444.433
2016-05-31 00:00:00,2016-05-31 00:00:00,442.0055
2016-05-31 01:00:00,2016-05-31 01:00:00,442.3728
2016-05-31 02:00:00,2016-05-31 02:00:00,443.6683
2016-05-31 03:00:00,2016-05-31 03:00:00,439.91
2016-05-31 04:00:00,2016-05-31 04:00:00,438.2
2016-05-31 05:00:00,2016-05-31 05:00:00,440.6983
2016-05-31 06:00:00,2016-05-31 06:00:00,451.4645
2016-05-31 07:00:00,2016-05-31 07:00:00,457.0335
2016-05-31 08:00:00,2016-05-31 08:00:00,481.7408
2016-05-31 09:00:00,2016-05-31 09:00:00,510.182
2016-05-31 10:00:00,2016-05-31 10:00:00,537.9227
2016-05-31 11:00:00,2016-05-31 11:00:00,554.5543
2016-05-31 12:00:00,2016-05-31 12:00:00,567.7078
2016-05-31 13:00:00,2016-05-31 13:00:00,576.2147
2016-05-31 14:00:00,2016-05-31 14:00:00,583.432
2016-05-31 15:00:00,2016-05-31 15:00:00,574.797
2016-05-31 16:00:00,2016-05-31 16:00:00,567.1698
2016-05-31 17:00:00,2016-05-31 17:00:00,553.1295
2016-05-31 18:00:00,2016-05-31 18:00:00,532.2944
2016-05-31 19:00:00,2016-05-31 19:00:00,519.2887
2016-05-31 20:00:00,2016-05-31 20:00:00,484.4873
2016-05-31 21:00:00,2016-05-31 21:00:00,473.7035
2016-05-31 22:00:00,2016-05-31 22:00:00,472.2242
2016-05-31 23:00:00,2016-05-31 23:00:00,470.7288
2016-06-01 00:00:00,2016-06-01 00:00:00,457.5565
2016-06-01 01:00:00,2016-06-01 01:00:00,457.8225
2016-06-01 02:00:00,2016-06-01 02:00:00,456.8565
2016-06-01 03:00:00,2016-06-01 03:00:00,452.5443
2016-06-01 04:00:00,2016-06-01 04:00:00,449.006
2016-06-01 05:00:00,2016-06-01 05:00:00,447.7942
2016-06-01 06:00:00,2016-06-01 06:00:00,455.5375
2016-06-01 07:00:00,2016-06-01 07:00:00,459.7503
2016-06-01 08:00:00,2016-06-01 08:00:00,471.969
2016-06-01 09:00:00,2016-06-01 09:00:00,485.325
2016-06-01 10:00:00,2016-06-01 10:00:00,496.3213
2016-06-01 11:00:00,2016-06-01 11:00:00,512.4793
2016-06-01 12:00:00,2016-06-01 12:00:00,535.1698
2016-06-01 13:00:00,2016-06-01 13:00:00,546.4552
2016-06-01 14:00:00,2016-06-01 14:00:00,535.8012
2016-06-01 15:00:00,2016-06-01 15:00:00,537.6705
2016-06-01 16:00:00,2016-06-01 16:00:00,526.3188
2016-06-01 17:00:00,2016-06-01 17:00:00,514.5912
2016-06-01 18:00:00,2016-06-01 18:00:00,491.2415
2016-06-01 19:00:00,2016-06-01 19:00:00,478.342
2016-06-01 20:00:00,2016-06-01 20:00:00,471.6593
2016-06-01 21:00:00,2016-06-01 21:00:00,468.0228
2016-06-01 22:00:00,2016-06-01 22:00:00,465.3768
2016-06-01 23:00:00,2016-06-01 23:00:00,467.3498
2016-06-02 00:00:00,2016-06-02 00:00:00,462.7035
2016-06-02 01:00:00,2016-06-02 01:00:00,456.1993
2016-06-02 02:00:00,2016-06-02 02:00:00,450.6058
2016-06-02 03:00:00,2016-06-02 03:00:00,455.0732
2016-06-02 04:00:00,2016-06-02 04:00:00,455.049
2016-06-02 05:00:00,2016-06-02 05:00:00,455.962
2016-06-02 06:00:00,2016-06-02 06:00:00,467.2508
2016-06-02 07:00:00,2016-06-02 07:00:00,470.827
2016-06-02 08:00:00,2016-06-02 08:00:00,477.6173
2016-06-02 09:00:00,2016-06-02 09:00:00,500.7375
2016-06-02 10:00:00,2016-06-02 10:00:00,519.6222
2016-06-02 11:00:00,2016-06-02 11:00:00,546.1053
2016-06-02 12:00:00,2016-06-02 12:00:00,572.241
2016-06-02 13:00:00,2016-06-02 13:00:00,568.5263
2016-06-02 14:00:00,2016-06-02 14:00:00,575.0855
2016-06-02 15:00:00,2016-06-02 15:00:00,573.3175
2016-06-02 16:00:00,2016-06-02 16:00:00,564.7965
2016-06-02 17:00:00,2016-06-02 17:00:00,551.439
2016-06-02 18:00:00,2016-06-02 18:00:00,522.9725
2016-06-02 19:00:00,2016-06-02 19:00:00,508.2343
2016-06-02 20:00:00,2016-06-02 20:00:00,479.3585
2016-06-02 21:00:00,2016-06-02 21:00:00,462.2992
2016-06-02 22:00:00,2016-06-02 22:00:00,456.9668
2016-06-02 23:00:00,2016-06-02 23:00:00,455.4637
2016-06-03 00:00:00,2016-06-03 00:00:00,451.1902
2016-06-03 01:00:00,2016-06-03 01:00:00,449.4937
2016-06-03 02:00:00,2016-06-03 02:00:00,444.371
2016-06-03 03:00:00,2016-06-03 03:00:00,446.1202
2016-06-03 04:00:00,2016-06-03 04:00:00,445.4305
2016-06-03 05:00:00,2016-06-03 05:00:00,443.6973
2016-06-03 06:00:00,2016-06-03 06:00:00,456.1053
2016-06-03 07:00:00,2016-06-03 07:00:00,468.8918
2016-06-03 08:00:00,2016-06-03 08:00:00,501.4152
2016-06-03 09:00:00,2016-06-03 09:00:00,543.8595
2016-06-03 10:00:00,2016-06-03 10:00:00,565.8288
2016-06-03 11:00:00,2016-06-03 11:00:00,583.189
2016-06-03 12:00:00,2016-06-03 12:00:00,607.153
2016-06-03 13:00:00,2016-06-03 13:00:00,611.2652
2016-06-03 14:00:00,2016-06-03 14:00:00,636.4805
2016-06-03 15:00:00,2016-06-03 15:00:00,636.9358
2016-06-03 16:00:00,2016-06-03 16:00:00,522.6565
2016-06-03 17:00:00,2016-06-03 17:00:00,589.8435
2016-06-03 18:00:00,2016-06-03 18:00:00,482.814
2016-06-03 19:00:00,2016-06-03 19:00:00,571.8365
2016-06-03 20:00:00,2016-06-03 20:00:00,457.3112
2016-06-03 21:00:00,2016-06-03 21:00:00,543.6542
2016-06-03 22:00:00,2016-06-03 22:00:00,445.8768
2016-06-03 23:00:00,2016-06-03 23:00:00,526.8828
2016-06-04 00:00:00,2016-06-04 00:00:00,448.1222
2016-06-04 01:00:00,2016-06-04 01:00:00,517.4922
2016-06-04 02:00:00,2016-06-04 02:00:00,441.4172
2016-06-04 03:00:00,2016-06-04 03:00:00,513.7395
2016-06-04 04:00:00,2016-06-04 04:00:00,435.3608
2016-06-04 05:00:00,2016-06-04 05:00:00,468.0992
2016-06-04 06:00:00,2016-06-04 06:00:00,516.3618
2016-06-04 07:00:00,2016-06-04 07:00:00,491.3865
2016-06-04 08:00:00,2016-06-04 08:00:00,519.2113
2016-06-04 09:00:00,2016-06-04 09:00:00,520.2822
2016-06-04 10:00:00,2016-06-04 10:00:00,493.0707
2016-06-04 11:00:00,2016-06-04 11:00:00,552.127
2016-06-04 12:00:00,2016-06-04 12:00:00,493.0192
2016-06-04 13:00:00,2016-06-04 13:00:00,485.3232
2016-06-04 14:00:00,2016-06-04 14:00:00,568.0335
2016-06-04 15:00:00,2016-06-04 15:00:00,494.9539
2016-06-04 16:00:00,2016-06-04 16:00:00,521.3346
2016-06-04 17:00:00,2016-06-04 17:00:00,499.9985
2016-06-04 18:00:00,2016-06-04 18:00:00,487.0687
2016-06-04 19:00:00,2016-06-04 19:00:00,449.8695
2016-06-04 20:00:00,2016-06-04 20:00:00,508.3837
2016-06-04 21:00:00,2016-06-04 21:00:00,446.3372
2016-06-04 22:00:00,2016-06-04 22:00:00,438.1452
2016-06-04 23:00:00,2016-06-04 23:00:00,443.7288
2016-06-05 00:00:00,2016-06-05 00:00:00,438.4002
2016-06-05 01:00:00,2016-06-05 01:00:00,438.8348
2016-06-05 02:00:00,2016-06-05 02:00:00,433.9605
2016-06-05 03:00:00,2016-06-05 03:00:00,432.5778
2016-06-05 04:00:00,2016-06-05 04:00:00,435.8815
2016-06-05 05:00:00,2016-06-05 05:00:00,434.6128
2016-06-05 06:00:00,2016-06-05 06:00:00,445.9253
2016-06-05 07:00:00,2016-06-05 07:00:00,447.0985
2016-06-05 08:00:00,2016-06-05 08:00:00,445.2743
2016-06-05 09:00:00,2016-06-05 09:00:00,451.1748
2016-06-05 10:00:00,2016-06-05 10:00:00,465.46
2016-06-05 11:00:00,2016-06-05 11:00:00,520.821
2016-06-05 12:00:00,2016-06-05 12:00:00,495.996
2016-06-05 13:00:00,2016-06-05 13:00:00,536.2998
2016-06-05 14:00:00,2016-06-05 14:00:00,525.618
2016-06-05 15:00:00,2016-06-05 15:00:00,547.0088
2016-06-05 16:00:00,2016-06-05 16:00:00,530.1685
2016-06-05 17:00:00,2016-06-05 17:00:00,500.445
2016-06-05 18:00:00,2016-06-05 18:00:00,510.162
2016-06-05 19:00:00,2016-06-05 19:00:00,451.8503
2016-06-05 20:00:00,2016-06-05 20:00:00,436.1638
2016-06-05 21:00:00,2016-06-05 21:00:00,438.5527
2016-06-05 22:00:00,2016-06-05 22:00:00,435.15
2016-06-05 23:00:00,2016-06-05 23:00:00,434.743
2016-06-06 00:00:00,2016-06-06 00:00:00,428.134
2016-06-06 01:00:00,2016-06-06 01:00:00,429.2795
2016-06-06 02:00:00,2016-06-06 02:00:00,428.3578
2016-06-06 03:00:00,2016-06-06 03:00:00,430.7555
2016-06-06 04:00:00,2016-06-06 04:00:00,432.3315
2016-06-06 05:00:00,2016-06-06 05:00:00,432.1552
2016-06-06 06:00:00,2016-06-06 06:00:00,442.086
2016-06-06 07:00:00,2016-06-06 07:00:00,446.6383
2016-06-06 08:00:00,2016-06-06 08:00:00,450.8008
2016-06-06 09:00:00,2016-06-06 09:00:00,533.5585
2016-06-06 10:00:00,2016-06-06 10:00:00,465.1977
2016-06-06 11:00:00,2016-06-06 11:00:00,562.7768
2016-06-06 12:00:00,2016-06-06 12:00:00,471.9772
2016-06-06 13:00:00,2016-06-06 13:00:00,566.1775
2016-06-06 14:00:00,2016-06-06 14:00:00,476.6272
2016-06-06 15:00:00,2016-06-06 15:00:00,575.2648
2016-06-06 16:00:00,2016-06-06 16:00:00,474.935
2016-06-06 17:00:00,2016-06-06 17:00:00,561.788
2016-06-06 18:00:00,2016-06-06 18:00:00,453.6045
2016-06-06 19:00:00,2016-06-06 19:00:00,537.6335
2016-06-06 20:00:00,2016-06-06 20:00:00,450.6395
2016-06-06 21:00:00,2016-06-06 21:00:00,525.4292
2016-06-06 22:00:00,2016-06-06 22:00:00,446.2932
2016-06-06 23:00:00,2016-06-06 23:00:00,450.9893
2016-06-07 00:00:00,2016-06-07 00:00:00,450.6173
2016-06-07 01:00:00,2016-06-07 01:00:00,461.8625
2016-06-07 02:00:00,2016-06-07 02:00:00,510.8725
2016-06-07 03:00:00,2016-06-07 03:00:00,440.222
2016-06-07 04:00:00,2016-06-07 04:00:00,448.0188
2016-06-07 05:00:00,2016-06-07 05:00:00,446.4672
2016-06-07 06:00:00,2016-06-07 06:00:00,532.3815
2016-06-07 07:00:00,2016-06-07 07:00:00,457.8917
2016-06-07 08:00:00,2016-06-07 08:00:00,512.4025
2016-06-07 09:00:00,2016-06-07 09:00:00,504.2593
2016-06-07 10:00:00,2016-06-07 10:00:00,475.7975
2016-06-07 11:00:00,2016-06-07 11:00:00,565.812
2016-06-07 12:00:00,2016-06-07 12:00:00,491.8872
2016-06-07 13:00:00,2016-06-07 13:00:00,582.1825
2016-06-07 14:00:00,2016-06-07 14:00:00,486.3695
2016-06-07 15:00:00,2016-06-07 15:00:00,577.9632
2016-06-07 16:00:00,2016-06-07 16:00:00,496.0388
2016-06-07 17:00:00,2016-06-07 17:00:00,577.3952
2016-06-07 18:00:00,2016-06-07 18:00:00,465.1608
2016-06-07 19:00:00,2016-06-07 19:00:00,542.6892
2016-06-07 20:00:00,2016-06-07 20:00:00,450.7898
2016-06-07 21:00:00,2016-06-07 21:00:00,509.6962
2016-06-07 22:00:00,2016-06-07 22:00:00,464.061
2016-06-07 23:00:00,2016-06-07 23:00:00,449.878
2016-06-08 00:00:00,2016-06-08 00:00:00,512.162
2016-06-08 01:00:00,2016-06-08 01:00:00,439.192
2016-06-08 02:00:00,2016-06-08 02:00:00,440.753
2016-06-08 03:00:00,2016-06-08 03:00:00,509.7962
2016-06-08 04:00:00,2016-06-08 04:00:00,437.7718
2016-06-08 05:00:00,2016-06-08 05:00:00,460.07
2016-06-08 06:00:00,2016-06-08 06:00:00,493.428
2016-06-08 07:00:00,2016-06-08 07:00:00,450.7368
2016-06-08 08:00:00,2016-06-08 08:00:00,465.6282
2016-06-08 09:00:00,2016-06-08 09:00:00,487.572
2016-06-08 10:00:00,2016-06-08 10:00:00,551.2055
2016-06-08 11:00:00,2016-06-08 11:00:00,500.8205
2016-06-08 12:00:00,2016-06-08 12:00:00,572.8348
2016-06-08 13:00:00,2016-06-08 13:00:00,513.506
2016-06-08 14:00:00,2016-06-08 14:00:00,554.6808
2016-06-08 15:00:00,2016-06-08 15:00:00,538.4822
2016-06-08 16:00:00,2016-06-08 16:00:00,538.3498
2016-06-08 17:00:00,2016-06-08 17:00:00,538.1623
2016-06-08 18:00:00,2016-06-08 18:00:00,491.939
2016-06-08 19:00:00,2016-06-08 19:00:00,502.0968
2016-06-08 20:00:00,2016-06-08 20:00:00,492.655
2016-06-08 21:00:00,2016-06-08 21:00:00,457.5723
2016-06-08 22:00:00,2016-06-08 22:00:00,497.96
2016-06-08 23:00:00,2016-06-08 23:00:00,475.0925
2016-06-09 00:00:00,2016-06-09 00:00:00,451.793
2016-06-09 01:00:00,2016-06-09 01:00:00,494.8055
2016-06-09 02:00:00,2016-06-09 02:00:00,460.0915
2016-06-09 03:00:00,2016-06-09 03:00:00,447.3177
2016-06-09 04:00:00,2016-06-09 04:00:00,501.0715
2016-06-09 05:00:00,2016-06-09 05:00:00,455.346
2016-06-09 06:00:00,2016-06-09 06:00:00,452.8393
2016-06-09 07:00:00,2016-06-09 07:00:00,457.7015
2016-06-09 08:00:00,2016-06-09 08:00:00,465.7292
2016-06-09 09:00:00,2016-06-09 09:00:00,471.1582
2016-06-09 10:00:00,2016-06-09 10:00:00,548.1632
2016-06-09 11:00:00,2016-06-09 11:00:00,481.8735
2016-06-09 12:00:00,2016-06-09 12:00:00,572.4348
2016-06-09 13:00:00,2016-06-09 13:00:00,488.7025
2016-06-09 14:00:00,2016-06-09 14:00:00,581.5095
2016-06-09 15:00:00,2016-06-09 15:00:00,495.6212
2016-06-09 16:00:00,2016-06-09 16:00:00,578.9775
2016-06-09 17:00:00,2016-06-09 17:00:00,520.7477
2016-06-09 18:00:00,2016-06-09 18:00:00,524.8243
2016-06-09 19:00:00,2016-06-09 19:00:00,503.044
2016-06-09 20:00:00,2016-06-09 20:00:00,504.547
2016-06-09 21:00:00,2016-06-09 21:00:00,464.381
2016-06-09 22:00:00,2016-06-09 22:00:00,515.1675
2016-06-09 23:00:00,2016-06-09 23:00:00,463.1477
2016-06-10 00:00:00,2016-06-10 00:00:00,453.09
2016-06-10 01:00:00,2016-06-10 01:00:00,451.2868
2016-06-10 02:00:00,2016-06-10 02:00:00,450.924
2016-06-10 03:00:00,2016-06-10 03:00:00,443.8308
2016-06-10 04:00:00,2016-06-10 04:00:00,444.454
2016-06-10 05:00:00,2016-06-10 05:00:00,443.3605
2016-06-10 06:00:00,2016-06-10 06:00:00,455.6167
2016-06-10 07:00:00,2016-06-10 07:00:00,462.0117
2016-06-10 08:00:00,2016-06-10 08:00:00,495.2617
2016-06-10 09:00:00,2016-06-10 09:00:00,537.342
2016-06-10 10:00:00,2016-06-10 10:00:00,509.9303
2016-06-10 11:00:00,2016-06-10 11:00:00,542.6457
2016-06-10 12:00:00,2016-06-10 12:00:00,534.9638
2016-06-10 13:00:00,2016-06-10 13:00:00,541.5035
2016-06-10 14:00:00,2016-06-10 14:00:00,574.5397
2016-06-10 15:00:00,2016-06-10 15:00:00,513.2622
2016-06-10 16:00:00,2016-06-10 16:00:00,579.671
2016-06-10 17:00:00,2016-06-10 17:00:00,481.6895
2016-06-10 18:00:00,2016-06-10 18:00:00,559.511
2016-06-10 19:00:00,2016-06-10 19:00:00,470.1625
2016-06-10 20:00:00,2016-06-10 20:00:00,536.7125
2016-06-10 21:00:00,2016-06-10 21:00:00,463.3285
2016-06-10 22:00:00,2016-06-10 22:00:00,515.5088
2016-06-10 23:00:00,2016-06-10 23:00:00,446.7328
2016-06-11 00:00:00,2016-06-11 00:00:00,481.1238
2016-06-11 01:00:00,2016-06-11 01:00:00,475.6235
2016-06-11 02:00:00,2016-06-11 02:00:00,439.737
2016-06-11 03:00:00,2016-06-11 03:00:00,440.134
2016-06-11 04:00:00,2016-06-11 04:00:00,441.9775
2016-06-11 05:00:00,2016-06-11 05:00:00,439.3685
2016-06-11 06:00:00,2016-06-11 06:00:00,445.3098
2016-06-11 07:00:00,2016-06-11 07:00:00,449.0635
2016-06-11 08:00:00,2016-06-11 08:00:00,467.27
2016-06-11 09:00:00,2016-06-11 09:00:00,533.1765
2016-06-11 10:00:00,2016-06-11 10:00:00,496.2192
2016-06-11 11:00:00,2016-06-11 11:00:00,532.509
2016-06-11 12:00:00,2016-06-11 12:00:00,523.9605
2016-06-11 13:00:00,2016-06-11 13:00:00,516.6202
2016-06-11 14:00:00,2016-06-11 14:00:00,561.8065
2016-06-11 15:00:00,2016-06-11 15:00:00,512.7425
2016-06-11 16:00:00,2016-06-11 16:00:00,569.5933
2016-06-11 17:00:00,2016-06-11 17:00:00,491.1875
2016-06-11 18:00:00,2016-06-11 18:00:00,567.9075
2016-06-11 19:00:00,2016-06-11 19:00:00,470.7325
2016-06-11 20:00:00,2016-06-11 20:00:00,550.5282
2016-06-11 21:00:00,2016-06-11 21:00:00,441.183
2016-06-11 22:00:00,2016-06-11 22:00:00,520.179
2016-06-11 23:00:00,2016-06-11 23:00:00,445.3688
2016-06-12 00:00:00,2016-06-12 00:00:00,506.1284
2016-06-12 01:00:00,2016-06-12 01:00:00,442.015
2016-06-12 02:00:00,2016-06-12 02:00:00,453.91
2016-06-12 03:00:00,2016-06-12 03:00:00,446.0518
2016-06-12 04:00:00,2016-06-12 04:00:00,451.0255
2016-06-12 05:00:00,2016-06-12 05:00:00,446.4507
2016-06-12 06:00:00,2016-06-12 06:00:00,454.5895
2016-06-12 07:00:00,2016-06-12 07:00:00,485.0065
2016-06-12 08:00:00,2016-06-12 08:00:00,519.6705
2016-06-12 09:00:00,2016-06-12 09:00:00,475.6268
2016-06-12 10:00:00,2016-06-12 10:00:00,527.814
2016-06-12 11:00:00,2016-06-12 11:00:00,507.96
2016-06-12 12:00:00,2016-06-12 12:00:00,528.3128
2016-06-12 13:00:00,2016-06-12 13:00:00,540.2227
2016-06-12 14:00:00,2016-06-12 14:00:00,507.1875
2016-06-12 15:00:00,2016-06-12 15:00:00,557.1495
2016-06-12 16:00:00,2016-06-12 16:00:00,475.5007
2016-06-12 17:00:00,2016-06-12 17:00:00,556.1037
2016-06-12 18:00:00,2016-06-12 18:00:00,450.2643
2016-06-12 19:00:00,2016-06-12 19:00:00,537.759
2016-06-12 20:00:00,2016-06-12 20:00:00,441.3967
2016-06-12 21:00:00,2016-06-12 21:00:00,525.463
2016-06-12 22:00:00,2016-06-12 22:00:00,444.4078
2016-06-12 23:00:00,2016-06-12 23:00:00,462.8642
2016-06-13 00:00:00,2016-06-13 00:00:00,529.9567
2016-06-13 01:00:00,2016-06-13 01:00:00,440.2522
2016-06-13 02:00:00,2016-06-13 02:00:00,443.407
2016-06-13 03:00:00,2016-06-13 03:00:00,445.3468
2016-06-13 04:00:00,2016-06-13 04:00:00,451.5143
2016-06-13 05:00:00,2016-06-13 05:00:00,447.4233
2016-06-13 06:00:00,2016-06-13 06:00:00,456.6545
2016-06-13 07:00:00,2016-06-13 07:00:00,459.3943
2016-06-13 08:00:00,2016-06-13 08:00:00,467.0465
2016-06-13 09:00:00,2016-06-13 09:00:00,478.1778
2016-06-13 10:00:00,2016-06-13 10:00:00,527.3765
2016-06-13 11:00:00,2016-06-13 11:00:00,510.2813
2016-06-13 12:00:00,2016-06-13 12:00:00,493.191
2016-06-13 13:00:00,2016-06-13 13:00:00,578.5923
2016-06-13 14:00:00,2016-06-13 14:00:00,482.9637
2016-06-13 15:00:00,2016-06-13 15:00:00,576.4455
2016-06-13 16:00:00,2016-06-13 16:00:00,500.034
2016-06-13 17:00:00,2016-06-13 17:00:00,561.6355
2016-06-13 18:00:00,2016-06-13 18:00:00,483.6725
2016-06-13 19:00:00,2016-06-13 19:00:00,519.3378
2016-06-13 20:00:00,2016-06-13 20:00:00,477.3603
2016-06-13 21:00:00,2016-06-13 21:00:00,508.1605
2016-06-13 22:00:00,2016-06-13 22:00:00,471.3732
2016-06-13 23:00:00,2016-06-13 23:00:00,507.1588
2016-06-14 00:00:00,2016-06-14 00:00:00,446.825
2016-06-14 01:00:00,2016-06-14 01:00:00,449.2385
2016-06-14 02:00:00,2016-06-14 02:00:00,446.088
2016-06-14 03:00:00,2016-06-14 03:00:00,441.0763
2016-06-14 04:00:00,2016-06-14 04:00:00,439.9577
2016-06-14 05:00:00,2016-06-14 05:00:00,439.2948
2016-06-14 06:00:00,2016-06-14 06:00:00,448.2843
2016-06-14 07:00:00,2016-06-14 07:00:00,455.2957
2016-06-14 08:00:00,2016-06-14 08:00:00,468.7425
2016-06-14 09:00:00,2016-06-14 09:00:00,479.22
2016-06-14 10:00:00,2016-06-14 10:00:00,556.4035
2016-06-14 11:00:00,2016-06-14 11:00:00,496.0377
2016-06-14 12:00:00,2016-06-14 12:00:00,571.0065
2016-06-14 13:00:00,2016-06-14 13:00:00,493.364
2016-06-14 14:00:00,2016-06-14 14:00:00,589.7918
2016-06-14 15:00:00,2016-06-14 15:00:00,486.8997
2016-06-14 16:00:00,2016-06-14 16:00:00,579.4683
2016-06-14 17:00:00,2016-06-14 17:00:00,481.741
2016-06-14 18:00:00,2016-06-14 18:00:00,553.836
2016-06-14 19:00:00,2016-06-14 19:00:00,468.3783
2016-06-14 20:00:00,2016-06-14 20:00:00,519.359
2016-06-14 21:00:00,2016-06-14 21:00:00,450.5062
2016-06-14 22:00:00,2016-06-14 22:00:00,448.116
2016-06-14 23:00:00,2016-06-14 23:00:00,449.2955
2016-06-15 00:00:00,2016-06-15 00:00:00,442.7802
2016-06-15 01:00:00,2016-06-15 01:00:00,442.997
2016-06-15 02:00:00,2016-06-15 02:00:00,440.8888
2016-06-15 03:00:00,2016-06-15 03:00:00,442.7017
2016-06-15 04:00:00,2016-06-15 04:00:00,442.9855
2016-06-15 05:00:00,2016-06-15 05:00:00,442.4082
2016-06-15 06:00:00,2016-06-15 06:00:00,451.9718
2016-06-15 07:00:00,2016-06-15 07:00:00,455.9625
2016-06-15 08:00:00,2016-06-15 08:00:00,465.731
2016-06-15 09:00:00,2016-06-15 09:00:00,527.675
2016-06-15 10:00:00,2016-06-15 10:00:00,497.1915
2016-06-15 11:00:00,2016-06-15 11:00:00,550.7263
2016-06-15 12:00:00,2016-06-15 12:00:00,511.1893
2016-06-15 13:00:00,2016-06-15 13:00:00,576.2507
2016-06-15 14:00:00,2016-06-15 14:00:00,502.5028
2016-06-15 15:00:00,2016-06-15 15:00:00,556.438
2016-06-15 16:00:00,2016-06-15 16:00:00,506.9318
2016-06-15 17:00:00,2016-06-15 17:00:00,542.9547
2016-06-15 18:00:00,2016-06-15 18:00:00,487.5373
2016-06-15 19:00:00,2016-06-15 19:00:00,529.1488
2016-06-15 20:00:00,2016-06-15 20:00:00,465.6125
2016-06-15 21:00:00,2016-06-15 21:00:00,468.8632
2016-06-15 22:00:00,2016-06-15 22:00:00,458.309
2016-06-15 23:00:00,2016-06-15 23:00:00,486.2728
2016-06-16 00:00:00,2016-06-16 00:00:00,492.1143
2016-06-16 01:00:00,2016-06-16 01:00:00,447.063
2016-06-16 02:00:00,2016-06-16 02:00:00,454.8848
2016-06-16 03:00:00,2016-06-16 03:00:00,450.5842
2016-06-16 04:00:00,2016-06-16 04:00:00,456.9045
2016-06-16 05:00:00,2016-06-16 05:00:00,454.7643
2016-06-16 06:00:00,2016-06-16 06:00:00,459.0075
2016-06-16 07:00:00,2016-06-16 07:00:00,535.9538
2016-06-16 08:00:00,2016-06-16 08:00:00,467.7102
2016-06-16 09:00:00,2016-06-16 09:00:00,507.0397
2016-06-16 10:00:00,2016-06-16 10:00:00,551.5192
2016-06-16 11:00:00,2016-06-16 11:00:00,529.1152
2016-06-16 12:00:00,2016-06-16 12:00:00,561.1732
2016-06-16 13:00:00,2016-06-16 13:00:00,563.8295
2016-06-16 14:00:00,2016-06-16 14:00:00,550.8875
2016-06-16 15:00:00,2016-06-16 15:00:00,619.055
2016-06-16 16:00:00,2016-06-16 16:00:00,534.6925
2016-06-16 17:00:00,2016-06-16 17:00:00,561.411
2016-06-16 18:00:00,2016-06-16 18:00:00,556.1318
2016-06-16 19:00:00,2016-06-16 19:00:00,476.3422
2016-06-16 20:00:00,2016-06-16 20:00:00,546.6018
2016-06-16 21:00:00,2016-06-16 21:00:00,450.137
2016-06-16 22:00:00,2016-06-16 22:00:00,476.17
2016-06-16 23:00:00,2016-06-16 23:00:00,525.1897
2016-06-17 00:00:00,2016-06-17 00:00:00,462.39
2016-06-17 01:00:00,2016-06-17 01:00:00,522.6035
2016-06-17 02:00:00,2016-06-17 02:00:00,444.0358
2016-06-17 03:00:00,2016-06-17 03:00:00,536.207
2016-06-17 04:00:00,2016-06-17 04:00:00,445.7532
2016-06-17 05:00:00,2016-06-17 05:00:00,535.4663
2016-06-17 06:00:00,2016-06-17 06:00:00,455.3515
2016-06-17 07:00:00,2016-06-17 07:00:00,557.1747
2016-06-17 08:00:00,2016-06-17 08:00:00,469.4748
2016-06-17 09:00:00,2016-06-17 09:00:00,574.5648
2016-06-17 10:00:00,2016-06-17 10:00:00,522.2695
2016-06-17 11:00:00,2016-06-17 11:00:00,566.7302
2016-06-17 12:00:00,2016-06-17 12:00:00,577.7678
2016-06-17 13:00:00,2016-06-17 13:00:00,530.0123
2016-06-17 14:00:00,2016-06-17 14:00:00,621.418
2016-06-17 15:00:00,2016-06-17 15:00:00,497.417
2016-06-17 16:00:00,2016-06-17 16:00:00,596.6553
2016-06-17 17:00:00,2016-06-17 17:00:00,474.9668
2016-06-17 18:00:00,2016-06-17 18:00:00,561.4732
2016-06-17 19:00:00,2016-06-17 19:00:00,456.197
2016-06-17 20:00:00,2016-06-17 20:00:00,549.4238
2016-06-17 21:00:00,2016-06-17 21:00:00,446.8642
2016-06-17 22:00:00,2016-06-17 22:00:00,532.7575
2016-06-17 23:00:00,2016-06-17 23:00:00,441.5177
2016-06-18 00:00:00,2016-06-18 00:00:00,502.8083
2016-06-18 01:00:00,2016-06-18 01:00:00,468.7498
2016-06-18 02:00:00,2016-06-18 02:00:00,446.8677
2016-06-18 03:00:00,2016-06-18 03:00:00,528.1248
2016-06-18 04:00:00,2016-06-18 04:00:00,442.5716
2016-06-18 05:00:00,2016-06-18 05:00:00,447.1988
2016-06-18 06:00:00,2016-06-18 06:00:00,458.7237
2016-06-18 07:00:00,2016-06-18 07:00:00,462.3525
2016-06-18 08:00:00,2016-06-18 08:00:00,508.5615
2016-06-18 09:00:00,2016-06-18 09:00:00,490.1288
2016-06-18 10:00:00,2016-06-18 10:00:00,553.7952
2016-06-18 11:00:00,2016-06-18 11:00:00,475.9115
2016-06-18 12:00:00,2016-06-18 12:00:00,578.2908
2016-06-18 13:00:00,2016-06-18 13:00:00,523.2568
2016-06-18 14:00:00,2016-06-18 14:00:00,553.0392
2016-06-18 15:00:00,2016-06-18 15:00:00,556.5493
2016-06-18 16:00:00,2016-06-18 16:00:00,509.3258
2016-06-18 17:00:00,2016-06-18 17:00:00,588.1692
2016-06-18 18:00:00,2016-06-18 18:00:00,468.9138
2016-06-18 19:00:00,2016-06-18 19:00:00,571.0302
2016-06-18 20:00:00,2016-06-18 20:00:00,496.225
2016-06-18 21:00:00,2016-06-18 21:00:00,523.249
2016-06-18 22:00:00,2016-06-18 22:00:00,506.1612
2016-06-18 23:00:00,2016-06-18 23:00:00,486.6568
2016-06-19 00:00:00,2016-06-19 00:00:00,536.551
2016-06-19 01:00:00,2016-06-19 01:00:00,446.2842
2016-06-19 02:00:00,2016-06-19 02:00:00,516.0792
2016-06-19 03:00:00,2016-06-19 03:00:00,484.7838
2016-06-19 04:00:00,2016-06-19 04:00:00,488.4831
2016-06-19 05:00:00,2016-06-19 05:00:00,498.1038
2016-06-19 06:00:00,2016-06-19 06:00:00,467.3793
2016-06-19 07:00:00,2016-06-19 07:00:00,532.5525
2016-06-19 08:00:00,2016-06-19 08:00:00,453.6838
2016-06-19 09:00:00,2016-06-19 09:00:00,557.7305
2016-06-19 10:00:00,2016-06-19 10:00:00,529.2262
2016-06-19 11:00:00,2016-06-19 11:00:00,548.6928
2016-06-19 12:00:00,2016-06-19 12:00:00,547.4005
2016-06-19 13:00:00,2016-06-19 13:00:00,603.7095
2016-06-19 14:00:00,2016-06-19 14:00:00,503.2435
2016-06-19 15:00:00,2016-06-19 15:00:00,615.4755
2016-06-19 16:00:00,2016-06-19 16:00:00,493.6328
2016-06-19 17:00:00,2016-06-19 17:00:00,602.164
2016-06-19 18:00:00,2016-06-19 18:00:00,474.235
2016-06-19 19:00:00,2016-06-19 19:00:00,570.8512
2016-06-19 20:00:00,2016-06-19 20:00:00,486.7618
2016-06-19 21:00:00,2016-06-19 21:00:00,521.9387
2016-06-19 22:00:00,2016-06-19 22:00:00,493.2195
2016-06-19 23:00:00,2016-06-19 23:00:00,476.936
2016-06-20 00:00:00,2016-06-20 00:00:00,519.0812
2016-06-20 01:00:00,2016-06-20 01:00:00,440.0492
2016-06-20 02:00:00,2016-06-20 02:00:00,523.735
2016-06-20 03:00:00,2016-06-20 03:00:00,435.1445
2016-06-20 04:00:00,2016-06-20 04:00:00,518.6113
2016-06-20 05:00:00,2016-06-20 05:00:00,436.587
2016-06-20 06:00:00,2016-06-20 06:00:00,524.1898
2016-06-20 07:00:00,2016-06-20 07:00:00,446.4592
2016-06-20 08:00:00,2016-06-20 08:00:00,525.1685
2016-06-20 09:00:00,2016-06-20 09:00:00,573.8107
2016-06-20 10:00:00,2016-06-20 10:00:00,564.1457
2016-06-20 11:00:00,2016-06-20 11:00:00,581.5872
2016-06-20 12:00:00,2016-06-20 12:00:00,590.3155
2016-06-20 13:00:00,2016-06-20 13:00:00,597.5645
2016-06-20 14:00:00,2016-06-20 14:00:00,615.9453
2016-06-20 15:00:00,2016-06-20 15:00:00,625.3252
2016-06-20 16:00:00,2016-06-20 16:00:00,593.7642
2016-06-20 17:00:00,2016-06-20 17:00:00,572.6938
2016-06-20 18:00:00,2016-06-20 18:00:00,543.671
2016-06-20 19:00:00,2016-06-20 19:00:00,527.9372
2016-06-20 20:00:00,2016-06-20 20:00:00,522.2945
2016-06-20 21:00:00,2016-06-20 21:00:00,504.8375
2016-06-20 22:00:00,2016-06-20 22:00:00,487.204
2016-06-20 23:00:00,2016-06-20 23:00:00,486.0135
2016-06-21 00:00:00,2016-06-21 00:00:00,485.0235
2016-06-21 01:00:00,2016-06-21 01:00:00,477.7238
2016-06-21 02:00:00,2016-06-21 02:00:00,472.3305
2016-06-21 03:00:00,2016-06-21 03:00:00,468.0458
2016-06-21 04:00:00,2016-06-21 04:00:00,466.2017
2016-06-21 05:00:00,2016-06-21 05:00:00,468.395
2016-06-21 06:00:00,2016-06-21 06:00:00,472.638
2016-06-21 07:00:00,2016-06-21 07:00:00,475.876
2016-06-21 08:00:00,2016-06-21 08:00:00,496.0614
2016-06-21 09:00:00,2016-06-21 09:00:00,534.69
2016-06-21 10:00:00,2016-06-21 10:00:00,570.865
2016-06-21 11:00:00,2016-06-21 11:00:00,585.4338
2016-06-21 12:00:00,2016-06-21 12:00:00,595.561
2016-06-21 13:00:00,2016-06-21 13:00:00,599.438
2016-06-21 14:00:00,2016-06-21 14:00:00,647.0915
2016-06-21 15:00:00,2016-06-21 15:00:00,588.5378
2016-06-21 16:00:00,2016-06-21 16:00:00,589.937
2016-06-21 17:00:00,2016-06-21 17:00:00,574.7847
2016-06-21 18:00:00,2016-06-21 18:00:00,533.9752
2016-06-21 19:00:00,2016-06-21 19:00:00,515.5922
2016-06-21 20:00:00,2016-06-21 20:00:00,507.4815
2016-06-21 21:00:00,2016-06-21 21:00:00,489.273
2016-06-21 22:00:00,2016-06-21 22:00:00,469.8205
2016-06-21 23:00:00,2016-06-21 23:00:00,461.4945
2016-06-22 00:00:00,2016-06-22 00:00:00,454.2935
2016-06-22 01:00:00,2016-06-22 01:00:00,451.7228
2016-06-22 02:00:00,2016-06-22 02:00:00,449.205
2016-06-22 03:00:00,2016-06-22 03:00:00,447.338
2016-06-22 04:00:00,2016-06-22 04:00:00,444.2547
2016-06-22 05:00:00,2016-06-22 05:00:00,447.9502
2016-06-22 06:00:00,2016-06-22 06:00:00,456.4562
2016-06-22 07:00:00,2016-06-22 07:00:00,458.777
2016-06-22 08:00:00,2016-06-22 08:00:00,468.7332
2016-06-22 09:00:00,2016-06-22 09:00:00,480.0202
2016-06-22 10:00:00,2016-06-22 10:00:00,499.9065
2016-06-22 11:00:00,2016-06-22 11:00:00,516.4
2016-06-22 12:00:00,2016-06-22 12:00:00,529.0392
2016-06-22 13:00:00,2016-06-22 13:00:00,539.0645
2016-06-22 14:00:00,2016-06-22 14:00:00,552.5793
2016-06-22 15:00:00,2016-06-22 15:00:00,547.3438
2016-06-22 16:00:00,2016-06-22 16:00:00,540.3525
2016-06-22 17:00:00,2016-06-22 17:00:00,533.603
2016-06-22 18:00:00,2016-06-22 18:00:00,502.9285
2016-06-22 19:00:00,2016-06-22 19:00:00,482.0143
2016-06-22 20:00:00,2016-06-22 20:00:00,474.9768
2016-06-22 21:00:00,2016-06-22 21:00:00,462.2685
2016-06-22 22:00:00,2016-06-22 22:00:00,457.7315
2016-06-22 23:00:00,2016-06-22 23:00:00,454.708
2016-06-23 00:00:00,2016-06-23 00:00:00,450.8422
2016-06-23 01:00:00,2016-06-23 01:00:00,450.286
2016-06-23 02:00:00,2016-06-23 02:00:00,449.7402
2016-06-23 03:00:00,2016-06-23 03:00:00,450.0858
2016-06-23 04:00:00,2016-06-23 04:00:00,448.0448
2016-06-23 05:00:00,2016-06-23 05:00:00,444.2393
2016-06-23 06:00:00,2016-06-23 06:00:00,454.58
2016-06-23 07:00:00,2016-06-23 07:00:00,458.8138
2016-06-23 08:00:00,2016-06-23 08:00:00,469.9687
2016-06-23 09:00:00,2016-06-23 09:00:00,499.1723
2016-06-23 10:00:00,2016-06-23 10:00:00,516.6678
2016-06-23 11:00:00,2016-06-23 11:00:00,543.0578
2016-06-23 12:00:00,2016-06-23 12:00:00,565.007
2016-06-23 13:00:00,2016-06-23 13:00:00,575.6808
2016-06-23 14:00:00,2016-06-23 14:00:00,580.9935
2016-06-23 15:00:00,2016-06-23 15:00:00,582.3753
2016-06-23 16:00:00,2016-06-23 16:00:00,576.9502
2016-06-23 17:00:00,2016-06-23 17:00:00,571.609
2016-06-23 18:00:00,2016-06-23 18:00:00,542.9743
2016-06-23 19:00:00,2016-06-23 19:00:00,525.977
2016-06-23 20:00:00,2016-06-23 20:00:00,519.1665
2016-06-23 21:00:00,2016-06-23 21:00:00,510.5038
2016-06-23 22:00:00,2016-06-23 22:00:00,497.656
2016-06-23 23:00:00,2016-06-23 23:00:00,478.1075
2016-06-24 00:00:00,2016-06-24 00:00:00,468.0645
2016-06-24 01:00:00,2016-06-24 01:00:00,468.8045
2016-06-24 02:00:00,2016-06-24 02:00:00,465.88
2016-06-24 03:00:00,2016-06-24 03:00:00,457.7788
2016-06-24 04:00:00,2016-06-24 04:00:00,452.1327
2016-06-24 05:00:00,2016-06-24 05:00:00,449.6765
2016-06-24 06:00:00,2016-06-24 06:00:00,459.0998
2016-06-24 07:00:00,2016-06-24 07:00:00,465.1508
2016-06-24 08:00:00,2016-06-24 08:00:00,472.142
2016-06-24 09:00:00,2016-06-24 09:00:00,483.0072
2016-06-24 10:00:00,2016-06-24 10:00:00,506.018
2016-06-24 11:00:00,2016-06-24 11:00:00,542.1683
2016-06-24 12:00:00,2016-06-24 12:00:00,564.9423
2016-06-24 13:00:00,2016-06-24 13:00:00,577.1795
2016-06-24 14:00:00,2016-06-24 14:00:00,580.0445
2016-06-24 15:00:00,2016-06-24 15:00:00,580.7037
2016-06-24 16:00:00,2016-06-24 16:00:00,571.6188
2016-06-24 17:00:00,2016-06-24 17:00:00,574.358
2016-06-24 18:00:00,2016-06-24 18:00:00,559.2183
2016-06-24 19:00:00,2016-06-24 19:00:00,542.1302
2016-06-24 20:00:00,2016-06-24 20:00:00,526.7605
2016-06-24 21:00:00,2016-06-24 21:00:00,502.3773
2016-06-24 22:00:00,2016-06-24 22:00:00,474.902
2016-06-24 23:00:00,2016-06-24 23:00:00,464.1768
2016-06-25 00:00:00,2016-06-25 00:00:00,461.7415
2016-06-25 01:00:00,2016-06-25 01:00:00,457.9118
2016-06-25 02:00:00,2016-06-25 02:00:00,455.9982
2016-06-25 03:00:00,2016-06-25 03:00:00,454.3068
2016-06-25 04:00:00,2016-06-25 04:00:00,455.8647
2016-06-25 05:00:00,2016-06-25 05:00:00,457.825
2016-06-25 06:00:00,2016-06-25 06:00:00,466.6215
2016-06-25 07:00:00,2016-06-25 07:00:00,473.9587
2016-06-25 08:00:00,2016-06-25 08:00:00,494.5112
2016-06-25 09:00:00,2016-06-25 09:00:00,516.578
2016-06-25 10:00:00,2016-06-25 10:00:00,540.5075
2016-06-25 11:00:00,2016-06-25 11:00:00,555.4095
2016-06-25 12:00:00,2016-06-25 12:00:00,577.5305
2016-06-25 13:00:00,2016-06-25 13:00:00,633.581
2016-06-25 14:00:00,2016-06-25 14:00:00,615.7045
2016-06-25 15:00:00,2016-06-25 15:00:00,592.8383
2016-06-25 16:00:00,2016-06-25 16:00:00,549.7325
2016-06-25 17:00:00,2016-06-25 17:00:00,549.732
2016-06-25 18:00:00,2016-06-25 18:00:00,526.634
2016-06-25 19:00:00,2016-06-25 19:00:00,508.0522
2016-06-25 20:00:00,2016-06-25 20:00:00,501.1817
2016-06-25 21:00:00,2016-06-25 21:00:00,479.7538
2016-06-25 22:00:00,2016-06-25 22:00:00,471.6502
2016-06-25 23:00:00,2016-06-25 23:00:00,461.672
2016-06-26 00:00:00,2016-06-26 00:00:00,462.3115
2016-06-26 01:00:00,2016-06-26 01:00:00,461.661
2016-06-26 02:00:00,2016-06-26 02:00:00,457.4987
2016-06-26 03:00:00,2016-06-26 03:00:00,458.0832
2016-06-26 04:00:00,2016-06-26 04:00:00,456.7962
2016-06-26 05:00:00,2016-06-26 05:00:00,455.8323
2016-06-26 06:00:00,2016-06-26 06:00:00,462.7865
2016-06-26 07:00:00,2016-06-26 07:00:00,466.986
2016-06-26 08:00:00,2016-06-26 08:00:00,474.4777
2016-06-26 09:00:00,2016-06-26 09:00:00,492.816
2016-06-26 10:00:00,2016-06-26 10:00:00,511.2272
2016-06-26 11:00:00,2016-06-26 11:00:00,534.1483
2016-06-26 12:00:00,2016-06-26 12:00:00,545.848
2016-06-26 13:00:00,2016-06-26 13:00:00,556.1062
2016-06-26 14:00:00,2016-06-26 14:00:00,556.2377
2016-06-26 15:00:00,2016-06-26 15:00:00,550.2928
2016-06-26 16:00:00,2016-06-26 16:00:00,554.4505
2016-06-26 17:00:00,2016-06-26 17:00:00,548.8545
2016-06-26 18:00:00,2016-06-26 18:00:00,533.273
2016-06-26 19:00:00,2016-06-26 19:00:00,524.0447
2016-06-26 20:00:00,2016-06-26 20:00:00,512.6787
2016-06-26 21:00:00,2016-06-26 21:00:00,506.7908
2016-06-26 22:00:00,2016-06-26 22:00:00,485.6315
2016-06-26 23:00:00,2016-06-26 23:00:00,470.1985
2016-06-27 00:00:00,2016-06-27 00:00:00,465.5477
2016-06-27 01:00:00,2016-06-27 01:00:00,463.5287
2016-06-27 02:00:00,2016-06-27 02:00:00,465.098
2016-06-27 03:00:00,2016-06-27 03:00:00,458.5482
2016-06-27 04:00:00,2016-06-27 04:00:00,457.7573
2016-06-27 05:00:00,2016-06-27 05:00:00,453.6752
2016-06-27 06:00:00,2016-06-27 06:00:00,465.3583
2016-06-27 07:00:00,2016-06-27 07:00:00,466.686
2016-06-27 08:00:00,2016-06-27 08:00:00,483.0392
2016-06-27 09:00:00,2016-06-27 09:00:00,515.6913
2016-06-27 10:00:00,2016-06-27 10:00:00,549.1117
2016-06-27 11:00:00,2016-06-27 11:00:00,566.3252
2016-06-27 12:00:00,2016-06-27 12:00:00,577.834
2016-06-27 13:00:00,2016-06-27 13:00:00,585.1127
2016-06-27 14:00:00,2016-06-27 14:00:00,580.855
2016-06-27 15:00:00,2016-06-27 15:00:00,574.7962
2016-06-27 16:00:00,2016-06-27 16:00:00,570.4127
2016-06-27 17:00:00,2016-06-27 17:00:00,566.5935
2016-06-27 18:00:00,2016-06-27 18:00:00,548.3047
2016-06-27 19:00:00,2016-06-27 19:00:00,535.0065
2016-06-27 20:00:00,2016-06-27 20:00:00,530.1578
2016-06-27 21:00:00,2016-06-27 21:00:00,522.635
2016-06-27 22:00:00,2016-06-27 22:00:00,514.83
2016-06-27 23:00:00,2016-06-27 23:00:00,513.0343
2016-06-28 00:00:00,2016-06-28 00:00:00,503.2735
2016-06-28 01:00:00,2016-06-28 01:00:00,482.9752
2016-06-28 02:00:00,2016-06-28 02:00:00,475.3685
2016-06-28 03:00:00,2016-06-28 03:00:00,465.5938
2016-06-28 04:00:00,2016-06-28 04:00:00,463.3943
2016-06-28 05:00:00,2016-06-28 05:00:00,458.3133
2016-06-28 06:00:00,2016-06-28 06:00:00,463.3617
2016-06-28 07:00:00,2016-06-28 07:00:00,469.4772
2016-06-28 08:00:00,2016-06-28 08:00:00,481.8652
2016-06-28 09:00:00,2016-06-28 09:00:00,513.7478
2016-06-28 10:00:00,2016-06-28 10:00:00,539.3818
2016-06-28 11:00:00,2016-06-28 11:00:00,551.6595
2016-06-28 12:00:00,2016-06-28 12:00:00,568.4785
2016-06-28 13:00:00,2016-06-28 13:00:00,578.6373
2016-06-28 14:00:00,2016-06-28 14:00:00,575.7575
2016-06-28 15:00:00,2016-06-28 15:00:00,570.0283
2016-06-28 16:00:00,2016-06-28 16:00:00,565.7213
2016-06-28 17:00:00,2016-06-28 17:00:00,555.3013
2016-06-28 18:00:00,2016-06-28 18:00:00,533.5822
2016-06-28 19:00:00,2016-06-28 19:00:00,514.205
2016-06-28 20:00:00,2016-06-28 20:00:00,489.0413
2016-06-28 21:00:00,2016-06-28 21:00:00,481.5918
2016-06-28 22:00:00,2016-06-28 22:00:00,477.9485
2016-06-28 23:00:00,2016-06-28 23:00:00,468.1795
2016-06-29 00:00:00,2016-06-29 00:00:00,462.7477
2016-06-29 01:00:00,2016-06-29 01:00:00,458.5007
2016-06-29 02:00:00,2016-06-29 02:00:00,455.2315
2016-06-29 03:00:00,2016-06-29 03:00:00,455.5695
2016-06-29 04:00:00,2016-06-29 04:00:00,453.519
2016-06-29 05:00:00,2016-06-29 05:00:00,451.7993
2016-06-29 06:00:00,2016-06-29 06:00:00,458.9375
2016-06-29 07:00:00,2016-06-29 07:00:00,464.6655
2016-06-29 08:00:00,2016-06-29 08:00:00,470.3262
2016-06-29 09:00:00,2016-06-29 09:00:00,482.763
2016-06-29 10:00:00,2016-06-29 10:00:00,493.0728
2016-06-29 11:00:00,2016-06-29 11:00:00,495.2837
2016-06-29 12:00:00,2016-06-29 12:00:00,518.082
2016-06-29 13:00:00,2016-06-29 13:00:00,529.2973
2016-06-29 14:00:00,2016-06-29 14:00:00,535.646
2016-06-29 15:00:00,2016-06-29 15:00:00,536.6538
2016-06-29 16:00:00,2016-06-29 16:00:00,522.696
2016-06-29 17:00:00,2016-06-29 17:00:00,504.3263
2016-06-29 18:00:00,2016-06-29 18:00:00,486.8025
2016-06-29 19:00:00,2016-06-29 19:00:00,480.13
2016-06-29 20:00:00,2016-06-29 20:00:00,476.5292
2016-06-29 21:00:00,2016-06-29 21:00:00,467.4142
2016-06-29 22:00:00,2016-06-29 22:00:00,466.1918
2016-06-29 23:00:00,2016-06-29 23:00:00,464.1625
2016-06-30 00:00:00,2016-06-30 00:00:00,464.9083
2016-06-30 01:00:00,2016-06-30 01:00:00,465.2818
2016-06-30 02:00:00,2016-06-30 02:00:00,462.8982
2016-06-30 03:00:00,2016-06-30 03:00:00,461.8727
2016-06-30 04:00:00,2016-06-30 04:00:00,457.8635
2016-06-30 05:00:00,2016-06-30 05:00:00,457.2045
2016-06-30 06:00:00,2016-06-30 06:00:00,467.1495
2016-06-30 07:00:00,2016-06-30 07:00:00,470.6443
2016-06-30 08:00:00,2016-06-30 08:00:00,482.6685
2016-06-30 09:00:00,2016-06-30 09:00:00,502.7325
2016-06-30 10:00:00,2016-06-30 10:00:00,509.6118
2016-06-30 11:00:00,2016-06-30 11:00:00,530.5697
2016-06-30 12:00:00,2016-06-30 12:00:00,539.15
2016-06-30 13:00:00,2016-06-30 13:00:00,551.2417
2016-06-30 14:00:00,2016-06-30 14:00:00,555.5082
2016-06-30 15:00:00,2016-06-30 15:00:00,564.7015
2016-06-30 16:00:00,2016-06-30 16:00:00,554.4667
2016-06-30 17:00:00,2016-06-30 17:00:00,537.6333
2016-06-30 18:00:00,2016-06-30 18:00:00,512.974
2016-06-30 19:00:00,2016-06-30 19:00:00,492.5417
2016-06-30 20:00:00,2016-06-30 20:00:00,488.8978
2016-06-30 21:00:00,2016-06-30 21:00:00,481.7253
2016-06-30 22:00:00,2016-06-30 22:00:00,478.9088
2016-06-30 23:00:00,2016-06-30 23:00:00,468.5197
2016-07-01 00:00:00,2016-07-01 00:00:00,467.1783
2016-07-01 01:00:00,2016-07-01 01:00:00,466.688
2016-07-01 02:00:00,2016-07-01 02:00:00,466.4168
2016-07-01 03:00:00,2016-07-01 03:00:00,462.9305
2016-07-01 04:00:00,2016-07-01 04:00:00,462.6995
2016-07-01 05:00:00,2016-07-01 05:00:00,462.1903
2016-07-01 06:00:00,2016-07-01 06:00:00,468.346
2016-07-01 07:00:00,2016-07-01 07:00:00,476.2173
2016-07-01 08:00:00,2016-07-01 08:00:00,489.94
2016-07-01 09:00:00,2016-07-01 09:00:00,507.3083
2016-07-01 10:00:00,2016-07-01 10:00:00,507.0142
2016-07-01 11:00:00,2016-07-01 11:00:00,513.5702
2016-07-01 12:00:00,2016-07-01 12:00:00,523.4553
2016-07-01 13:00:00,2016-07-01 13:00:00,532.3488
2016-07-01 14:00:00,2016-07-01 14:00:00,533.0623
2016-07-01 15:00:00,2016-07-01 15:00:00,521.396
2016-07-01 16:00:00,2016-07-01 16:00:00,513.417
2016-07-01 17:00:00,2016-07-01 17:00:00,506.4897
2016-07-01 18:00:00,2016-07-01 18:00:00,483.7887
2016-07-01 19:00:00,2016-07-01 19:00:00,475.8648
2016-07-01 20:00:00,2016-07-01 20:00:00,475.977
2016-07-01 21:00:00,2016-07-01 21:00:00,474.8746
2016-07-01 22:00:00,2016-07-01 22:00:00,467.9715
2016-07-01 23:00:00,2016-07-01 23:00:00,459.0698
2016-07-02 00:00:00,2016-07-02 00:00:00,456.1818
2016-07-02 01:00:00,2016-07-02 01:00:00,454.9335
2016-07-02 02:00:00,2016-07-02 02:00:00,457.2893
2016-07-02 03:00:00,2016-07-02 03:00:00,456.6762
2016-07-02 04:00:00,2016-07-02 04:00:00,458.0152
2016-07-02 05:00:00,2016-07-02 05:00:00,456.4798
2016-07-02 06:00:00,2016-07-02 06:00:00,465.8637
2016-07-02 07:00:00,2016-07-02 07:00:00,470.8408
2016-07-02 08:00:00,2016-07-02 08:00:00,473.5813
2016-07-02 09:00:00,2016-07-02 09:00:00,477.7053
2016-07-02 10:00:00,2016-07-02 10:00:00,485.657
2016-07-02 11:00:00,2016-07-02 11:00:00,497.1537
2016-07-02 12:00:00,2016-07-02 12:00:00,512.6518
2016-07-02 13:00:00,2016-07-02 13:00:00,517.0283
2016-07-02 14:00:00,2016-07-02 14:00:00,516.2505
2016-07-02 15:00:00,2016-07-02 15:00:00,508.643
2016-07-02 16:00:00,2016-07-02 16:00:00,503.257
2016-07-02 17:00:00,2016-07-02 17:00:00,499.8993
2016-07-02 18:00:00,2016-07-02 18:00:00,478.7935
2016-07-02 19:00:00,2016-07-02 19:00:00,469.6293
2016-07-02 20:00:00,2016-07-02 20:00:00,463.763
2016-07-02 21:00:00,2016-07-02 21:00:00,461.6685
2016-07-02 22:00:00,2016-07-02 22:00:00,455.7757
2016-07-02 23:00:00,2016-07-02 23:00:00,456.637
2016-07-03 00:00:00,2016-07-03 00:00:00,455.1567
2016-07-03 01:00:00,2016-07-03 01:00:00,452.5467
2016-07-03 02:00:00,2016-07-03 02:00:00,454.5905
2016-07-03 03:00:00,2016-07-03 03:00:00,453.8627
2016-07-03 04:00:00,2016-07-03 04:00:00,453.871
2016-07-03 05:00:00,2016-07-03 05:00:00,450.7344
2016-07-03 06:00:00,2016-07-03 06:00:00,453.8125
2016-07-03 07:00:00,2016-07-03 07:00:00,461.1298
2016-07-03 08:00:00,2016-07-03 08:00:00,465.2668
2016-07-03 09:00:00,2016-07-03 09:00:00,464.3245
2016-07-03 10:00:00,2016-07-03 10:00:00,470.9237
2016-07-03 11:00:00,2016-07-03 11:00:00,471.976
2016-07-03 12:00:00,2016-07-03 12:00:00,479.955
2016-07-03 13:00:00,2016-07-03 13:00:00,493.3482
2016-07-03 14:00:00,2016-07-03 14:00:00,495.487
2016-07-03 15:00:00,2016-07-03 15:00:00,488.8338
2016-07-03 16:00:00,2016-07-03 16:00:00,492.9227
2016-07-03 17:00:00,2016-07-03 17:00:00,488.1758
2016-07-03 18:00:00,2016-07-03 18:00:00,469.9082
2016-07-03 19:00:00,2016-07-03 19:00:00,463.9238
2016-07-03 20:00:00,2016-07-03 20:00:00,460.2705
2016-07-03 21:00:00,2016-07-03 21:00:00,459.685
2016-07-03 22:00:00,2016-07-03 22:00:00,460.8375
2016-07-03 23:00:00,2016-07-03 23:00:00,456.8235
2016-07-04 00:00:00,2016-07-04 00:00:00,452.046
2016-07-04 01:00:00,2016-07-04 01:00:00,450.5298
2016-07-04 02:00:00,2016-07-04 02:00:00,445.196
2016-07-04 03:00:00,2016-07-04 03:00:00,446.0518
2016-07-04 04:00:00,2016-07-04 04:00:00,447.6215
2016-07-04 05:00:00,2016-07-04 05:00:00,445.8642
2016-07-04 06:00:00,2016-07-04 06:00:00,457.724
2016-07-04 07:00:00,2016-07-04 07:00:00,462.1762
2016-07-04 08:00:00,2016-07-04 08:00:00,463.684
2016-07-04 09:00:00,2016-07-04 09:00:00,467.898
2016-07-04 10:00:00,2016-07-04 10:00:00,475.9248
2016-07-04 11:00:00,2016-07-04 11:00:00,490.1202
2016-07-04 12:00:00,2016-07-04 12:00:00,496.6713
2016-07-04 13:00:00,2016-07-04 13:00:00,498.008
2016-07-04 14:00:00,2016-07-04 14:00:00,496.1418
2016-07-04 15:00:00,2016-07-04 15:00:00,493.3282
2016-07-04 16:00:00,2016-07-04 16:00:00,493.3905
2016-07-04 17:00:00,2016-07-04 17:00:00,494.276
2016-07-04 18:00:00,2016-07-04 18:00:00,477.2128
2016-07-04 19:00:00,2016-07-04 19:00:00,465.8463
2016-07-04 20:00:00,2016-07-04 20:00:00,463.0755
2016-07-04 21:00:00,2016-07-04 21:00:00,460.6367
2016-07-04 22:00:00,2016-07-04 22:00:00,456.7163
2016-07-04 23:00:00,2016-07-04 23:00:00,459.586
2016-07-05 00:00:00,2016-07-05 00:00:00,456.371
2016-07-05 01:00:00,2016-07-05 01:00:00,454.1028
2016-07-05 02:00:00,2016-07-05 02:00:00,450.1717
2016-07-05 03:00:00,2016-07-05 03:00:00,447.639
2016-07-05 04:00:00,2016-07-05 04:00:00,446.9718
2016-07-05 05:00:00,2016-07-05 05:00:00,445.4808
2016-07-05 06:00:00,2016-07-05 06:00:00,458.3792
2016-07-05 07:00:00,2016-07-05 07:00:00,463.5618
2016-07-05 08:00:00,2016-07-05 08:00:00,468.564
2016-07-05 09:00:00,2016-07-05 09:00:00,480.2172
2016-07-05 10:00:00,2016-07-05 10:00:00,487.6877
2016-07-05 11:00:00,2016-07-05 11:00:00,494.3523
2016-07-05 12:00:00,2016-07-05 12:00:00,495.9632
2016-07-05 13:00:00,2016-07-05 13:00:00,500.9742
2016-07-05 14:00:00,2016-07-05 14:00:00,515.8723
2016-07-05 15:00:00,2016-07-05 15:00:00,518.9323
2016-07-05 16:00:00,2016-07-05 16:00:00,511.7597
2016-07-05 17:00:00,2016-07-05 17:00:00,502.7718
2016-07-05 18:00:00,2016-07-05 18:00:00,483.4532
2016-07-05 19:00:00,2016-07-05 19:00:00,477.0108
2016-07-05 20:00:00,2016-07-05 20:00:00,468.4615
2016-07-05 21:00:00,2016-07-05 21:00:00,456.2532
2016-07-05 22:00:00,2016-07-05 22:00:00,457.3737
2016-07-05 23:00:00,2016-07-05 23:00:00,456.8778
2016-07-06 00:00:00,2016-07-06 00:00:00,453.6592
2016-07-06 01:00:00,2016-07-06 01:00:00,455.3195
2016-07-06 02:00:00,2016-07-06 02:00:00,456.202
2016-07-06 03:00:00,2016-07-06 03:00:00,451.4082
2016-07-06 04:00:00,2016-07-06 04:00:00,452.179
2016-07-06 05:00:00,2016-07-06 05:00:00,448.4382
2016-07-06 06:00:00,2016-07-06 06:00:00,457.734
2016-07-06 07:00:00,2016-07-06 07:00:00,460.1492
2016-07-06 08:00:00,2016-07-06 08:00:00,466.576
2016-07-06 09:00:00,2016-07-06 09:00:00,479.89
2016-07-06 10:00:00,2016-07-06 10:00:00,492.7523
2016-07-06 11:00:00,2016-07-06 11:00:00,499.4063
2016-07-06 12:00:00,2016-07-06 12:00:00,513.9508
2016-07-06 13:00:00,2016-07-06 13:00:00,513.9218
2016-07-06 14:00:00,2016-07-06 14:00:00,519.3463
2016-07-06 15:00:00,2016-07-06 15:00:00,515.5312
2016-07-06 16:00:00,2016-07-06 16:00:00,510.6282
2016-07-06 17:00:00,2016-07-06 17:00:00,504.8565
2016-07-06 18:00:00,2016-07-06 18:00:00,492.3372
2016-07-06 19:00:00,2016-07-06 19:00:00,483.5203
2016-07-06 20:00:00,2016-07-06 20:00:00,484.3813
2016-07-06 21:00:00,2016-07-06 21:00:00,474.7453
2016-07-06 22:00:00,2016-07-06 22:00:00,473.441
2016-07-06 23:00:00,2016-07-06 23:00:00,470.2955
2016-07-07 00:00:00,2016-07-07 00:00:00,464.1123
2016-07-07 01:00:00,2016-07-07 01:00:00,462.5022
2016-07-07 02:00:00,2016-07-07 02:00:00,451.6373
2016-07-07 03:00:00,2016-07-07 03:00:00,445.0358
2016-07-07 04:00:00,2016-07-07 04:00:00,442.0453
2016-07-07 05:00:00,2016-07-07 05:00:00,441.9782
2016-07-07 06:00:00,2016-07-07 06:00:00,451.536
2016-07-07 07:00:00,2016-07-07 07:00:00,454.9865
2016-07-07 08:00:00,2016-07-07 08:00:00,467.3977
2016-07-07 09:00:00,2016-07-07 09:00:00,478.3925
2016-07-07 10:00:00,2016-07-07 10:00:00,490.3715
2016-07-07 11:00:00,2016-07-07 11:00:00,500.2925
2016-07-07 12:00:00,2016-07-07 12:00:00,500.5948
2016-07-07 13:00:00,2016-07-07 13:00:00,504.8325
2016-07-07 14:00:00,2016-07-07 14:00:00,509.6888
2016-07-07 15:00:00,2016-07-07 15:00:00,516.5442
2016-07-07 16:00:00,2016-07-07 16:00:00,513.22
2016-07-07 17:00:00,2016-07-07 17:00:00,510.2975
2016-07-07 18:00:00,2016-07-07 18:00:00,491.3948
2016-07-07 19:00:00,2016-07-07 19:00:00,477.6272
2016-07-07 20:00:00,2016-07-07 20:00:00,468.0158
2016-07-07 21:00:00,2016-07-07 21:00:00,465.4188
2016-07-07 22:00:00,2016-07-07 22:00:00,462.3525
2016-07-07 23:00:00,2016-07-07 23:00:00,461.0477
2016-07-08 00:00:00,2016-07-08 00:00:00,460.3397
2016-07-08 01:00:00,2016-07-08 01:00:00,457.9735
2016-07-08 02:00:00,2016-07-08 02:00:00,448.4943
2016-07-08 03:00:00,2016-07-08 03:00:00,451.0088
2016-07-08 04:00:00,2016-07-08 04:00:00,449.0363
2016-07-08 05:00:00,2016-07-08 05:00:00,447.211
2016-07-08 06:00:00,2016-07-08 06:00:00,457.0002
2016-07-08 07:00:00,2016-07-08 07:00:00,458.4485
2016-07-08 08:00:00,2016-07-08 08:00:00,468.2617
2016-07-08 09:00:00,2016-07-08 09:00:00,478.4092
2016-07-08 10:00:00,2016-07-08 10:00:00,493.4955
2016-07-08 11:00:00,2016-07-08 11:00:00,512.498
2016-07-08 12:00:00,2016-07-08 12:00:00,534.1742
2016-07-08 13:00:00,2016-07-08 13:00:00,546.0582
2016-07-08 14:00:00,2016-07-08 14:00:00,550.797
2016-07-08 15:00:00,2016-07-08 15:00:00,545.5538
2016-07-08 16:00:00,2016-07-08 16:00:00,545.968
2016-07-08 17:00:00,2016-07-08 17:00:00,538.096
2016-07-08 18:00:00,2016-07-08 18:00:00,525.888
2016-07-08 19:00:00,2016-07-08 19:00:00,511.937
2016-07-08 20:00:00,2016-07-08 20:00:00,510.885
2016-07-08 21:00:00,2016-07-08 21:00:00,504.7968
2016-07-08 22:00:00,2016-07-08 22:00:00,504.735
2016-07-08 23:00:00,2016-07-08 23:00:00,504.7258
2016-07-09 00:00:00,2016-07-09 00:00:00,503.5245
2016-07-09 01:00:00,2016-07-09 01:00:00,498.222
2016-07-09 02:00:00,2016-07-09 02:00:00,495.6272
2016-07-09 03:00:00,2016-07-09 03:00:00,500.789
2016-07-09 04:00:00,2016-07-09 04:00:00,502.646
2016-07-09 05:00:00,2016-07-09 05:00:00,501.7415
2016-07-09 06:00:00,2016-07-09 06:00:00,509.4865
2016-07-09 07:00:00,2016-07-09 07:00:00,515.6388
2016-07-09 08:00:00,2016-07-09 08:00:00,524.5475
2016-07-09 09:00:00,2016-07-09 09:00:00,530.0635
2016-07-09 10:00:00,2016-07-09 10:00:00,533.8783
2016-07-09 11:00:00,2016-07-09 11:00:00,540.2158
2016-07-09 12:00:00,2016-07-09 12:00:00,548.6482
2016-07-09 13:00:00,2016-07-09 13:00:00,549.8615
2016-07-09 14:00:00,2016-07-09 14:00:00,547.1167
2016-07-09 15:00:00,2016-07-09 15:00:00,537.6335
2016-07-09 16:00:00,2016-07-09 16:00:00,529.947
2016-07-09 17:00:00,2016-07-09 17:00:00,526.5985
2016-07-09 18:00:00,2016-07-09 18:00:00,512.5263
2016-07-09 19:00:00,2016-07-09 19:00:00,503.7635
2016-07-09 20:00:00,2016-07-09 20:00:00,480.6295
2016-07-09 21:00:00,2016-07-09 21:00:00,468.1138
2016-07-09 22:00:00,2016-07-09 22:00:00,466.7692
2016-07-09 23:00:00,2016-07-09 23:00:00,463.5583
2016-07-10 00:00:00,2016-07-10 00:00:00,462.4278
2016-07-10 01:00:00,2016-07-10 01:00:00,459.703
2016-07-10 02:00:00,2016-07-10 02:00:00,459.9975
2016-07-10 03:00:00,2016-07-10 03:00:00,460.0518
2016-07-10 04:00:00,2016-07-10 04:00:00,460.123
2016-07-10 05:00:00,2016-07-10 05:00:00,459.0077
2016-07-10 06:00:00,2016-07-10 06:00:00,456.8735
2016-07-10 07:00:00,2016-07-10 07:00:00,463.7608
2016-07-10 08:00:00,2016-07-10 08:00:00,470.6802
2016-07-10 09:00:00,2016-07-10 09:00:00,480.0968
2016-07-10 10:00:00,2016-07-10 10:00:00,498.089
2016-07-10 11:00:00,2016-07-10 11:00:00,516.451
2016-07-10 12:00:00,2016-07-10 12:00:00,532.2642
2016-07-10 13:00:00,2016-07-10 13:00:00,544.8315
2016-07-10 14:00:00,2016-07-10 14:00:00,548.164
2016-07-10 15:00:00,2016-07-10 15:00:00,553.7098
2016-07-10 16:00:00,2016-07-10 16:00:00,557.0725
2016-07-10 17:00:00,2016-07-10 17:00:00,548.9732
2016-07-10 18:00:00,2016-07-10 18:00:00,534.2752
2016-07-10 19:00:00,2016-07-10 19:00:00,525.7027
2016-07-10 20:00:00,2016-07-10 20:00:00,520.3465
2016-07-10 21:00:00,2016-07-10 21:00:00,513.8758
2016-07-10 22:00:00,2016-07-10 22:00:00,510.3608
2016-07-10 23:00:00,2016-07-10 23:00:00,494.9145
2016-07-11 00:00:00,2016-07-11 00:00:00,487.5335
2016-07-11 01:00:00,2016-07-11 01:00:00,472.3583
2016-07-11 02:00:00,2016-07-11 02:00:00,471.4593
2016-07-11 03:00:00,2016-07-11 03:00:00,466.6937
2016-07-11 04:00:00,2016-07-11 04:00:00,459.1655
2016-07-11 05:00:00,2016-07-11 05:00:00,458.9817
2016-07-11 06:00:00,2016-07-11 06:00:00,463.2013
2016-07-11 07:00:00,2016-07-11 07:00:00,471.027
2016-07-11 08:00:00,2016-07-11 08:00:00,501.748
2016-07-11 09:00:00,2016-07-11 09:00:00,532.5822
2016-07-11 10:00:00,2016-07-11 10:00:00,551.4482
2016-07-11 11:00:00,2016-07-11 11:00:00,557.8838
2016-07-11 12:00:00,2016-07-11 12:00:00,567.0938
2016-07-11 13:00:00,2016-07-11 13:00:00,569.6185
2016-07-11 14:00:00,2016-07-11 14:00:00,565.412
2016-07-11 15:00:00,2016-07-11 15:00:00,562.62
2016-07-11 16:00:00,2016-07-11 16:00:00,563.1698
2016-07-11 17:00:00,2016-07-11 17:00:00,560.8805
2016-07-11 18:00:00,2016-07-11 18:00:00,545.5237
2016-07-11 19:00:00,2016-07-11 19:00:00,530.884
2016-07-11 20:00:00,2016-07-11 20:00:00,517.5503
2016-07-11 21:00:00,2016-07-11 21:00:00,513.956
2016-07-11 22:00:00,2016-07-11 22:00:00,478.903
2016-07-11 23:00:00,2016-07-11 23:00:00,468.961
2016-07-12 00:00:00,2016-07-12 00:00:00,461.8803
2016-07-12 01:00:00,2016-07-12 01:00:00,460.1358
2016-07-12 02:00:00,2016-07-12 02:00:00,459.541
2016-07-12 03:00:00,2016-07-12 03:00:00,456.9945
2016-07-12 04:00:00,2016-07-12 04:00:00,456.2072
2016-07-12 05:00:00,2016-07-12 05:00:00,456.9165
2016-07-12 06:00:00,2016-07-12 06:00:00,467.942
2016-07-12 07:00:00,2016-07-12 07:00:00,472.5312
2016-07-12 08:00:00,2016-07-12 08:00:00,479.432
2016-07-12 09:00:00,2016-07-12 09:00:00,486.9498
2016-07-12 10:00:00,2016-07-12 10:00:00,501.087
2016-07-12 11:00:00,2016-07-12 11:00:00,515.6297
2016-07-12 12:00:00,2016-07-12 12:00:00,535.2252
2016-07-12 13:00:00,2016-07-12 13:00:00,559.075
2016-07-12 14:00:00,2016-07-12 14:00:00,569.975
2016-07-12 15:00:00,2016-07-12 15:00:00,574.2388
2016-07-12 16:00:00,2016-07-12 16:00:00,571.302
2016-07-12 17:00:00,2016-07-12 17:00:00,561.019
2016-07-12 18:00:00,2016-07-12 18:00:00,530.2175
2016-07-12 19:00:00,2016-07-12 19:00:00,515.6253
2016-07-12 20:00:00,2016-07-12 20:00:00,497.4902
2016-07-12 21:00:00,2016-07-12 21:00:00,491.406
2016-07-12 22:00:00,2016-07-12 22:00:00,477.3218
2016-07-12 23:00:00,2016-07-12 23:00:00,468.4293
2016-07-13 00:00:00,2016-07-13 00:00:00,462.4265
2016-07-13 01:00:00,2016-07-13 01:00:00,459.234
2016-07-13 02:00:00,2016-07-13 02:00:00,455.0765
2016-07-13 03:00:00,2016-07-13 03:00:00,454.2088
2016-07-13 04:00:00,2016-07-13 04:00:00,457.7853
2016-07-13 05:00:00,2016-07-13 05:00:00,459.0205
2016-07-13 06:00:00,2016-07-13 06:00:00,465.623
2016-07-13 07:00:00,2016-07-13 07:00:00,474.1438
2016-07-13 08:00:00,2016-07-13 08:00:00,494.3763
2016-07-13 09:00:00,2016-07-13 09:00:00,517.6813
2016-07-13 10:00:00,2016-07-13 10:00:00,540.0093
2016-07-13 11:00:00,2016-07-13 11:00:00,560.212
2016-07-13 12:00:00,2016-07-13 12:00:00,577.577
2016-07-13 13:00:00,2016-07-13 13:00:00,585.44
2016-07-13 14:00:00,2016-07-13 14:00:00,584.5002
2016-07-13 15:00:00,2016-07-13 15:00:00,584.4198
2016-07-13 16:00:00,2016-07-13 16:00:00,572.207
2016-07-13 17:00:00,2016-07-13 17:00:00,558.7502
2016-07-13 18:00:00,2016-07-13 18:00:00,542.5277
2016-07-13 19:00:00,2016-07-13 19:00:00,533.7393
2016-07-13 20:00:00,2016-07-13 20:00:00,519.615
2016-07-13 21:00:00,2016-07-13 21:00:00,507.967
2016-07-13 22:00:00,2016-07-13 22:00:00,478.7618
2016-07-13 23:00:00,2016-07-13 23:00:00,477.8388
2016-07-14 00:00:00,2016-07-14 00:00:00,469.989
2016-07-14 01:00:00,2016-07-14 01:00:00,465.7737
2016-07-14 02:00:00,2016-07-14 02:00:00,465.6762
2016-07-14 03:00:00,2016-07-14 03:00:00,460.737
2016-07-14 04:00:00,2016-07-14 04:00:00,455.941
2016-07-14 05:00:00,2016-07-14 05:00:00,453.7127
2016-07-14 06:00:00,2016-07-14 06:00:00,462.2928
2016-07-14 07:00:00,2016-07-14 07:00:00,465.1977
2016-07-14 08:00:00,2016-07-14 08:00:00,488.8008
2016-07-14 09:00:00,2016-07-14 09:00:00,523.7336
2016-07-14 10:00:00,2016-07-14 10:00:00,544.3762
2016-07-14 11:00:00,2016-07-14 11:00:00,560.9817
2016-07-14 12:00:00,2016-07-14 12:00:00,562.2323
2016-07-14 13:00:00,2016-07-14 13:00:00,562.3695
2016-07-14 14:00:00,2016-07-14 14:00:00,560.5725
2016-07-14 15:00:00,2016-07-14 15:00:00,563.0652
2016-07-14 16:00:00,2016-07-14 16:00:00,550.3075
2016-07-14 17:00:00,2016-07-14 17:00:00,531.486
2016-07-14 18:00:00,2016-07-14 18:00:00,500.453
2016-07-14 19:00:00,2016-07-14 19:00:00,468.357
2016-07-14 20:00:00,2016-07-14 20:00:00,461.3995
2016-07-14 21:00:00,2016-07-14 21:00:00,458.1323
2016-07-14 22:00:00,2016-07-14 22:00:00,455.2898
2016-07-14 23:00:00,2016-07-14 23:00:00,452.9578
2016-07-15 00:00:00,2016-07-15 00:00:00,451.704
2016-07-15 01:00:00,2016-07-15 01:00:00,450.2705
2016-07-15 02:00:00,2016-07-15 02:00:00,450.4885
2016-07-15 03:00:00,2016-07-15 03:00:00,451.0237
2016-07-15 04:00:00,2016-07-15 04:00:00,451.8723
2016-07-15 05:00:00,2016-07-15 05:00:00,451.7983
2016-07-15 06:00:00,2016-07-15 06:00:00,461.558
2016-07-15 07:00:00,2016-07-15 07:00:00,469.5345
2016-07-15 08:00:00,2016-07-15 08:00:00,476.463
2016-07-15 09:00:00,2016-07-15 09:00:00,496.974
2016-07-15 10:00:00,2016-07-15 10:00:00,509.873
2016-07-15 11:00:00,2016-07-15 11:00:00,520.4465
2016-07-15 12:00:00,2016-07-15 12:00:00,539.0165
2016-07-15 13:00:00,2016-07-15 13:00:00,544.547
2016-07-15 14:00:00,2016-07-15 14:00:00,547.8905
2016-07-15 15:00:00,2016-07-15 15:00:00,546.7152
2016-07-15 16:00:00,2016-07-15 16:00:00,540.1165
2016-07-15 17:00:00,2016-07-15 17:00:00,524.9395
2016-07-15 18:00:00,2016-07-15 18:00:00,501.056
2016-07-15 19:00:00,2016-07-15 19:00:00,480.343
2016-07-15 20:00:00,2016-07-15 20:00:00,470.3687
2016-07-15 21:00:00,2016-07-15 21:00:00,466.0497
2016-07-15 22:00:00,2016-07-15 22:00:00,462.845
2016-07-15 23:00:00,2016-07-15 23:00:00,460.7385
2016-07-16 00:00:00,2016-07-16 00:00:00,460.5282
2016-07-16 01:00:00,2016-07-16 01:00:00,458.4605
2016-07-16 02:00:00,2016-07-16 02:00:00,458.3518
2016-07-16 03:00:00,2016-07-16 03:00:00,456.1148
2016-07-16 04:00:00,2016-07-16 04:00:00,455.4148
2016-07-16 05:00:00,2016-07-16 05:00:00,456.1595
2016-07-16 06:00:00,2016-07-16 06:00:00,465.8645
2016-07-16 07:00:00,2016-07-16 07:00:00,467.609
2016-07-16 08:00:00,2016-07-16 08:00:00,468.4303
2016-07-16 09:00:00,2016-07-16 09:00:00,472.9063
2016-07-16 10:00:00,2016-07-16 10:00:00,481.503
2016-07-16 11:00:00,2016-07-16 11:00:00,486.6425
2016-07-16 12:00:00,2016-07-16 12:00:00,498.1892
2016-07-16 13:00:00,2016-07-16 13:00:00,515.4428
2016-07-16 14:00:00,2016-07-16 14:00:00,521.451
2016-07-16 15:00:00,2016-07-16 15:00:00,517.5695
2016-07-16 16:00:00,2016-07-16 16:00:00,507.805
2016-07-16 17:00:00,2016-07-16 17:00:00,501.6093
2016-07-16 18:00:00,2016-07-16 18:00:00,481.3582
2016-07-16 19:00:00,2016-07-16 19:00:00,468.1952
2016-07-16 20:00:00,2016-07-16 20:00:00,462.5918
2016-07-16 21:00:00,2016-07-16 21:00:00,460.579
2016-07-16 22:00:00,2016-07-16 22:00:00,459.038
2016-07-16 23:00:00,2016-07-16 23:00:00,455.217
2016-07-17 00:00:00,2016-07-17 00:00:00,454.7335
2016-07-17 01:00:00,2016-07-17 01:00:00,453.6355
2016-07-17 02:00:00,2016-07-17 02:00:00,452.2983
2016-07-17 03:00:00,2016-07-17 03:00:00,452.1485
2016-07-17 04:00:00,2016-07-17 04:00:00,451.8918
2016-07-17 05:00:00,2016-07-17 05:00:00,451.828
2016-07-17 06:00:00,2016-07-17 06:00:00,459.5692
2016-07-17 07:00:00,2016-07-17 07:00:00,460.8468
2016-07-17 08:00:00,2016-07-17 08:00:00,458.9895
2016-07-17 09:00:00,2016-07-17 09:00:00,457.4013
2016-07-17 10:00:00,2016-07-17 10:00:00,457.1603
2016-07-17 11:00:00,2016-07-17 11:00:00,463.789
2016-07-17 12:00:00,2016-07-17 12:00:00,472.2335
2016-07-17 13:00:00,2016-07-17 13:00:00,475.5768
2016-07-17 14:00:00,2016-07-17 14:00:00,481.1933
2016-07-17 15:00:00,2016-07-17 15:00:00,486.979
2016-07-17 16:00:00,2016-07-17 16:00:00,480.8882
2016-07-17 17:00:00,2016-07-17 17:00:00,475.186
2016-07-17 18:00:00,2016-07-17 18:00:00,464.2608
2016-07-17 19:00:00,2016-07-17 19:00:00,454.1535
2016-07-17 20:00:00,2016-07-17 20:00:00,452.939
2016-07-17 21:00:00,2016-07-17 21:00:00,449.8478
2016-07-17 22:00:00,2016-07-17 22:00:00,449.6215
2016-07-17 23:00:00,2016-07-17 23:00:00,448.4222
2016-07-18 00:00:00,2016-07-18 00:00:00,446.9088
2016-07-18 01:00:00,2016-07-18 01:00:00,447.041
2016-07-18 02:00:00,2016-07-18 02:00:00,443.3402
2016-07-18 03:00:00,2016-07-18 03:00:00,442.892
2016-07-18 04:00:00,2016-07-18 04:00:00,442.0904
2016-07-18 05:00:00,2016-07-18 05:00:00,442.9385
2016-07-18 06:00:00,2016-07-18 06:00:00,455.1552
2016-07-18 07:00:00,2016-07-18 07:00:00,456.3075
2016-07-18 08:00:00,2016-07-18 08:00:00,464.7662
2016-07-18 09:00:00,2016-07-18 09:00:00,481.7598
2016-07-18 10:00:00,2016-07-18 10:00:00,495.6738
2016-07-18 11:00:00,2016-07-18 11:00:00,501.2525
2016-07-18 12:00:00,2016-07-18 12:00:00,509.0983
2016-07-18 13:00:00,2016-07-18 13:00:00,526.0285
2016-07-18 14:00:00,2016-07-18 14:00:00,538.721
2016-07-18 15:00:00,2016-07-18 15:00:00,535.5965
2016-07-18 16:00:00,2016-07-18 16:00:00,535.605
2016-07-18 17:00:00,2016-07-18 17:00:00,533.0715
2016-07-18 18:00:00,2016-07-18 18:00:00,514.3118
2016-07-18 19:00:00,2016-07-18 19:00:00,504.8215
2016-07-18 20:00:00,2016-07-18 20:00:00,492.306
2016-07-18 21:00:00,2016-07-18 21:00:00,478.9327
2016-07-18 22:00:00,2016-07-18 22:00:00,470.8702
2016-07-18 23:00:00,2016-07-18 23:00:00,467.334
2016-07-19 00:00:00,2016-07-19 00:00:00,464.2505
2016-07-19 01:00:00,2016-07-19 01:00:00,462.441
2016-07-19 02:00:00,2016-07-19 02:00:00,455.079
2016-07-19 03:00:00,2016-07-19 03:00:00,450.7888
2016-07-19 04:00:00,2016-07-19 04:00:00,450.9197
2016-07-19 05:00:00,2016-07-19 05:00:00,447.261
2016-07-19 06:00:00,2016-07-19 06:00:00,459.1845
2016-07-19 07:00:00,2016-07-19 07:00:00,467.0963
2016-07-19 08:00:00,2016-07-19 08:00:00,478.3123
2016-07-19 09:00:00,2016-07-19 09:00:00,490.2692
2016-07-19 10:00:00,2016-07-19 10:00:00,491.6168
2016-07-19 11:00:00,2016-07-19 11:00:00,502.1268
2016-07-19 12:00:00,2016-07-19 12:00:00,531.4953
2016-07-19 13:00:00,2016-07-19 13:00:00,548.8905
2016-07-19 14:00:00,2016-07-19 14:00:00,549.9703
2016-07-19 15:00:00,2016-07-19 15:00:00,546.334
2016-07-19 16:00:00,2016-07-19 16:00:00,538.4605
2016-07-19 17:00:00,2016-07-19 17:00:00,528.7903
2016-07-19 18:00:00,2016-07-19 18:00:00,503.7407
2016-07-19 19:00:00,2016-07-19 19:00:00,484.2788
2016-07-19 20:00:00,2016-07-19 20:00:00,481.323
2016-07-19 21:00:00,2016-07-19 21:00:00,475.6572
2016-07-19 22:00:00,2016-07-19 22:00:00,464.352
2016-07-19 23:00:00,2016-07-19 23:00:00,459.2498
2016-07-20 00:00:00,2016-07-20 00:00:00,456.886
2016-07-20 01:00:00,2016-07-20 01:00:00,456.4325
2016-07-20 02:00:00,2016-07-20 02:00:00,456.5705
2016-07-20 03:00:00,2016-07-20 03:00:00,455.9048
2016-07-20 04:00:00,2016-07-20 04:00:00,455.9967
2016-07-20 05:00:00,2016-07-20 05:00:00,456.4747
2016-07-20 06:00:00,2016-07-20 06:00:00,467.073
2016-07-20 07:00:00,2016-07-20 07:00:00,469.2825
2016-07-20 08:00:00,2016-07-20 08:00:00,477.6363
2016-07-20 09:00:00,2016-07-20 09:00:00,491.3235
2016-07-20 10:00:00,2016-07-20 10:00:00,511.77
2016-07-20 11:00:00,2016-07-20 11:00:00,538.7532
2016-07-20 12:00:00,2016-07-20 12:00:00,549.681
2016-07-20 13:00:00,2016-07-20 13:00:00,563.4185
2016-07-20 14:00:00,2016-07-20 14:00:00,560.1627
2016-07-20 15:00:00,2016-07-20 15:00:00,561.9187
2016-07-20 16:00:00,2016-07-20 16:00:00,540.1982
2016-07-20 17:00:00,2016-07-20 17:00:00,536.0306
2016-07-20 18:00:00,2016-07-20 18:00:00,520.7157
2016-07-20 19:00:00,2016-07-20 19:00:00,517.0665
2016-07-20 20:00:00,2016-07-20 20:00:00,511.569
2016-07-20 21:00:00,2016-07-20 21:00:00,483.6335
2016-07-20 22:00:00,2016-07-20 22:00:00,473.7545
2016-07-20 23:00:00,2016-07-20 23:00:00,466.7298
2016-07-21 00:00:00,2016-07-21 00:00:00,464.0905
2016-07-21 01:00:00,2016-07-21 01:00:00,463.144
2016-07-21 02:00:00,2016-07-21 02:00:00,463.5893
2016-07-21 03:00:00,2016-07-21 03:00:00,459.101
2016-07-21 04:00:00,2016-07-21 04:00:00,459.99
2016-07-21 05:00:00,2016-07-21 05:00:00,460.3808
2016-07-21 06:00:00,2016-07-21 06:00:00,471.2518
2016-07-21 07:00:00,2016-07-21 07:00:00,476.8118
2016-07-21 08:00:00,2016-07-21 08:00:00,484.396
2016-07-21 09:00:00,2016-07-21 09:00:00,498.091
2016-07-21 10:00:00,2016-07-21 10:00:00,518.5067
2016-07-21 11:00:00,2016-07-21 11:00:00,543.108
2016-07-21 12:00:00,2016-07-21 12:00:00,557.213
2016-07-21 13:00:00,2016-07-21 13:00:00,569.1837
2016-07-21 14:00:00,2016-07-21 14:00:00,564.85
2016-07-21 15:00:00,2016-07-21 15:00:00,559.5385
2016-07-21 16:00:00,2016-07-21 16:00:00,555.937
2016-07-21 17:00:00,2016-07-21 17:00:00,549.8225
2016-07-21 18:00:00,2016-07-21 18:00:00,533.2263
2016-07-21 19:00:00,2016-07-21 19:00:00,525.1507
2016-07-21 20:00:00,2016-07-21 20:00:00,517.1077
2016-07-21 21:00:00,2016-07-21 21:00:00,511.002
2016-07-21 22:00:00,2016-07-21 22:00:00,486.1768
2016-07-21 23:00:00,2016-07-21 23:00:00,470.5898
2016-07-22 00:00:00,2016-07-22 00:00:00,466.1503
2016-07-22 01:00:00,2016-07-22 01:00:00,459.7387
2016-07-22 02:00:00,2016-07-22 02:00:00,458.3337
2016-07-22 03:00:00,2016-07-22 03:00:00,455.4418
2016-07-22 04:00:00,2016-07-22 04:00:00,456.7385
2016-07-22 05:00:00,2016-07-22 05:00:00,457.3168
2016-07-22 06:00:00,2016-07-22 06:00:00,467.6125
2016-07-22 07:00:00,2016-07-22 07:00:00,468.7072
2016-07-22 08:00:00,2016-07-22 08:00:00,480.8318
2016-07-22 09:00:00,2016-07-22 09:00:00,510.4447
2016-07-22 10:00:00,2016-07-22 10:00:00,537.3902
2016-07-22 11:00:00,2016-07-22 11:00:00,553.7283
2016-07-22 12:00:00,2016-07-22 12:00:00,563.2815
2016-07-22 13:00:00,2016-07-22 13:00:00,567.332
2016-07-22 14:00:00,2016-07-22 14:00:00,564.352
2016-07-22 15:00:00,2016-07-22 15:00:00,557.983
2016-07-22 16:00:00,2016-07-22 16:00:00,561.3735
2016-07-22 17:00:00,2016-07-22 17:00:00,554.2055
2016-07-22 18:00:00,2016-07-22 18:00:00,525.97
2016-07-22 19:00:00,2016-07-22 19:00:00,511.4825
2016-07-22 20:00:00,2016-07-22 20:00:00,504.5112
2016-07-22 21:00:00,2016-07-22 21:00:00,504.2173
2016-07-22 22:00:00,2016-07-22 22:00:00,495.8015
2016-07-22 23:00:00,2016-07-22 23:00:00,476.7777
2016-07-23 00:00:00,2016-07-23 00:00:00,463.9015
2016-07-23 01:00:00,2016-07-23 01:00:00,458.353
2016-07-23 02:00:00,2016-07-23 02:00:00,453.4625
2016-07-23 03:00:00,2016-07-23 03:00:00,455.8595
2016-07-23 04:00:00,2016-07-23 04:00:00,451.578
2016-07-23 05:00:00,2016-07-23 05:00:00,452.0705
2016-07-23 06:00:00,2016-07-23 06:00:00,461.3862
2016-07-23 07:00:00,2016-07-23 07:00:00,464.8517
2016-07-23 08:00:00,2016-07-23 08:00:00,475.4942
2016-07-23 09:00:00,2016-07-23 09:00:00,505.2767
2016-07-23 10:00:00,2016-07-23 10:00:00,525.9818
2016-07-23 11:00:00,2016-07-23 11:00:00,534.3398
2016-07-23 12:00:00,2016-07-23 12:00:00,549.6397
2016-07-23 13:00:00,2016-07-23 13:00:00,559.0132
2016-07-23 14:00:00,2016-07-23 14:00:00,548.004
2016-07-23 15:00:00,2016-07-23 15:00:00,551.5487
2016-07-23 16:00:00,2016-07-23 16:00:00,556.234
2016-07-23 17:00:00,2016-07-23 17:00:00,554.67
2016-07-23 18:00:00,2016-07-23 18:00:00,523.586
2016-07-23 19:00:00,2016-07-23 19:00:00,510.9465
2016-07-23 20:00:00,2016-07-23 20:00:00,497.5788
2016-07-23 21:00:00,2016-07-23 21:00:00,484.0835
2016-07-23 22:00:00,2016-07-23 22:00:00,464.603
2016-07-23 23:00:00,2016-07-23 23:00:00,463.6968
2016-07-24 00:00:00,2016-07-24 00:00:00,458.5687
2016-07-24 01:00:00,2016-07-24 01:00:00,452.5845
2016-07-24 02:00:00,2016-07-24 02:00:00,448.964
2016-07-24 03:00:00,2016-07-24 03:00:00,446.0068
2016-07-24 04:00:00,2016-07-24 04:00:00,447.3067
2016-07-24 05:00:00,2016-07-24 05:00:00,445.4988
2016-07-24 06:00:00,2016-07-24 06:00:00,454.0022
2016-07-24 07:00:00,2016-07-24 07:00:00,458.2668
2016-07-24 08:00:00,2016-07-24 08:00:00,467.3657
2016-07-24 09:00:00,2016-07-24 09:00:00,496.9285
2016-07-24 10:00:00,2016-07-24 10:00:00,507.7712
2016-07-24 11:00:00,2016-07-24 11:00:00,518.365
2016-07-24 12:00:00,2016-07-24 12:00:00,528.8342
2016-07-24 13:00:00,2016-07-24 13:00:00,533.7812
2016-07-24 14:00:00,2016-07-24 14:00:00,529.2707
2016-07-24 15:00:00,2016-07-24 15:00:00,523.7463
2016-07-24 16:00:00,2016-07-24 16:00:00,516.3302
2016-07-24 17:00:00,2016-07-24 17:00:00,513.36
2016-07-24 18:00:00,2016-07-24 18:00:00,500.8488
2016-07-24 19:00:00,2016-07-24 19:00:00,478.5143
2016-07-24 20:00:00,2016-07-24 20:00:00,458.7915
2016-07-24 21:00:00,2016-07-24 21:00:00,455.4972
2016-07-24 22:00:00,2016-07-24 22:00:00,454.4265
2016-07-24 23:00:00,2016-07-24 23:00:00,452.3685
2016-07-25 00:00:00,2016-07-25 00:00:00,449.5153
2016-07-25 01:00:00,2016-07-25 01:00:00,453.1882
2016-07-25 02:00:00,2016-07-25 02:00:00,452.0275
2016-07-25 03:00:00,2016-07-25 03:00:00,448.7498
2016-07-25 04:00:00,2016-07-25 04:00:00,438.4808
2016-07-25 05:00:00,2016-07-25 05:00:00,440.2582
2016-07-25 06:00:00,2016-07-25 06:00:00,456.325
2016-07-25 07:00:00,2016-07-25 07:00:00,462.1355
2016-07-25 08:00:00,2016-07-25 08:00:00,476.2385
2016-07-25 09:00:00,2016-07-25 09:00:00,495.1548
2016-07-25 10:00:00,2016-07-25 10:00:00,522.6133
2016-07-25 11:00:00,2016-07-25 11:00:00,534.8625
2016-07-25 12:00:00,2016-07-25 12:00:00,544.2635
2016-07-25 13:00:00,2016-07-25 13:00:00,553.7855
2016-07-25 14:00:00,2016-07-25 14:00:00,553.8085
2016-07-25 15:00:00,2016-07-25 15:00:00,557.3147
2016-07-25 16:00:00,2016-07-25 16:00:00,554.3722
2016-07-25 17:00:00,2016-07-25 17:00:00,551.7362
2016-07-25 18:00:00,2016-07-25 18:00:00,524.8498
2016-07-25 19:00:00,2016-07-25 19:00:00,511.0763
2016-07-25 20:00:00,2016-07-25 20:00:00,489.2843
2016-07-25 21:00:00,2016-07-25 21:00:00,470.7695
2016-07-25 22:00:00,2016-07-25 22:00:00,471.6567
2016-07-25 23:00:00,2016-07-25 23:00:00,473.1347
2016-07-26 00:00:00,2016-07-26 00:00:00,466.9922
2016-07-26 01:00:00,2016-07-26 01:00:00,458.262
2016-07-26 02:00:00,2016-07-26 02:00:00,447.4973
2016-07-26 03:00:00,2016-07-26 03:00:00,446.2858
2016-07-26 04:00:00,2016-07-26 04:00:00,449.5183
2016-07-26 05:00:00,2016-07-26 05:00:00,457.5325
2016-07-26 06:00:00,2016-07-26 06:00:00,474.2135
2016-07-26 07:00:00,2016-07-26 07:00:00,472.2578
2016-07-26 08:00:00,2016-07-26 08:00:00,485.5165
2016-07-26 09:00:00,2016-07-26 09:00:00,523.7137
2016-07-26 10:00:00,2016-07-26 10:00:00,552.2293
2016-07-26 11:00:00,2016-07-26 11:00:00,575.888
2016-07-26 12:00:00,2016-07-26 12:00:00,589.3312
2016-07-26 13:00:00,2016-07-26 13:00:00,662.802
2016-07-26 14:00:00,2016-07-26 14:00:00,622.9495
2016-07-26 15:00:00,2016-07-26 15:00:00,585.4498
2016-07-26 16:00:00,2016-07-26 16:00:00,580.671
2016-07-26 17:00:00,2016-07-26 17:00:00,567.475
2016-07-26 18:00:00,2016-07-26 18:00:00,537.4962
2016-07-26 19:00:00,2016-07-26 19:00:00,526.1352
2016-07-26 20:00:00,2016-07-26 20:00:00,513.4128
2016-07-26 21:00:00,2016-07-26 21:00:00,488.1727
2016-07-26 22:00:00,2016-07-26 22:00:00,473.9788
2016-07-26 23:00:00,2016-07-26 23:00:00,479.0575
2016-07-27 00:00:00,2016-07-27 00:00:00,471.8913
2016-07-27 01:00:00,2016-07-27 01:00:00,461.597
2016-07-27 02:00:00,2016-07-27 02:00:00,457.7985
2016-07-27 03:00:00,2016-07-27 03:00:00,454.9558
2016-07-27 04:00:00,2016-07-27 04:00:00,453.2328
2016-07-27 05:00:00,2016-07-27 05:00:00,449.3255
2016-07-27 06:00:00,2016-07-27 06:00:00,463.2067
2016-07-27 07:00:00,2016-07-27 07:00:00,465.6065
2016-07-27 08:00:00,2016-07-27 08:00:00,478.025
2016-07-27 09:00:00,2016-07-27 09:00:00,511.574
2016-07-27 10:00:00,2016-07-27 10:00:00,535.2745
2016-07-27 11:00:00,2016-07-27 11:00:00,552.829
2016-07-27 12:00:00,2016-07-27 12:00:00,567.4718
2016-07-27 13:00:00,2016-07-27 13:00:00,581.8965
2016-07-27 14:00:00,2016-07-27 14:00:00,583.0752
2016-07-27 15:00:00,2016-07-27 15:00:00,574.3195
2016-07-27 16:00:00,2016-07-27 16:00:00,562.1675
2016-07-27 17:00:00,2016-07-27 17:00:00,545.6845
2016-07-27 18:00:00,2016-07-27 18:00:00,522.0382
2016-07-27 19:00:00,2016-07-27 19:00:00,512.7097
2016-07-27 20:00:00,2016-07-27 20:00:00,474.2655
2016-07-27 21:00:00,2016-07-27 21:00:00,459.6162
2016-07-27 22:00:00,2016-07-27 22:00:00,455.2965
2016-07-27 23:00:00,2016-07-27 23:00:00,454.5948
2016-07-28 00:00:00,2016-07-28 00:00:00,455.223
2016-07-28 01:00:00,2016-07-28 01:00:00,454.8503
2016-07-28 02:00:00,2016-07-28 02:00:00,452.94
2016-07-28 03:00:00,2016-07-28 03:00:00,452.7462
2016-07-28 04:00:00,2016-07-28 04:00:00,452.0905
2016-07-28 05:00:00,2016-07-28 05:00:00,450.5898
2016-07-28 06:00:00,2016-07-28 06:00:00,457.197
2016-07-28 07:00:00,2016-07-28 07:00:00,459.1163
2016-07-28 08:00:00,2016-07-28 08:00:00,465.2212
2016-07-28 09:00:00,2016-07-28 09:00:00,483.345
2016-07-28 10:00:00,2016-07-28 10:00:00,515.8165
2016-07-28 11:00:00,2016-07-28 11:00:00,546.3092
2016-07-28 12:00:00,2016-07-28 12:00:00,559.568
2016-07-28 13:00:00,2016-07-28 13:00:00,566.2375
2016-07-28 14:00:00,2016-07-28 14:00:00,570.8418
2016-07-28 15:00:00,2016-07-28 15:00:00,562.7858
2016-07-28 16:00:00,2016-07-28 16:00:00,556.6908
2016-07-28 17:00:00,2016-07-28 17:00:00,542.3263
2016-07-28 18:00:00,2016-07-28 18:00:00,519.2375
2016-07-28 19:00:00,2016-07-28 19:00:00,488.3175
2016-07-28 20:00:00,2016-07-28 20:00:00,470.8918
2016-07-28 21:00:00,2016-07-28 21:00:00,464.9475
2016-07-28 22:00:00,2016-07-28 22:00:00,463.6525
2016-07-28 23:00:00,2016-07-28 23:00:00,464.2508
2016-07-29 00:00:00,2016-07-29 00:00:00,458.8492
2016-07-29 01:00:00,2016-07-29 01:00:00,445.8315
2016-07-29 02:00:00,2016-07-29 02:00:00,446.6675
2016-07-29 03:00:00,2016-07-29 03:00:00,444.792
2016-07-29 04:00:00,2016-07-29 04:00:00,442.961
2016-07-29 05:00:00,2016-07-29 05:00:00,442.7035
2016-07-29 06:00:00,2016-07-29 06:00:00,454.0035
2016-07-29 07:00:00,2016-07-29 07:00:00,461.4503
2016-07-29 08:00:00,2016-07-29 08:00:00,475.6012
2016-07-29 09:00:00,2016-07-29 09:00:00,492.5215
2016-07-29 10:00:00,2016-07-29 10:00:00,516.5125
2016-07-29 11:00:00,2016-07-29 11:00:00,540.1248
2016-07-29 12:00:00,2016-07-29 12:00:00,561.6445
2016-07-29 13:00:00,2016-07-29 13:00:00,569.869
2016-07-29 14:00:00,2016-07-29 14:00:00,575.8085
2016-07-29 15:00:00,2016-07-29 15:00:00,574.808
2016-07-29 16:00:00,2016-07-29 16:00:00,563.586
2016-07-29 17:00:00,2016-07-29 17:00:00,557.8545
2016-07-29 18:00:00,2016-07-29 18:00:00,533.104
2016-07-29 19:00:00,2016-07-29 19:00:00,516.7795
2016-07-29 20:00:00,2016-07-29 20:00:00,487.9435
2016-07-29 21:00:00,2016-07-29 21:00:00,472.0198
2016-07-29 22:00:00,2016-07-29 22:00:00,467.5043
2016-07-29 23:00:00,2016-07-29 23:00:00,467.5077
2016-07-30 00:00:00,2016-07-30 00:00:00,463.1048
2016-07-30 01:00:00,2016-07-30 01:00:00,461.2404
2016-07-30 02:00:00,2016-07-30 02:00:00,460.612
2016-07-30 03:00:00,2016-07-30 03:00:00,461.1943
2016-07-30 04:00:00,2016-07-30 04:00:00,460.098
2016-07-30 05:00:00,2016-07-30 05:00:00,460.2363
2016-07-30 06:00:00,2016-07-30 06:00:00,469.6075
2016-07-30 07:00:00,2016-07-30 07:00:00,470.4993
2016-07-30 08:00:00,2016-07-30 08:00:00,471.8643
2016-07-30 09:00:00,2016-07-30 09:00:00,479.496
2016-07-30 10:00:00,2016-07-30 10:00:00,487.1413
2016-07-30 11:00:00,2016-07-30 11:00:00,509.78
2016-07-30 12:00:00,2016-07-30 12:00:00,528.9283
2016-07-30 13:00:00,2016-07-30 13:00:00,532.5745
2016-07-30 14:00:00,2016-07-30 14:00:00,526.5925
2016-07-30 15:00:00,2016-07-30 15:00:00,514.685
2016-07-30 16:00:00,2016-07-30 16:00:00,511.4565
2016-07-30 17:00:00,2016-07-30 17:00:00,497.8063
2016-07-30 18:00:00,2016-07-30 18:00:00,480.6012
2016-07-30 19:00:00,2016-07-30 19:00:00,472.1135
2016-07-30 20:00:00,2016-07-30 20:00:00,468.0622
2016-07-30 21:00:00,2016-07-30 21:00:00,468.5172
2016-07-30 22:00:00,2016-07-30 22:00:00,469.6605
2016-07-30 23:00:00,2016-07-30 23:00:00,464.6915
2016-07-31 00:00:00,2016-07-31 00:00:00,463.057
2016-07-31 01:00:00,2016-07-31 01:00:00,458.382
2016-07-31 02:00:00,2016-07-31 02:00:00,458.5993
2016-07-31 03:00:00,2016-07-31 03:00:00,457.6382
2016-07-31 04:00:00,2016-07-31 04:00:00,460.2318
2016-07-31 05:00:00,2016-07-31 05:00:00,459.9522
2016-07-31 06:00:00,2016-07-31 06:00:00,473.3222
2016-07-31 07:00:00,2016-07-31 07:00:00,470.965
2016-07-31 08:00:00,2016-07-31 08:00:00,465.3092
2016-07-31 09:00:00,2016-07-31 09:00:00,469.9908
2016-07-31 10:00:00,2016-07-31 10:00:00,478.0727
2016-07-31 11:00:00,2016-07-31 11:00:00,486.109
2016-07-31 12:00:00,2016-07-31 12:00:00,493.983
2016-07-31 13:00:00,2016-07-31 13:00:00,509.43
2016-07-31 14:00:00,2016-07-31 14:00:00,519.359
2016-07-31 15:00:00,2016-07-31 15:00:00,521.707
2016-07-31 16:00:00,2016-07-31 16:00:00,520.6028
2016-07-31 17:00:00,2016-07-31 17:00:00,516.5115
2016-07-31 18:00:00,2016-07-31 18:00:00,503.4742
2016-07-31 19:00:00,2016-07-31 19:00:00,486.7875
2016-07-31 20:00:00,2016-07-31 20:00:00,482.242
2016-07-31 21:00:00,2016-07-31 21:00:00,483.171
2016-07-31 22:00:00,2016-07-31 22:00:00,480.2998
2016-07-31 23:00:00,2016-07-31 23:00:00,477.8737
2016-08-01 00:00:00,2016-08-01 00:00:00,480.3865
2016-08-01 01:00:00,2016-08-01 01:00:00,471.593
2016-08-01 02:00:00,2016-08-01 02:00:00,471.7392
2016-08-01 03:00:00,2016-08-01 03:00:00,468.32
2016-08-01 04:00:00,2016-08-01 04:00:00,462.028
2016-08-01 05:00:00,2016-08-01 05:00:00,460.491
2016-08-01 06:00:00,2016-08-01 06:00:00,472.977
2016-08-01 07:00:00,2016-08-01 07:00:00,474.5025
2016-08-01 08:00:00,2016-08-01 08:00:00,486.8865
2016-08-01 09:00:00,2016-08-01 09:00:00,504.608
2016-08-01 10:00:00,2016-08-01 10:00:00,519.4228
2016-08-01 11:00:00,2016-08-01 11:00:00,533.7575
2016-08-01 12:00:00,2016-08-01 12:00:00,544.4755
2016-08-01 13:00:00,2016-08-01 13:00:00,551.8953
2016-08-01 14:00:00,2016-08-01 14:00:00,553.5315
2016-08-01 15:00:00,2016-08-01 15:00:00,551.2928
2016-08-01 16:00:00,2016-08-01 16:00:00,545.7045
2016-08-01 17:00:00,2016-08-01 17:00:00,534.86
2016-08-01 18:00:00,2016-08-01 18:00:00,510.6148
2016-08-01 19:00:00,2016-08-01 19:00:00,501.2838
2016-08-01 20:00:00,2016-08-01 20:00:00,488.8522
2016-08-01 21:00:00,2016-08-01 21:00:00,481.2248
2016-08-01 22:00:00,2016-08-01 22:00:00,477.7238
2016-08-01 23:00:00,2016-08-01 23:00:00,472.366
2016-08-02 00:00:00,2016-08-02 00:00:00,469.4852
2016-08-02 01:00:00,2016-08-02 01:00:00,468.788
2016-08-02 02:00:00,2016-08-02 02:00:00,467.272
2016-08-02 03:00:00,2016-08-02 03:00:00,465.3953
2016-08-02 04:00:00,2016-08-02 04:00:00,464.2938
2016-08-02 05:00:00,2016-08-02 05:00:00,462.8915
2016-08-02 06:00:00,2016-08-02 06:00:00,471.9033
2016-08-02 07:00:00,2016-08-02 07:00:00,474.5835
2016-08-02 08:00:00,2016-08-02 08:00:00,485.0478
2016-08-02 09:00:00,2016-08-02 09:00:00,495.1303
2016-08-02 10:00:00,2016-08-02 10:00:00,505.735
2016-08-02 11:00:00,2016-08-02 11:00:00,519.6805
2016-08-02 12:00:00,2016-08-02 12:00:00,544.1788
2016-08-02 13:00:00,2016-08-02 13:00:00,550.049
2016-08-02 14:00:00,2016-08-02 14:00:00,556.1882
2016-08-02 15:00:00,2016-08-02 15:00:00,560.692
2016-08-02 16:00:00,2016-08-02 16:00:00,558.309
2016-08-02 17:00:00,2016-08-02 17:00:00,546.6178
2016-08-02 18:00:00,2016-08-02 18:00:00,525.8555
2016-08-02 19:00:00,2016-08-02 19:00:00,502.3898
2016-08-02 20:00:00,2016-08-02 20:00:00,477.8005
2016-08-02 21:00:00,2016-08-02 21:00:00,463.7535
2016-08-02 22:00:00,2016-08-02 22:00:00,458.4962
2016-08-02 23:00:00,2016-08-02 23:00:00,459.9987
2016-08-03 00:00:00,2016-08-03 00:00:00,455.2868
2016-08-03 01:00:00,2016-08-03 01:00:00,453.2512
2016-08-03 02:00:00,2016-08-03 02:00:00,454.3425
2016-08-03 03:00:00,2016-08-03 03:00:00,450.2918
2016-08-03 04:00:00,2016-08-03 04:00:00,450.2928
2016-08-03 05:00:00,2016-08-03 05:00:00,448.1625
2016-08-03 06:00:00,2016-08-03 06:00:00,457.16
2016-08-03 07:00:00,2016-08-03 07:00:00,461.6187
2016-08-03 08:00:00,2016-08-03 08:00:00,472.1405
2016-08-03 09:00:00,2016-08-03 09:00:00,492.7722
2016-08-03 10:00:00,2016-08-03 10:00:00,516.1123
2016-08-03 11:00:00,2016-08-03 11:00:00,529.886
2016-08-03 12:00:00,2016-08-03 12:00:00,553.4868
2016-08-03 13:00:00,2016-08-03 13:00:00,558.486
2016-08-03 14:00:00,2016-08-03 14:00:00,563.068
2016-08-03 15:00:00,2016-08-03 15:00:00,556.505
2016-08-03 16:00:00,2016-08-03 16:00:00,555.106
2016-08-03 17:00:00,2016-08-03 17:00:00,542.092
2016-08-03 18:00:00,2016-08-03 18:00:00,506.5285
2016-08-03 19:00:00,2016-08-03 19:00:00,492.681
2016-08-03 20:00:00,2016-08-03 20:00:00,474.6433
2016-08-03 21:00:00,2016-08-03 21:00:00,468.2848
2016-08-03 22:00:00,2016-08-03 22:00:00,465.247
2016-08-03 23:00:00,2016-08-03 23:00:00,463.9645
2016-08-04 00:00:00,2016-08-04 00:00:00,464.73
2016-08-04 01:00:00,2016-08-04 01:00:00,463.4425
2016-08-04 02:00:00,2016-08-04 02:00:00,462.9118
2016-08-04 03:00:00,2016-08-04 03:00:00,462.4625
2016-08-04 04:00:00,2016-08-04 04:00:00,461.395
2016-08-04 05:00:00,2016-08-04 05:00:00,460.1125
2016-08-04 06:00:00,2016-08-04 06:00:00,472.9215
2016-08-04 07:00:00,2016-08-04 07:00:00,478.1272
2016-08-04 08:00:00,2016-08-04 08:00:00,484.332
2016-08-04 09:00:00,2016-08-04 09:00:00,492.5755
2016-08-04 10:00:00,2016-08-04 10:00:00,502.4575
2016-08-04 11:00:00,2016-08-04 11:00:00,503.2822
2016-08-04 12:00:00,2016-08-04 12:00:00,509.9122
2016-08-04 13:00:00,2016-08-04 13:00:00,513.6027
2016-08-04 14:00:00,2016-08-04 14:00:00,519.2707
2016-08-04 15:00:00,2016-08-04 15:00:00,519.3677
2016-08-04 16:00:00,2016-08-04 16:00:00,516.4057
2016-08-04 17:00:00,2016-08-04 17:00:00,512.9928
2016-08-04 18:00:00,2016-08-04 18:00:00,491.8615
2016-08-04 19:00:00,2016-08-04 19:00:00,477.5648
2016-08-04 20:00:00,2016-08-04 20:00:00,471.0478
2016-08-04 21:00:00,2016-08-04 21:00:00,466.6465
2016-08-04 22:00:00,2016-08-04 22:00:00,466.64
2016-08-04 23:00:00,2016-08-04 23:00:00,468.144
2016-08-05 00:00:00,2016-08-05 00:00:00,466.6595
2016-08-05 01:00:00,2016-08-05 01:00:00,467.058
2016-08-05 02:00:00,2016-08-05 02:00:00,468.5733
2016-08-05 03:00:00,2016-08-05 03:00:00,462.0622
2016-08-05 04:00:00,2016-08-05 04:00:00,459.18
2016-08-05 05:00:00,2016-08-05 05:00:00,463.3835
2016-08-05 06:00:00,2016-08-05 06:00:00,468.0105
2016-08-05 07:00:00,2016-08-05 07:00:00,465.137
2016-08-05 08:00:00,2016-08-05 08:00:00,477.3668
2016-08-05 09:00:00,2016-08-05 09:00:00,486.6287
2016-08-05 10:00:00,2016-08-05 10:00:00,490.5835
2016-08-05 11:00:00,2016-08-05 11:00:00,495.8915
2016-08-05 12:00:00,2016-08-05 12:00:00,500.7285
2016-08-05 13:00:00,2016-08-05 13:00:00,510.0548
2016-08-05 14:00:00,2016-08-05 14:00:00,517.7253
2016-08-05 15:00:00,2016-08-05 15:00:00,524.55
2016-08-05 16:00:00,2016-08-05 16:00:00,514.8552
2016-08-05 17:00:00,2016-08-05 17:00:00,512.421
2016-08-05 18:00:00,2016-08-05 18:00:00,488.854
2016-08-05 19:00:00,2016-08-05 19:00:00,475.6458
2016-08-05 20:00:00,2016-08-05 20:00:00,469.9075
2016-08-05 21:00:00,2016-08-05 21:00:00,461.8663
2016-08-05 22:00:00,2016-08-05 22:00:00,456.8555
2016-08-05 23:00:00,2016-08-05 23:00:00,452.026
2016-08-06 00:00:00,2016-08-06 00:00:00,449.4425
2016-08-06 01:00:00,2016-08-06 01:00:00,448.066
2016-08-06 02:00:00,2016-08-06 02:00:00,447.6948
2016-08-06 03:00:00,2016-08-06 03:00:00,448.4122
2016-08-06 04:00:00,2016-08-06 04:00:00,446.882
2016-08-06 05:00:00,2016-08-06 05:00:00,447.0315
2016-08-06 06:00:00,2016-08-06 06:00:00,452.9387
2016-08-06 07:00:00,2016-08-06 07:00:00,455.7908
2016-08-06 08:00:00,2016-08-06 08:00:00,456.216
2016-08-06 09:00:00,2016-08-06 09:00:00,458.5945
2016-08-06 10:00:00,2016-08-06 10:00:00,459.756
2016-08-06 11:00:00,2016-08-06 11:00:00,464.57
2016-08-06 12:00:00,2016-08-06 12:00:00,474.773
2016-08-06 13:00:00,2016-08-06 13:00:00,485.546
2016-08-06 14:00:00,2016-08-06 14:00:00,492.2358
2016-08-06 15:00:00,2016-08-06 15:00:00,491.491
2016-08-06 16:00:00,2016-08-06 16:00:00,484.041
2016-08-06 17:00:00,2016-08-06 17:00:00,479.8678
2016-08-06 18:00:00,2016-08-06 18:00:00,465.2294
2016-08-06 19:00:00,2016-08-06 19:00:00,456.5412
2016-08-06 20:00:00,2016-08-06 20:00:00,455.7927
2016-08-06 21:00:00,2016-08-06 21:00:00,458.4462
2016-08-06 22:00:00,2016-08-06 22:00:00,455.2225
2016-08-06 23:00:00,2016-08-06 23:00:00,454.7922
2016-08-07 00:00:00,2016-08-07 00:00:00,454.308
2016-08-07 01:00:00,2016-08-07 01:00:00,452.754
2016-08-07 02:00:00,2016-08-07 02:00:00,452.0875
2016-08-07 03:00:00,2016-08-07 03:00:00,450.5912
2016-08-07 04:00:00,2016-08-07 04:00:00,450.4873
2016-08-07 05:00:00,2016-08-07 05:00:00,451.68
2016-08-07 06:00:00,2016-08-07 06:00:00,461.781
2016-08-07 07:00:00,2016-08-07 07:00:00,454.9868
2016-08-07 08:00:00,2016-08-07 08:00:00,457.0715
2016-08-07 09:00:00,2016-08-07 09:00:00,457.5232
2016-08-07 10:00:00,2016-08-07 10:00:00,462.8155
2016-08-07 11:00:00,2016-08-07 11:00:00,471.8557
2016-08-07 12:00:00,2016-08-07 12:00:00,491.1182
2016-08-07 13:00:00,2016-08-07 13:00:00,509.787
2016-08-07 14:00:00,2016-08-07 14:00:00,512.6925
2016-08-07 15:00:00,2016-08-07 15:00:00,515.418
2016-08-07 16:00:00,2016-08-07 16:00:00,512.0853
2016-08-07 17:00:00,2016-08-07 17:00:00,505.3657
2016-08-07 18:00:00,2016-08-07 18:00:00,498.314
2016-08-07 19:00:00,2016-08-07 19:00:00,481.6912
2016-08-07 20:00:00,2016-08-07 20:00:00,465.9798
2016-08-07 21:00:00,2016-08-07 21:00:00,463.2892
2016-08-07 22:00:00,2016-08-07 22:00:00,458.8863
2016-08-07 23:00:00,2016-08-07 23:00:00,456.411
2016-08-08 00:00:00,2016-08-08 00:00:00,455.492
2016-08-08 01:00:00,2016-08-08 01:00:00,450.457
2016-08-08 02:00:00,2016-08-08 02:00:00,451.2813
2016-08-08 03:00:00,2016-08-08 03:00:00,449.3695
2016-08-08 04:00:00,2016-08-08 04:00:00,448.1108
2016-08-08 05:00:00,2016-08-08 05:00:00,444.7027
2016-08-08 06:00:00,2016-08-08 06:00:00,454.5513
2016-08-08 07:00:00,2016-08-08 07:00:00,455.0488
2016-08-08 08:00:00,2016-08-08 08:00:00,463.6123
2016-08-08 09:00:00,2016-08-08 09:00:00,476.2125
2016-08-08 10:00:00,2016-08-08 10:00:00,498.913
2016-08-08 11:00:00,2016-08-08 11:00:00,524.7987
2016-08-08 12:00:00,2016-08-08 12:00:00,548.7255
2016-08-08 13:00:00,2016-08-08 13:00:00,558.5038
2016-08-08 14:00:00,2016-08-08 14:00:00,565.3428
2016-08-08 15:00:00,2016-08-08 15:00:00,561.917
2016-08-08 16:00:00,2016-08-08 16:00:00,561.418
2016-08-08 17:00:00,2016-08-08 17:00:00,556.06
2016-08-08 18:00:00,2016-08-08 18:00:00,531.995
2016-08-08 19:00:00,2016-08-08 19:00:00,514.7715
2016-08-08 20:00:00,2016-08-08 20:00:00,503.9563
2016-08-08 21:00:00,2016-08-08 21:00:00,479.787
2016-08-08 22:00:00,2016-08-08 22:00:00,474.5028
2016-08-08 23:00:00,2016-08-08 23:00:00,466.635
2016-08-09 00:00:00,2016-08-09 00:00:00,461.0417
2016-08-09 01:00:00,2016-08-09 01:00:00,458.0752
2016-08-09 02:00:00,2016-08-09 02:00:00,457.0945
2016-08-09 03:00:00,2016-08-09 03:00:00,454.975
2016-08-09 04:00:00,2016-08-09 04:00:00,456.0162
2016-08-09 05:00:00,2016-08-09 05:00:00,456.5852
2016-08-09 06:00:00,2016-08-09 06:00:00,464.5842
2016-08-09 07:00:00,2016-08-09 07:00:00,469.3254
2016-08-09 08:00:00,2016-08-09 08:00:00,477.9052
2016-08-09 09:00:00,2016-08-09 09:00:00,490.4772
2016-08-09 10:00:00,2016-08-09 10:00:00,515.409
2016-08-09 11:00:00,2016-08-09 11:00:00,543.788
2016-08-09 12:00:00,2016-08-09 12:00:00,556.5533
2016-08-09 13:00:00,2016-08-09 13:00:00,557.122
2016-08-09 14:00:00,2016-08-09 14:00:00,558.041
2016-08-09 15:00:00,2016-08-09 15:00:00,554.8842
2016-08-09 16:00:00,2016-08-09 16:00:00,544.8645
2016-08-09 17:00:00,2016-08-09 17:00:00,542.2077
2016-08-09 18:00:00,2016-08-09 18:00:00,524.6692
2016-08-09 19:00:00,2016-08-09 19:00:00,508.6132
2016-08-09 20:00:00,2016-08-09 20:00:00,477.4812
2016-08-09 21:00:00,2016-08-09 21:00:00,469.5842
2016-08-09 22:00:00,2016-08-09 22:00:00,463.108
2016-08-09 23:00:00,2016-08-09 23:00:00,462.7948
2016-08-10 00:00:00,2016-08-10 00:00:00,457.9292
2016-08-10 01:00:00,2016-08-10 01:00:00,455.1062
2016-08-10 02:00:00,2016-08-10 02:00:00,453.4583
2016-08-10 03:00:00,2016-08-10 03:00:00,455.856
2016-08-10 04:00:00,2016-08-10 04:00:00,457.6702
2016-08-10 05:00:00,2016-08-10 05:00:00,456.2008
2016-08-10 06:00:00,2016-08-10 06:00:00,468.0613
2016-08-10 07:00:00,2016-08-10 07:00:00,468.0937
2016-08-10 08:00:00,2016-08-10 08:00:00,474.47
2016-08-10 09:00:00,2016-08-10 09:00:00,494.1432
2016-08-10 10:00:00,2016-08-10 10:00:00,521.6225
2016-08-10 11:00:00,2016-08-10 11:00:00,541.6348
2016-08-10 12:00:00,2016-08-10 12:00:00,546.1487
2016-08-10 13:00:00,2016-08-10 13:00:00,550.8138
2016-08-10 14:00:00,2016-08-10 14:00:00,553.767
2016-08-10 15:00:00,2016-08-10 15:00:00,548.3995
2016-08-10 16:00:00,2016-08-10 16:00:00,543.713
2016-08-10 17:00:00,2016-08-10 17:00:00,535.441
2016-08-10 18:00:00,2016-08-10 18:00:00,492.8508
2016-08-10 19:00:00,2016-08-10 19:00:00,472.3942
2016-08-10 20:00:00,2016-08-10 20:00:00,461.3785
2016-08-10 21:00:00,2016-08-10 21:00:00,458.8868
2016-08-10 22:00:00,2016-08-10 22:00:00,458.8975
2016-08-10 23:00:00,2016-08-10 23:00:00,457.6462
2016-08-11 00:00:00,2016-08-11 00:00:00,457.7043
2016-08-11 01:00:00,2016-08-11 01:00:00,451.784
2016-08-11 02:00:00,2016-08-11 02:00:00,455.6748
2016-08-11 03:00:00,2016-08-11 03:00:00,458.067
2016-08-11 04:00:00,2016-08-11 04:00:00,455.917
2016-08-11 05:00:00,2016-08-11 05:00:00,453.4852
2016-08-11 06:00:00,2016-08-11 06:00:00,463.7902
2016-08-11 07:00:00,2016-08-11 07:00:00,468.8073
2016-08-11 08:00:00,2016-08-11 08:00:00,476.277
2016-08-11 09:00:00,2016-08-11 09:00:00,489.1245
2016-08-11 10:00:00,2016-08-11 10:00:00,501.5068
2016-08-11 11:00:00,2016-08-11 11:00:00,522.8528
2016-08-11 12:00:00,2016-08-11 12:00:00,550.8215
2016-08-11 13:00:00,2016-08-11 13:00:00,554.363
2016-08-11 14:00:00,2016-08-11 14:00:00,554.5277
2016-08-11 15:00:00,2016-08-11 15:00:00,544.3582
2016-08-11 16:00:00,2016-08-11 16:00:00,543.4817
2016-08-11 17:00:00,2016-08-11 17:00:00,536.5705
2016-08-11 18:00:00,2016-08-11 18:00:00,520.425
2016-08-11 19:00:00,2016-08-11 19:00:00,490.7338
2016-08-11 20:00:00,2016-08-11 20:00:00,476.355
2016-08-11 21:00:00,2016-08-11 21:00:00,470.668
2016-08-11 22:00:00,2016-08-11 22:00:00,469.0078
2016-08-11 23:00:00,2016-08-11 23:00:00,467.3077
2016-08-12 00:00:00,2016-08-12 00:00:00,462.0608
2016-08-12 01:00:00,2016-08-12 01:00:00,459.7952
2016-08-12 02:00:00,2016-08-12 02:00:00,459.5827
2016-08-12 03:00:00,2016-08-12 03:00:00,452.5917
2016-08-12 04:00:00,2016-08-12 04:00:00,451.3575
2016-08-12 05:00:00,2016-08-12 05:00:00,451.2655
2016-08-12 06:00:00,2016-08-12 06:00:00,461.538
2016-08-12 07:00:00,2016-08-12 07:00:00,463.637
2016-08-12 08:00:00,2016-08-12 08:00:00,472.566
2016-08-12 09:00:00,2016-08-12 09:00:00,494.487
2016-08-12 10:00:00,2016-08-12 10:00:00,512.719
2016-08-12 11:00:00,2016-08-12 11:00:00,535.9453
2016-08-12 12:00:00,2016-08-12 12:00:00,550.7505
2016-08-12 13:00:00,2016-08-12 13:00:00,553.3065
2016-08-12 14:00:00,2016-08-12 14:00:00,556.1872
2016-08-12 15:00:00,2016-08-12 15:00:00,547.9572
2016-08-12 16:00:00,2016-08-12 16:00:00,551.1675
2016-08-12 17:00:00,2016-08-12 17:00:00,547.4542
2016-08-12 18:00:00,2016-08-12 18:00:00,513.229
2016-08-12 19:00:00,2016-08-12 19:00:00,487.6097
2016-08-12 20:00:00,2016-08-12 20:00:00,469.1272
2016-08-12 21:00:00,2016-08-12 21:00:00,462.013
2016-08-12 22:00:00,2016-08-12 22:00:00,459.4415
2016-08-12 23:00:00,2016-08-12 23:00:00,458.7297
2016-08-13 00:00:00,2016-08-13 00:00:00,456.3858
2016-08-13 01:00:00,2016-08-13 01:00:00,454.1843
2016-08-13 02:00:00,2016-08-13 02:00:00,453.0097
2016-08-13 03:00:00,2016-08-13 03:00:00,450.0663
2016-08-13 04:00:00,2016-08-13 04:00:00,453.817
2016-08-13 05:00:00,2016-08-13 05:00:00,450.4163
2016-08-13 06:00:00,2016-08-13 06:00:00,461.5325
2016-08-13 07:00:00,2016-08-13 07:00:00,465.591
2016-08-13 08:00:00,2016-08-13 08:00:00,469.6855
2016-08-13 09:00:00,2016-08-13 09:00:00,483.3168
2016-08-13 10:00:00,2016-08-13 10:00:00,507.245
2016-08-13 11:00:00,2016-08-13 11:00:00,526.4062
2016-08-13 12:00:00,2016-08-13 12:00:00,545.044
2016-08-13 13:00:00,2016-08-13 13:00:00,554.8835
2016-08-13 14:00:00,2016-08-13 14:00:00,548.1885
2016-08-13 15:00:00,2016-08-13 15:00:00,547.2847
2016-08-13 16:00:00,2016-08-13 16:00:00,540.059
2016-08-13 17:00:00,2016-08-13 17:00:00,530.1722
2016-08-13 18:00:00,2016-08-13 18:00:00,517.8328
2016-08-13 19:00:00,2016-08-13 19:00:00,510.1695
2016-08-13 20:00:00,2016-08-13 20:00:00,499.2108
2016-08-13 21:00:00,2016-08-13 21:00:00,478.5083
2016-08-13 22:00:00,2016-08-13 22:00:00,473.6172
2016-08-13 23:00:00,2016-08-13 23:00:00,466.3027
2016-08-14 00:00:00,2016-08-14 00:00:00,463.508
2016-08-14 01:00:00,2016-08-14 01:00:00,459.0865
2016-08-14 02:00:00,2016-08-14 02:00:00,459.5252
2016-08-14 03:00:00,2016-08-14 03:00:00,454.5386
2016-08-14 04:00:00,2016-08-14 04:00:00,453.337
2016-08-14 05:00:00,2016-08-14 05:00:00,453.5016
2016-08-14 06:00:00,2016-08-14 06:00:00,463.287
2016-08-14 07:00:00,2016-08-14 07:00:00,468.3638
2016-08-14 08:00:00,2016-08-14 08:00:00,470.611
2016-08-14 09:00:00,2016-08-14 09:00:00,476.956
2016-08-14 10:00:00,2016-08-14 10:00:00,488.4832
2016-08-14 11:00:00,2016-08-14 11:00:00,508.7995
2016-08-14 12:00:00,2016-08-14 12:00:00,527.4925
2016-08-14 13:00:00,2016-08-14 13:00:00,533.11
2016-08-14 14:00:00,2016-08-14 14:00:00,537.6683
2016-08-14 15:00:00,2016-08-14 15:00:00,537.3865
2016-08-14 16:00:00,2016-08-14 16:00:00,532.216
2016-08-14 17:00:00,2016-08-14 17:00:00,526.9147
2016-08-14 18:00:00,2016-08-14 18:00:00,516.359
2016-08-14 19:00:00,2016-08-14 19:00:00,507.7048
2016-08-14 20:00:00,2016-08-14 20:00:00,481.005
2016-08-14 21:00:00,2016-08-14 21:00:00,464.254
2016-08-14 22:00:00,2016-08-14 22:00:00,462.0613
2016-08-14 23:00:00,2016-08-14 23:00:00,458.023
2016-08-15 00:00:00,2016-08-15 00:00:00,453.3995
2016-08-15 01:00:00,2016-08-15 01:00:00,455.3552
2016-08-15 02:00:00,2016-08-15 02:00:00,454.8575
2016-08-15 03:00:00,2016-08-15 03:00:00,451.0813
2016-08-15 04:00:00,2016-08-15 04:00:00,451.122
2016-08-15 05:00:00,2016-08-15 05:00:00,449.5372
2016-08-15 06:00:00,2016-08-15 06:00:00,461.621
2016-08-15 07:00:00,2016-08-15 07:00:00,464.721
2016-08-15 08:00:00,2016-08-15 08:00:00,469.1595
2016-08-15 09:00:00,2016-08-15 09:00:00,478.2142
2016-08-15 10:00:00,2016-08-15 10:00:00,487.72
2016-08-15 11:00:00,2016-08-15 11:00:00,495.9335
2016-08-15 12:00:00,2016-08-15 12:00:00,522.3238
2016-08-15 13:00:00,2016-08-15 13:00:00,535.6455
2016-08-15 14:00:00,2016-08-15 14:00:00,539.5798
2016-08-15 15:00:00,2016-08-15 15:00:00,543.75
2016-08-15 16:00:00,2016-08-15 16:00:00,542.7655
2016-08-15 17:00:00,2016-08-15 17:00:00,530.862
2016-08-15 18:00:00,2016-08-15 18:00:00,504.3788
2016-08-15 19:00:00,2016-08-15 19:00:00,480.657
2016-08-15 20:00:00,2016-08-15 20:00:00,473.3648
2016-08-15 21:00:00,2016-08-15 21:00:00,467.3402
2016-08-15 22:00:00,2016-08-15 22:00:00,461.6348
2016-08-15 23:00:00,2016-08-15 23:00:00,457.9452
2016-08-16 00:00:00,2016-08-16 00:00:00,453.9157
2016-08-16 01:00:00,2016-08-16 01:00:00,450.9755
2016-08-16 02:00:00,2016-08-16 02:00:00,450.9282
2016-08-16 03:00:00,2016-08-16 03:00:00,445.4975
2016-08-16 04:00:00,2016-08-16 04:00:00,443.8895
2016-08-16 05:00:00,2016-08-16 05:00:00,443.4245
2016-08-16 06:00:00,2016-08-16 06:00:00,453.247
2016-08-16 07:00:00,2016-08-16 07:00:00,457.3205
2016-08-16 08:00:00,2016-08-16 08:00:00,472.645
2016-08-16 09:00:00,2016-08-16 09:00:00,486.4682
2016-08-16 10:00:00,2016-08-16 10:00:00,496.8352
2016-08-16 11:00:00,2016-08-16 11:00:00,505.5848
2016-08-16 12:00:00,2016-08-16 12:00:00,538.22
2016-08-16 13:00:00,2016-08-16 13:00:00,550.1743
2016-08-16 14:00:00,2016-08-16 14:00:00,550.184
2016-08-16 15:00:00,2016-08-16 15:00:00,547.121
2016-08-16 16:00:00,2016-08-16 16:00:00,541.8263
2016-08-16 17:00:00,2016-08-16 17:00:00,521.8485
2016-08-16 18:00:00,2016-08-16 18:00:00,498.9217
2016-08-16 19:00:00,2016-08-16 19:00:00,475.8372
2016-08-16 20:00:00,2016-08-16 20:00:00,462.3708
2016-08-16 21:00:00,2016-08-16 21:00:00,458.3875
2016-08-16 22:00:00,2016-08-16 22:00:00,454.2675
2016-08-16 23:00:00,2016-08-16 23:00:00,456.332
2016-08-17 00:00:00,2016-08-17 00:00:00,453.254
2016-08-17 01:00:00,2016-08-17 01:00:00,447.964
2016-08-17 02:00:00,2016-08-17 02:00:00,447.6273
2016-08-17 03:00:00,2016-08-17 03:00:00,445.9728
2016-08-17 04:00:00,2016-08-17 04:00:00,444.8425
2016-08-17 05:00:00,2016-08-17 05:00:00,444.8597
2016-08-17 06:00:00,2016-08-17 06:00:00,455.4078
2016-08-17 07:00:00,2016-08-17 07:00:00,456.0805
2016-08-17 08:00:00,2016-08-17 08:00:00,467.364
2016-08-17 09:00:00,2016-08-17 09:00:00,482.7892
2016-08-17 10:00:00,2016-08-17 10:00:00,507.56
2016-08-17 11:00:00,2016-08-17 11:00:00,530.8857
2016-08-17 12:00:00,2016-08-17 12:00:00,545.6475
2016-08-17 13:00:00,2016-08-17 13:00:00,551.6608
2016-08-17 14:00:00,2016-08-17 14:00:00,551.3392
2016-08-17 15:00:00,2016-08-17 15:00:00,547.7283
2016-08-17 16:00:00,2016-08-17 16:00:00,538.0948
2016-08-17 17:00:00,2016-08-17 17:00:00,534.6533
2016-08-17 18:00:00,2016-08-17 18:00:00,514.5853
2016-08-17 19:00:00,2016-08-17 19:00:00,506.069
2016-08-17 20:00:00,2016-08-17 20:00:00,483.7725
2016-08-17 21:00:00,2016-08-17 21:00:00,477.8185
2016-08-17 22:00:00,2016-08-17 22:00:00,474.4795
2016-08-17 23:00:00,2016-08-17 23:00:00,471.3655
2016-08-18 00:00:00,2016-08-18 00:00:00,463.7132
2016-08-18 01:00:00,2016-08-18 01:00:00,460.0342
2016-08-18 02:00:00,2016-08-18 02:00:00,462.0813
2016-08-18 03:00:00,2016-08-18 03:00:00,458.4862
2016-08-18 04:00:00,2016-08-18 04:00:00,457.3395
2016-08-18 05:00:00,2016-08-18 05:00:00,458.416
2016-08-18 06:00:00,2016-08-18 06:00:00,464.8737
2016-08-18 07:00:00,2016-08-18 07:00:00,470.02
2016-08-18 08:00:00,2016-08-18 08:00:00,475.8738
2016-08-18 09:00:00,2016-08-18 09:00:00,495.8583
2016-08-18 10:00:00,2016-08-18 10:00:00,520.1813
2016-08-18 11:00:00,2016-08-18 11:00:00,534.926
2016-08-18 12:00:00,2016-08-18 12:00:00,545.0085
2016-08-18 13:00:00,2016-08-18 13:00:00,547.534
2016-08-18 14:00:00,2016-08-18 14:00:00,557.9938
2016-08-18 15:00:00,2016-08-18 15:00:00,559.5782
2016-08-18 16:00:00,2016-08-18 16:00:00,554.4882
2016-08-18 17:00:00,2016-08-18 17:00:00,548.9725
2016-08-18 18:00:00,2016-08-18 18:00:00,532.0873
2016-08-18 19:00:00,2016-08-18 19:00:00,519.1847
2016-08-18 20:00:00,2016-08-18 20:00:00,509.0333
2016-08-18 21:00:00,2016-08-18 21:00:00,481.9135
2016-08-18 22:00:00,2016-08-18 22:00:00,475.28
2016-08-18 23:00:00,2016-08-18 23:00:00,474.3427
2016-08-19 00:00:00,2016-08-19 00:00:00,466.2405
2016-08-19 01:00:00,2016-08-19 01:00:00,460.2128
2016-08-19 02:00:00,2016-08-19 02:00:00,462.1995
2016-08-19 03:00:00,2016-08-19 03:00:00,459.9538
2016-08-19 04:00:00,2016-08-19 04:00:00,460.2998
2016-08-19 05:00:00,2016-08-19 05:00:00,462.256
2016-08-19 06:00:00,2016-08-19 06:00:00,468.4342
2016-08-19 07:00:00,2016-08-19 07:00:00,472.3412
2016-08-19 08:00:00,2016-08-19 08:00:00,481.9685
2016-08-19 09:00:00,2016-08-19 09:00:00,493.8297
2016-08-19 10:00:00,2016-08-19 10:00:00,504.453
2016-08-19 11:00:00,2016-08-19 11:00:00,517.472
2016-08-19 12:00:00,2016-08-19 12:00:00,530.2655
2016-08-19 13:00:00,2016-08-19 13:00:00,541.78
2016-08-19 14:00:00,2016-08-19 14:00:00,546.8365
2016-08-19 15:00:00,2016-08-19 15:00:00,560.6308
2016-08-19 16:00:00,2016-08-19 16:00:00,546.0495
2016-08-19 17:00:00,2016-08-19 17:00:00,542.153
2016-08-19 18:00:00,2016-08-19 18:00:00,519.1072
2016-08-19 19:00:00,2016-08-19 19:00:00,498.5175
2016-08-19 20:00:00,2016-08-19 20:00:00,490.195
2016-08-19 21:00:00,2016-08-19 21:00:00,487.2058
2016-08-19 22:00:00,2016-08-19 22:00:00,478.2988
2016-08-19 23:00:00,2016-08-19 23:00:00,474.4815
2016-08-20 00:00:00,2016-08-20 00:00:00,470.3637
2016-08-20 01:00:00,2016-08-20 01:00:00,468.6468
2016-08-20 02:00:00,2016-08-20 02:00:00,465.774
2016-08-20 03:00:00,2016-08-20 03:00:00,459.5468
2016-08-20 04:00:00,2016-08-20 04:00:00,459.8415
2016-08-20 05:00:00,2016-08-20 05:00:00,460.3328
2016-08-20 06:00:00,2016-08-20 06:00:00,470.061
2016-08-20 07:00:00,2016-08-20 07:00:00,470.5635
2016-08-20 08:00:00,2016-08-20 08:00:00,474.5875
2016-08-20 09:00:00,2016-08-20 09:00:00,484.4012
2016-08-20 10:00:00,2016-08-20 10:00:00,490.155
2016-08-20 11:00:00,2016-08-20 11:00:00,492.9595
2016-08-20 12:00:00,2016-08-20 12:00:00,505.3375
2016-08-20 13:00:00,2016-08-20 13:00:00,517.2538
2016-08-20 14:00:00,2016-08-20 14:00:00,520.2852
2016-08-20 15:00:00,2016-08-20 15:00:00,520.7027
2016-08-20 16:00:00,2016-08-20 16:00:00,517.6888
2016-08-20 17:00:00,2016-08-20 17:00:00,515.101
2016-08-20 18:00:00,2016-08-20 18:00:00,494.933
2016-08-20 19:00:00,2016-08-20 19:00:00,488.7938
2016-08-20 20:00:00,2016-08-20 20:00:00,480.94
2016-08-20 21:00:00,2016-08-20 21:00:00,473.35
2016-08-20 22:00:00,2016-08-20 22:00:00,471.1815
2016-08-20 23:00:00,2016-08-20 23:00:00,463.8417
2016-08-21 00:00:00,2016-08-21 00:00:00,463.0168
2016-08-21 01:00:00,2016-08-21 01:00:00,458.5122
2016-08-21 02:00:00,2016-08-21 02:00:00,453.3408
2016-08-21 03:00:00,2016-08-21 03:00:00,452.8898
2016-08-21 04:00:00,2016-08-21 04:00:00,453.6145
2016-08-21 05:00:00,2016-08-21 05:00:00,452.8675
2016-08-21 06:00:00,2016-08-21 06:00:00,461.3948
2016-08-21 07:00:00,2016-08-21 07:00:00,463.8572
2016-08-21 08:00:00,2016-08-21 08:00:00,467.62
2016-08-21 09:00:00,2016-08-21 09:00:00,467.891
2016-08-21 10:00:00,2016-08-21 10:00:00,474.715
2016-08-21 11:00:00,2016-08-21 11:00:00,494.499
2016-08-21 12:00:00,2016-08-21 12:00:00,514.4758
2016-08-21 13:00:00,2016-08-21 13:00:00,519.7477
2016-08-21 14:00:00,2016-08-21 14:00:00,519.9098
2016-08-21 15:00:00,2016-08-21 15:00:00,517.5853
2016-08-21 16:00:00,2016-08-21 16:00:00,506.5848
2016-08-21 17:00:00,2016-08-21 17:00:00,489.0928
2016-08-21 18:00:00,2016-08-21 18:00:00,487.2063
2016-08-21 19:00:00,2016-08-21 19:00:00,477.7515
2016-08-21 20:00:00,2016-08-21 20:00:00,477.0482
2016-08-21 21:00:00,2016-08-21 21:00:00,473.4378
2016-08-21 22:00:00,2016-08-21 22:00:00,470.3063
2016-08-21 23:00:00,2016-08-21 23:00:00,468.403
2016-08-22 00:00:00,2016-08-22 00:00:00,466.7265
2016-08-22 01:00:00,2016-08-22 01:00:00,459.8393
2016-08-22 02:00:00,2016-08-22 02:00:00,461.9475
2016-08-22 03:00:00,2016-08-22 03:00:00,456.89
2016-08-22 04:00:00,2016-08-22 04:00:00,455.7145
2016-08-22 05:00:00,2016-08-22 05:00:00,458.5432
2016-08-22 06:00:00,2016-08-22 06:00:00,470.9267
2016-08-22 07:00:00,2016-08-22 07:00:00,473.3307
2016-08-22 08:00:00,2016-08-22 08:00:00,480.708
2016-08-22 09:00:00,2016-08-22 09:00:00,489.4678
2016-08-22 10:00:00,2016-08-22 10:00:00,503.3385
2016-08-22 11:00:00,2016-08-22 11:00:00,518.8738
2016-08-22 12:00:00,2016-08-22 12:00:00,546.2783
2016-08-22 13:00:00,2016-08-22 13:00:00,549.6887
2016-08-22 14:00:00,2016-08-22 14:00:00,548.176
2016-08-22 15:00:00,2016-08-22 15:00:00,542.637
2016-08-22 16:00:00,2016-08-22 16:00:00,544.7327
2016-08-22 17:00:00,2016-08-22 17:00:00,538.816
2016-08-22 18:00:00,2016-08-22 18:00:00,511.692
2016-08-22 19:00:00,2016-08-22 19:00:00,495.1795
2016-08-22 20:00:00,2016-08-22 20:00:00,485.3373
2016-08-22 21:00:00,2016-08-22 21:00:00,480.8208
2016-08-22 22:00:00,2016-08-22 22:00:00,476.5182
2016-08-22 23:00:00,2016-08-22 23:00:00,474.6035
2016-08-23 00:00:00,2016-08-23 00:00:00,468.641
2016-08-23 01:00:00,2016-08-23 01:00:00,464.4302
2016-08-23 02:00:00,2016-08-23 02:00:00,464.116
2016-08-23 03:00:00,2016-08-23 03:00:00,464.4708
2016-08-23 04:00:00,2016-08-23 04:00:00,461.1162
2016-08-23 05:00:00,2016-08-23 05:00:00,461.7955
2016-08-23 06:00:00,2016-08-23 06:00:00,473.7122
2016-08-23 07:00:00,2016-08-23 07:00:00,480.9365
2016-08-23 08:00:00,2016-08-23 08:00:00,488.2235
2016-08-23 09:00:00,2016-08-23 09:00:00,501.726
2016-08-23 10:00:00,2016-08-23 10:00:00,517.96
2016-08-23 11:00:00,2016-08-23 11:00:00,535.3442
2016-08-23 12:00:00,2016-08-23 12:00:00,553.9155
2016-08-23 13:00:00,2016-08-23 13:00:00,562.8413
2016-08-23 14:00:00,2016-08-23 14:00:00,564.6745
2016-08-23 15:00:00,2016-08-23 15:00:00,564.4543
2016-08-23 16:00:00,2016-08-23 16:00:00,555.3838
2016-08-23 17:00:00,2016-08-23 17:00:00,547.7928
2016-08-23 18:00:00,2016-08-23 18:00:00,527.5685
2016-08-23 19:00:00,2016-08-23 19:00:00,517.7045
2016-08-23 20:00:00,2016-08-23 20:00:00,502.479
2016-08-23 21:00:00,2016-08-23 21:00:00,482.504
2016-08-23 22:00:00,2016-08-23 22:00:00,476.3623
2016-08-23 23:00:00,2016-08-23 23:00:00,471.0255
2016-08-24 00:00:00,2016-08-24 00:00:00,465.8055
2016-08-24 01:00:00,2016-08-24 01:00:00,460.6458
2016-08-24 02:00:00,2016-08-24 02:00:00,456.8947
2016-08-24 03:00:00,2016-08-24 03:00:00,458.3625
2016-08-24 04:00:00,2016-08-24 04:00:00,456.644
2016-08-24 05:00:00,2016-08-24 05:00:00,453.5552
2016-08-24 06:00:00,2016-08-24 06:00:00,465.7078
2016-08-24 07:00:00,2016-08-24 07:00:00,468.7443
2016-08-24 08:00:00,2016-08-24 08:00:00,483.3695
2016-08-24 09:00:00,2016-08-24 09:00:00,494.6125
2016-08-24 10:00:00,2016-08-24 10:00:00,511.688
2016-08-24 11:00:00,2016-08-24 11:00:00,515.869
2016-08-24 12:00:00,2016-08-24 12:00:00,529.882
2016-08-24 13:00:00,2016-08-24 13:00:00,559.6935
2016-08-24 14:00:00,2016-08-24 14:00:00,559.121
2016-08-24 15:00:00,2016-08-24 15:00:00,555.917
2016-08-24 16:00:00,2016-08-24 16:00:00,548.0555
2016-08-24 17:00:00,2016-08-24 17:00:00,534.9948
2016-08-24 18:00:00,2016-08-24 18:00:00,503.8712
2016-08-24 19:00:00,2016-08-24 19:00:00,482.774
2016-08-24 20:00:00,2016-08-24 20:00:00,479.1502
2016-08-24 21:00:00,2016-08-24 21:00:00,476.9845
2016-08-24 22:00:00,2016-08-24 22:00:00,469.3122
2016-08-24 23:00:00,2016-08-24 23:00:00,467.4385
2016-08-25 00:00:00,2016-08-25 00:00:00,462.6212
2016-08-25 01:00:00,2016-08-25 01:00:00,456.9965
2016-08-25 02:00:00,2016-08-25 02:00:00,455.2652
2016-08-25 03:00:00,2016-08-25 03:00:00,450.5785
2016-08-25 04:00:00,2016-08-25 04:00:00,450.371
2016-08-25 05:00:00,2016-08-25 05:00:00,449.9167
2016-08-25 06:00:00,2016-08-25 06:00:00,459.283
2016-08-25 07:00:00,2016-08-25 07:00:00,461.7362
2016-08-25 08:00:00,2016-08-25 08:00:00,475.0045
2016-08-25 09:00:00,2016-08-25 09:00:00,484.7242
2016-08-25 10:00:00,2016-08-25 10:00:00,500.398
2016-08-25 11:00:00,2016-08-25 11:00:00,506.493
2016-08-25 12:00:00,2016-08-25 12:00:00,512.4527
2016-08-25 13:00:00,2016-08-25 13:00:00,534.8108
2016-08-25 14:00:00,2016-08-25 14:00:00,552.7942
2016-08-25 15:00:00,2016-08-25 15:00:00,550.018
2016-08-25 16:00:00,2016-08-25 16:00:00,546.1285
2016-08-25 17:00:00,2016-08-25 17:00:00,537.9025
2016-08-25 18:00:00,2016-08-25 18:00:00,512.4888
2016-08-25 19:00:00,2016-08-25 19:00:00,493.6995
2016-08-25 20:00:00,2016-08-25 20:00:00,490.1482
2016-08-25 21:00:00,2016-08-25 21:00:00,492.3957
2016-08-25 22:00:00,2016-08-25 22:00:00,491.8193
2016-08-25 23:00:00,2016-08-25 23:00:00,491.435
2016-08-26 00:00:00,2016-08-26 00:00:00,486.6797
2016-08-26 01:00:00,2016-08-26 01:00:00,477.7398
2016-08-26 02:00:00,2016-08-26 02:00:00,477.8558
2016-08-26 03:00:00,2016-08-26 03:00:00,473.6333
2016-08-26 04:00:00,2016-08-26 04:00:00,473.3895
2016-08-26 05:00:00,2016-08-26 05:00:00,472.7687
2016-08-26 06:00:00,2016-08-26 06:00:00,479.591
2016-08-26 07:00:00,2016-08-26 07:00:00,486.2845
2016-08-26 08:00:00,2016-08-26 08:00:00,495.0012
2016-08-26 09:00:00,2016-08-26 09:00:00,508.0755
2016-08-26 10:00:00,2016-08-26 10:00:00,524.895
2016-08-26 11:00:00,2016-08-26 11:00:00,535.9682
2016-08-26 12:00:00,2016-08-26 12:00:00,553.5573
2016-08-26 13:00:00,2016-08-26 13:00:00,564.6638
2016-08-26 14:00:00,2016-08-26 14:00:00,570.0218
2016-08-26 15:00:00,2016-08-26 15:00:00,564.42
2016-08-26 16:00:00,2016-08-26 16:00:00,559.2692
2016-08-26 17:00:00,2016-08-26 17:00:00,546.7267
2016-08-26 18:00:00,2016-08-26 18:00:00,527.5768
2016-08-26 19:00:00,2016-08-26 19:00:00,516.3302
2016-08-26 20:00:00,2016-08-26 20:00:00,507.2865
2016-08-26 21:00:00,2016-08-26 21:00:00,504.18
2016-08-26 22:00:00,2016-08-26 22:00:00,503.928
2016-08-26 23:00:00,2016-08-26 23:00:00,484.5892
2016-08-27 00:00:00,2016-08-27 00:00:00,482.8878
2016-08-27 01:00:00,2016-08-27 01:00:00,480.6772
2016-08-27 02:00:00,2016-08-27 02:00:00,481.1015
2016-08-27 03:00:00,2016-08-27 03:00:00,473.1732
2016-08-27 04:00:00,2016-08-27 04:00:00,469.7158
2016-08-27 05:00:00,2016-08-27 05:00:00,470.592
2016-08-27 06:00:00,2016-08-27 06:00:00,479.3037
2016-08-27 07:00:00,2016-08-27 07:00:00,483.1678
2016-08-27 08:00:00,2016-08-27 08:00:00,481.9632
2016-08-27 09:00:00,2016-08-27 09:00:00,484.0205
2016-08-27 10:00:00,2016-08-27 10:00:00,490.2065
2016-08-27 11:00:00,2016-08-27 11:00:00,504.4128
2016-08-27 12:00:00,2016-08-27 12:00:00,516.6028
2016-08-27 13:00:00,2016-08-27 13:00:00,526.6503
2016-08-27 14:00:00,2016-08-27 14:00:00,531.654
2016-08-27 15:00:00,2016-08-27 15:00:00,532.7565
2016-08-27 16:00:00,2016-08-27 16:00:00,534.6068
2016-08-27 17:00:00,2016-08-27 17:00:00,527.9972
2016-08-27 18:00:00,2016-08-27 18:00:00,501.1027
2016-08-27 19:00:00,2016-08-27 19:00:00,489.821
2016-08-27 20:00:00,2016-08-27 20:00:00,483.7745
2016-08-27 21:00:00,2016-08-27 21:00:00,483.3208
2016-08-27 22:00:00,2016-08-27 22:00:00,481.2637
2016-08-27 23:00:00,2016-08-27 23:00:00,478.0133
2016-08-28 00:00:00,2016-08-28 00:00:00,475.244
2016-08-28 01:00:00,2016-08-28 01:00:00,470.5622
2016-08-28 02:00:00,2016-08-28 02:00:00,467.0827
2016-08-28 03:00:00,2016-08-28 03:00:00,466.802
2016-08-28 04:00:00,2016-08-28 04:00:00,464.3802
2016-08-28 05:00:00,2016-08-28 05:00:00,463.1977
2016-08-28 06:00:00,2016-08-28 06:00:00,471.273
2016-08-28 07:00:00,2016-08-28 07:00:00,473.7792
2016-08-28 08:00:00,2016-08-28 08:00:00,477.209
2016-08-28 09:00:00,2016-08-28 09:00:00,477.432
2016-08-28 10:00:00,2016-08-28 10:00:00,489.589
2016-08-28 11:00:00,2016-08-28 11:00:00,510.7518
2016-08-28 12:00:00,2016-08-28 12:00:00,526.097
2016-08-28 13:00:00,2016-08-28 13:00:00,528.2795
2016-08-28 14:00:00,2016-08-28 14:00:00,529.3302
2016-08-28 15:00:00,2016-08-28 15:00:00,529.281
2016-08-28 16:00:00,2016-08-28 16:00:00,525.9595
2016-08-28 17:00:00,2016-08-28 17:00:00,525.974
2016-08-28 18:00:00,2016-08-28 18:00:00,503.3025
2016-08-28 19:00:00,2016-08-28 19:00:00,492.3692
2016-08-28 20:00:00,2016-08-28 20:00:00,487.1975
2016-08-28 21:00:00,2016-08-28 21:00:00,483.4033
2016-08-28 22:00:00,2016-08-28 22:00:00,476.2573
2016-08-28 23:00:00,2016-08-28 23:00:00,469.903
2016-08-29 00:00:00,2016-08-29 00:00:00,463.3723
2016-08-29 01:00:00,2016-08-29 01:00:00,460.012
2016-08-29 02:00:00,2016-08-29 02:00:00,457.6568
2016-08-29 03:00:00,2016-08-29 03:00:00,455.7548
2016-08-29 04:00:00,2016-08-29 04:00:00,455.7097
2016-08-29 05:00:00,2016-08-29 05:00:00,454.7552
2016-08-29 06:00:00,2016-08-29 06:00:00,466.8612
2016-08-29 07:00:00,2016-08-29 07:00:00,469.1185
2016-08-29 08:00:00,2016-08-29 08:00:00,475.916
2016-08-29 09:00:00,2016-08-29 09:00:00,491.244
2016-08-29 10:00:00,2016-08-29 10:00:00,504.4368
2016-08-29 11:00:00,2016-08-29 11:00:00,530.7237
2016-08-29 12:00:00,2016-08-29 12:00:00,559.3167
2016-08-29 13:00:00,2016-08-29 13:00:00,573.1093
2016-08-29 14:00:00,2016-08-29 14:00:00,576.9625
2016-08-29 15:00:00,2016-08-29 15:00:00,574.7588
2016-08-29 16:00:00,2016-08-29 16:00:00,575.4863
2016-08-29 17:00:00,2016-08-29 17:00:00,573.0025
2016-08-29 18:00:00,2016-08-29 18:00:00,549.5575
2016-08-29 19:00:00,2016-08-29 19:00:00,533.2363
2016-08-29 20:00:00,2016-08-29 20:00:00,525.4435
2016-08-29 21:00:00,2016-08-29 21:00:00,519.0612
2016-08-29 22:00:00,2016-08-29 22:00:00,511.46
2016-08-29 23:00:00,2016-08-29 23:00:00,506.7325
2016-08-30 00:00:00,2016-08-30 00:00:00,497.046
2016-08-30 01:00:00,2016-08-30 01:00:00,479.854
2016-08-30 02:00:00,2016-08-30 02:00:00,485.7118
2016-08-30 03:00:00,2016-08-30 03:00:00,487.646
2016-08-30 04:00:00,2016-08-30 04:00:00,481.8112
2016-08-30 05:00:00,2016-08-30 05:00:00,477.9198
2016-08-30 06:00:00,2016-08-30 06:00:00,481.9665
2016-08-30 07:00:00,2016-08-30 07:00:00,483.728
2016-08-30 08:00:00,2016-08-30 08:00:00,508.6255
2016-08-30 09:00:00,2016-08-30 09:00:00,537.7462
2016-08-30 10:00:00,2016-08-30 10:00:00,551.6858
2016-08-30 11:00:00,2016-08-30 11:00:00,568.6193
2016-08-30 12:00:00,2016-08-30 12:00:00,576.636
2016-08-30 13:00:00,2016-08-30 13:00:00,579.9
2016-08-30 14:00:00,2016-08-30 14:00:00,581.5958
2016-08-30 15:00:00,2016-08-30 15:00:00,585.3945
2016-08-30 16:00:00,2016-08-30 16:00:00,591.4768
2016-08-30 17:00:00,2016-08-30 17:00:00,582.9382
2016-08-30 18:00:00,2016-08-30 18:00:00,556.6575
2016-08-30 19:00:00,2016-08-30 19:00:00,539.2418
2016-08-30 20:00:00,2016-08-30 20:00:00,526.3977
2016-08-30 21:00:00,2016-08-30 21:00:00,519.6245
2016-08-30 22:00:00,2016-08-30 22:00:00,516.3352
2016-08-30 23:00:00,2016-08-30 23:00:00,513.6108
2016-08-31 00:00:00,2016-08-31 00:00:00,508.7033
2016-08-31 01:00:00,2016-08-31 01:00:00,506.4713
2016-08-31 02:00:00,2016-08-31 02:00:00,500.407
2016-08-31 03:00:00,2016-08-31 03:00:00,484.1647
2016-08-31 04:00:00,2016-08-31 04:00:00,478.4298
2016-08-31 05:00:00,2016-08-31 05:00:00,474.7395
2016-08-31 06:00:00,2016-08-31 06:00:00,484.3015
2016-08-31 07:00:00,2016-08-31 07:00:00,486.8125
2016-08-31 08:00:00,2016-08-31 08:00:00,497.39
2016-08-31 09:00:00,2016-08-31 09:00:00,511.2662
2016-08-31 10:00:00,2016-08-31 10:00:00,535.2555
2016-08-31 11:00:00,2016-08-31 11:00:00,547.4052
2016-08-31 12:00:00,2016-08-31 12:00:00,556.7805
2016-08-31 13:00:00,2016-08-31 13:00:00,566.8645
2016-08-31 14:00:00,2016-08-31 14:00:00,572.6075
2016-08-31 15:00:00,2016-08-31 15:00:00,578.1998
2016-08-31 16:00:00,2016-08-31 16:00:00,584.6652
2016-08-31 17:00:00,2016-08-31 17:00:00,578.0852
2016-08-31 18:00:00,2016-08-31 18:00:00,557.3742
2016-08-31 19:00:00,2016-08-31 19:00:00,543.0323
2016-08-31 20:00:00,2016-08-31 20:00:00,529.176
2016-08-31 21:00:00,2016-08-31 21:00:00,520.8378
2016-08-31 22:00:00,2016-08-31 22:00:00,512.6795
2016-08-31 23:00:00,2016-08-31 23:00:00,505.6753
2016-09-01 00:00:00,2016-09-01 00:00:00,500.7945
2016-09-01 01:00:00,2016-09-01 01:00:00,497.7323
2016-09-01 02:00:00,2016-09-01 02:00:00,496.451
2016-09-01 03:00:00,2016-09-01 03:00:00,478.2007
2016-09-01 04:00:00,2016-09-01 04:00:00,468.4692
2016-09-01 05:00:00,2016-09-01 05:00:00,472.831
2016-09-01 06:00:00,2016-09-01 06:00:00,479.52
2016-09-01 07:00:00,2016-09-01 07:00:00,478.1312
2016-09-01 08:00:00,2016-09-01 08:00:00,482.852
2016-09-01 09:00:00,2016-09-01 09:00:00,495.9252
2016-09-01 10:00:00,2016-09-01 10:00:00,507.782
2016-09-01 11:00:00,2016-09-01 11:00:00,515.2434
2016-09-01 12:00:00,2016-09-01 12:00:00,520.7998
2016-09-01 13:00:00,2016-09-01 13:00:00,528.2538
2016-09-01 14:00:00,2016-09-01 14:00:00,540.9895
2016-09-01 15:00:00,2016-09-01 15:00:00,550.367
2016-09-01 16:00:00,2016-09-01 16:00:00,550.8635
2016-09-01 17:00:00,2016-09-01 17:00:00,539.3965
2016-09-01 18:00:00,2016-09-01 18:00:00,517.7885
2016-09-01 19:00:00,2016-09-01 19:00:00,503.107
2016-09-01 20:00:00,2016-09-01 20:00:00,491.1052
2016-09-01 21:00:00,2016-09-01 21:00:00,480.9962
2016-09-01 22:00:00,2016-09-01 22:00:00,474.9753
2016-09-01 23:00:00,2016-09-01 23:00:00,469.5797
2016-09-02 00:00:00,2016-09-02 00:00:00,470.429
2016-09-02 01:00:00,2016-09-02 01:00:00,466.176
2016-09-02 02:00:00,2016-09-02 02:00:00,467.0095
2016-09-02 03:00:00,2016-09-02 03:00:00,464.3402
2016-09-02 04:00:00,2016-09-02 04:00:00,468.1252
2016-09-02 05:00:00,2016-09-02 05:00:00,468.1345
2016-09-02 06:00:00,2016-09-02 06:00:00,474.5692
2016-09-02 07:00:00,2016-09-02 07:00:00,474.2238
2016-09-02 08:00:00,2016-09-02 08:00:00,488.0445
2016-09-02 09:00:00,2016-09-02 09:00:00,512.7315
2016-09-02 10:00:00,2016-09-02 10:00:00,541.7963
2016-09-02 11:00:00,2016-09-02 11:00:00,550.3615
2016-09-02 12:00:00,2016-09-02 12:00:00,565.0798
2016-09-02 13:00:00,2016-09-02 13:00:00,565.8965
2016-09-02 14:00:00,2016-09-02 14:00:00,562.021
2016-09-02 15:00:00,2016-09-02 15:00:00,558.0142
2016-09-02 16:00:00,2016-09-02 16:00:00,562.4405
2016-09-02 17:00:00,2016-09-02 17:00:00,554.0118
2016-09-02 18:00:00,2016-09-02 18:00:00,526.1325
2016-09-02 19:00:00,2016-09-02 19:00:00,514.7042
2016-09-02 20:00:00,2016-09-02 20:00:00,279.3772
2016-09-02 21:00:00,2016-09-02 21:00:00,496.0155
2016-09-02 22:00:00,2016-09-02 22:00:00,470.4078
2016-09-02 23:00:00,2016-09-02 23:00:00,468.2418
2016-09-03 00:00:00,2016-09-03 00:00:00,459.6155
2016-09-03 01:00:00,2016-09-03 01:00:00,454.8387
2016-09-03 02:00:00,2016-09-03 02:00:00,451.556
2016-09-03 03:00:00,2016-09-03 03:00:00,448.8608
2016-09-03 04:00:00,2016-09-03 04:00:00,448.3877
2016-09-03 05:00:00,2016-09-03 05:00:00,448.4765
2016-09-03 06:00:00,2016-09-03 06:00:00,458.1762
2016-09-03 07:00:00,2016-09-03 07:00:00,463.098
2016-09-03 08:00:00,2016-09-03 08:00:00,463.657
2016-09-03 09:00:00,2016-09-03 09:00:00,463.6385
2016-09-03 10:00:00,2016-09-03 10:00:00,470.937
2016-09-03 11:00:00,2016-09-03 11:00:00,477.9663
2016-09-03 12:00:00,2016-09-03 12:00:00,487.331
2016-09-03 13:00:00,2016-09-03 13:00:00,497.4185
2016-09-03 14:00:00,2016-09-03 14:00:00,493.6438
2016-09-03 15:00:00,2016-09-03 15:00:00,493.5775
2016-09-03 16:00:00,2016-09-03 16:00:00,495.488
2016-09-03 17:00:00,2016-09-03 17:00:00,493.5398
2016-09-03 18:00:00,2016-09-03 18:00:00,475.8547
2016-09-03 19:00:00,2016-09-03 19:00:00,461.3168
2016-09-03 20:00:00,2016-09-03 20:00:00,457.1372
2016-09-03 21:00:00,2016-09-03 21:00:00,455.5052
2016-09-03 22:00:00,2016-09-03 22:00:00,453.3047
2016-09-03 23:00:00,2016-09-03 23:00:00,449.636
2016-09-04 00:00:00,2016-09-04 00:00:00,447.0758
2016-09-04 01:00:00,2016-09-04 01:00:00,446.4827
2016-09-04 02:00:00,2016-09-04 02:00:00,447.9997
2016-09-04 03:00:00,2016-09-04 03:00:00,446.3673
2016-09-04 04:00:00,2016-09-04 04:00:00,446.0153
2016-09-04 05:00:00,2016-09-04 05:00:00,445.184
2016-09-04 06:00:00,2016-09-04 06:00:00,454.8332
2016-09-04 07:00:00,2016-09-04 07:00:00,459.2815
2016-09-04 08:00:00,2016-09-04 08:00:00,460.6195
2016-09-04 09:00:00,2016-09-04 09:00:00,462.413
2016-09-04 10:00:00,2016-09-04 10:00:00,468.3672
2016-09-04 11:00:00,2016-09-04 11:00:00,484.9055
2016-09-04 12:00:00,2016-09-04 12:00:00,504.537
2016-09-04 13:00:00,2016-09-04 13:00:00,515.6062
2016-09-04 14:00:00,2016-09-04 14:00:00,520.4287
2016-09-04 15:00:00,2016-09-04 15:00:00,518.3773
2016-09-04 16:00:00,2016-09-04 16:00:00,515.6902
2016-09-04 17:00:00,2016-09-04 17:00:00,512.4002
2016-09-04 18:00:00,2016-09-04 18:00:00,493.2955
2016-09-04 19:00:00,2016-09-04 19:00:00,470.3525
2016-09-04 20:00:00,2016-09-04 20:00:00,458.8185
2016-09-04 21:00:00,2016-09-04 21:00:00,451.898
2016-09-04 22:00:00,2016-09-04 22:00:00,449.7322
2016-09-04 23:00:00,2016-09-04 23:00:00,446.702
2016-09-05 00:00:00,2016-09-05 00:00:00,444.4537
2016-09-05 01:00:00,2016-09-05 01:00:00,449.801
2016-09-05 02:00:00,2016-09-05 02:00:00,449.52
2016-09-05 03:00:00,2016-09-05 03:00:00,449.1475
2016-09-05 04:00:00,2016-09-05 04:00:00,443.2038
2016-09-05 05:00:00,2016-09-05 05:00:00,438.3825
2016-09-05 06:00:00,2016-09-05 06:00:00,446.9275
2016-09-05 07:00:00,2016-09-05 07:00:00,448.6415
2016-09-05 08:00:00,2016-09-05 08:00:00,456.844
2016-09-05 09:00:00,2016-09-05 09:00:00,469.0953
2016-09-05 10:00:00,2016-09-05 10:00:00,488.1522
2016-09-05 11:00:00,2016-09-05 11:00:00,520.8068
2016-09-05 12:00:00,2016-09-05 12:00:00,534.4565
2016-09-05 13:00:00,2016-09-05 13:00:00,543.185
2016-09-05 14:00:00,2016-09-05 14:00:00,540.093
2016-09-05 15:00:00,2016-09-05 15:00:00,535.8385
2016-09-05 16:00:00,2016-09-05 16:00:00,541.3122
2016-09-05 17:00:00,2016-09-05 17:00:00,530.198
2016-09-05 18:00:00,2016-09-05 18:00:00,501.2465
2016-09-05 19:00:00,2016-09-05 19:00:00,480.4895
2016-09-05 20:00:00,2016-09-05 20:00:00,469.115
2016-09-05 21:00:00,2016-09-05 21:00:00,464.9258
2016-09-05 22:00:00,2016-09-05 22:00:00,462.4755
2016-09-05 23:00:00,2016-09-05 23:00:00,459.1802
2016-09-06 00:00:00,2016-09-06 00:00:00,456.4418
2016-09-06 01:00:00,2016-09-06 01:00:00,455.012
2016-09-06 02:00:00,2016-09-06 02:00:00,453.7418
2016-09-06 03:00:00,2016-09-06 03:00:00,452.0825
2016-09-06 04:00:00,2016-09-06 04:00:00,453.2318
2016-09-06 05:00:00,2016-09-06 05:00:00,450.0505
2016-09-06 06:00:00,2016-09-06 06:00:00,461.9015
2016-09-06 07:00:00,2016-09-06 07:00:00,464.9072
2016-09-06 08:00:00,2016-09-06 08:00:00,481.0825
2016-09-06 09:00:00,2016-09-06 09:00:00,512.4325
2016-09-06 10:00:00,2016-09-06 10:00:00,549.4937
2016-09-06 11:00:00,2016-09-06 11:00:00,575.018
2016-09-06 12:00:00,2016-09-06 12:00:00,590.4705
2016-09-06 13:00:00,2016-09-06 13:00:00,659.312
2016-09-06 14:00:00,2016-09-06 14:00:00,647.3558
2016-09-06 15:00:00,2016-09-06 15:00:00,622.1132
2016-09-06 16:00:00,2016-09-06 16:00:00,611.3322
2016-09-06 17:00:00,2016-09-06 17:00:00,570.86
2016-09-06 18:00:00,2016-09-06 18:00:00,552.1797
2016-09-06 19:00:00,2016-09-06 19:00:00,524.769
2016-09-06 20:00:00,2016-09-06 20:00:00,514.6902
2016-09-06 21:00:00,2016-09-06 21:00:00,507.1057
2016-09-06 22:00:00,2016-09-06 22:00:00,503.654
2016-09-06 23:00:00,2016-09-06 23:00:00,478.461
2016-09-07 00:00:00,2016-09-07 00:00:00,464.9835
2016-09-07 01:00:00,2016-09-07 01:00:00,462.4632
2016-09-07 02:00:00,2016-09-07 02:00:00,464.23
2016-09-07 03:00:00,2016-09-07 03:00:00,465.476
2016-09-07 04:00:00,2016-09-07 04:00:00,465.1443
2016-09-07 05:00:00,2016-09-07 05:00:00,460.4633
2016-09-07 06:00:00,2016-09-07 06:00:00,471.5585
2016-09-07 07:00:00,2016-09-07 07:00:00,478.6392
2016-09-07 08:00:00,2016-09-07 08:00:00,509.5655
2016-09-07 09:00:00,2016-09-07 09:00:00,546.8422
2016-09-07 10:00:00,2016-09-07 10:00:00,565.025
2016-09-07 11:00:00,2016-09-07 11:00:00,590.987
2016-09-07 12:00:00,2016-09-07 12:00:00,645.5223
2016-09-07 13:00:00,2016-09-07 13:00:00,681.1638
2016-09-07 14:00:00,2016-09-07 14:00:00,688.9548
2016-09-07 15:00:00,2016-09-07 15:00:00,673.0127
2016-09-07 16:00:00,2016-09-07 16:00:00,651.1705
2016-09-07 17:00:00,2016-09-07 17:00:00,639.2225
2016-09-07 18:00:00,2016-09-07 18:00:00,623.3127
2016-09-07 19:00:00,2016-09-07 19:00:00,597.3202
2016-09-07 20:00:00,2016-09-07 20:00:00,570.0665
2016-09-07 21:00:00,2016-09-07 21:00:00,519.33
2016-09-07 22:00:00,2016-09-07 22:00:00,508.7057
2016-09-07 23:00:00,2016-09-07 23:00:00,489.9985
2016-09-08 00:00:00,2016-09-08 00:00:00,484.4903
2016-09-08 01:00:00,2016-09-08 01:00:00,476.1765
2016-09-08 02:00:00,2016-09-08 02:00:00,478.1778
2016-09-08 03:00:00,2016-09-08 03:00:00,479.548
2016-09-08 04:00:00,2016-09-08 04:00:00,482.7615
2016-09-08 05:00:00,2016-09-08 05:00:00,480.4012
2016-09-08 06:00:00,2016-09-08 06:00:00,490.2585
2016-09-08 07:00:00,2016-09-08 07:00:00,494.3782
2016-09-08 08:00:00,2016-09-08 08:00:00,510.604
2016-09-08 09:00:00,2016-09-08 09:00:00,534.5937
2016-09-08 10:00:00,2016-09-08 10:00:00,552.4263
2016-09-08 11:00:00,2016-09-08 11:00:00,556.8015
2016-09-08 12:00:00,2016-09-08 12:00:00,559.3773
2016-09-08 13:00:00,2016-09-08 13:00:00,561.5318
2016-09-08 14:00:00,2016-09-08 14:00:00,563.0385
2016-09-08 15:00:00,2016-09-08 15:00:00,561.416
2016-09-08 16:00:00,2016-09-08 16:00:00,554.4675
2016-09-08 17:00:00,2016-09-08 17:00:00,547.866
2016-09-08 18:00:00,2016-09-08 18:00:00,522.667
2016-09-08 19:00:00,2016-09-08 19:00:00,499.8632
2016-09-08 20:00:00,2016-09-08 20:00:00,480.7598
2016-09-08 21:00:00,2016-09-08 21:00:00,478.5598
2016-09-08 22:00:00,2016-09-08 22:00:00,470.844
2016-09-08 23:00:00,2016-09-08 23:00:00,470.82
2016-09-09 00:00:00,2016-09-09 00:00:00,467.8918
2016-09-09 01:00:00,2016-09-09 01:00:00,462.4932
2016-09-09 02:00:00,2016-09-09 02:00:00,458.33
2016-09-09 03:00:00,2016-09-09 03:00:00,456.0508
2016-09-09 04:00:00,2016-09-09 04:00:00,456.076
2016-09-09 05:00:00,2016-09-09 05:00:00,456.375
2016-09-09 06:00:00,2016-09-09 06:00:00,466.9315
2016-09-09 07:00:00,2016-09-09 07:00:00,466.1638
2016-09-09 08:00:00,2016-09-09 08:00:00,476.2917
2016-09-09 09:00:00,2016-09-09 09:00:00,488.6995
2016-09-09 10:00:00,2016-09-09 10:00:00,503.7
2016-09-09 11:00:00,2016-09-09 11:00:00,537.7452
2016-09-09 12:00:00,2016-09-09 12:00:00,556.8147
2016-09-09 13:00:00,2016-09-09 13:00:00,559.104
2016-09-09 14:00:00,2016-09-09 14:00:00,553.7552
2016-09-09 15:00:00,2016-09-09 15:00:00,545.905
2016-09-09 16:00:00,2016-09-09 16:00:00,532.637
2016-09-09 17:00:00,2016-09-09 17:00:00,516.9273
2016-09-09 18:00:00,2016-09-09 18:00:00,485.7122
2016-09-09 19:00:00,2016-09-09 19:00:00,474.1708
2016-09-09 20:00:00,2016-09-09 20:00:00,470.4843
2016-09-09 21:00:00,2016-09-09 21:00:00,468.988
2016-09-09 22:00:00,2016-09-09 22:00:00,463.679
2016-09-09 23:00:00,2016-09-09 23:00:00,460.8443
2016-09-10 00:00:00,2016-09-10 00:00:00,456.1013
2016-09-10 01:00:00,2016-09-10 01:00:00,455.1565
2016-09-10 02:00:00,2016-09-10 02:00:00,454.6115
2016-09-10 03:00:00,2016-09-10 03:00:00,454.8198
2016-09-10 04:00:00,2016-09-10 04:00:00,452.4045
2016-09-10 05:00:00,2016-09-10 05:00:00,453.0268
2016-09-10 06:00:00,2016-09-10 06:00:00,467.2705
2016-09-10 07:00:00,2016-09-10 07:00:00,466.8282
2016-09-10 08:00:00,2016-09-10 08:00:00,467.7195
2016-09-10 09:00:00,2016-09-10 09:00:00,469.2815
2016-09-10 10:00:00,2016-09-10 10:00:00,478.0975
2016-09-10 11:00:00,2016-09-10 11:00:00,509.8555
2016-09-10 12:00:00,2016-09-10 12:00:00,523.5585
2016-09-10 13:00:00,2016-09-10 13:00:00,531.536
2016-09-10 14:00:00,2016-09-10 14:00:00,527.059
2016-09-10 15:00:00,2016-09-10 15:00:00,517.1792
2016-09-10 16:00:00,2016-09-10 16:00:00,514.0402
2016-09-10 17:00:00,2016-09-10 17:00:00,498.7335
2016-09-10 18:00:00,2016-09-10 18:00:00,477.8367
2016-09-10 19:00:00,2016-09-10 19:00:00,467.9785
2016-09-10 20:00:00,2016-09-10 20:00:00,464.3463
2016-09-10 21:00:00,2016-09-10 21:00:00,459.328
2016-09-10 22:00:00,2016-09-10 22:00:00,456.1443
2016-09-10 23:00:00,2016-09-10 23:00:00,459.18
2016-09-11 00:00:00,2016-09-11 00:00:00,456.1072
2016-09-11 01:00:00,2016-09-11 01:00:00,453.2497
2016-09-11 02:00:00,2016-09-11 02:00:00,454.0458
2016-09-11 03:00:00,2016-09-11 03:00:00,453.0987
2016-09-11 04:00:00,2016-09-11 04:00:00,452.4905
2016-09-11 05:00:00,2016-09-11 05:00:00,453.3405
2016-09-11 06:00:00,2016-09-11 06:00:00,464.3802
2016-09-11 07:00:00,2016-09-11 07:00:00,466.0229
2016-09-11 08:00:00,2016-09-11 08:00:00,469.2543
2016-09-11 09:00:00,2016-09-11 09:00:00,470.7495
2016-09-11 10:00:00,2016-09-11 10:00:00,473.1423
2016-09-11 11:00:00,2016-09-11 11:00:00,481.7105
2016-09-11 12:00:00,2016-09-11 12:00:00,490.8012
2016-09-11 13:00:00,2016-09-11 13:00:00,489.791
2016-09-11 14:00:00,2016-09-11 14:00:00,489.2725
2016-09-11 15:00:00,2016-09-11 15:00:00,487.9983
2016-09-11 16:00:00,2016-09-11 16:00:00,486.8905
2016-09-11 17:00:00,2016-09-11 17:00:00,480.467
2016-09-11 18:00:00,2016-09-11 18:00:00,464.9283
2016-09-11 19:00:00,2016-09-11 19:00:00,460.7732
2016-09-11 20:00:00,2016-09-11 20:00:00,458.0578
2016-09-11 21:00:00,2016-09-11 21:00:00,457.7948
2016-09-11 22:00:00,2016-09-11 22:00:00,455.2278
2016-09-11 23:00:00,2016-09-11 23:00:00,452.7127
2016-09-12 00:00:00,2016-09-12 00:00:00,447.9795
2016-09-12 01:00:00,2016-09-12 01:00:00,449.031
2016-09-12 02:00:00,2016-09-12 02:00:00,449.8718
2016-09-12 03:00:00,2016-09-12 03:00:00,449.775
2016-09-12 04:00:00,2016-09-12 04:00:00,448.9995
2016-09-12 05:00:00,2016-09-12 05:00:00,448.0287
2016-09-12 06:00:00,2016-09-12 06:00:00,463.5353
2016-09-12 07:00:00,2016-09-12 07:00:00,464.306
2016-09-12 08:00:00,2016-09-12 08:00:00,477.063
2016-09-12 09:00:00,2016-09-12 09:00:00,488.0953
2016-09-12 10:00:00,2016-09-12 10:00:00,494.6292
2016-09-12 11:00:00,2016-09-12 11:00:00,498.708
2016-09-12 12:00:00,2016-09-12 12:00:00,499.485
2016-09-12 13:00:00,2016-09-12 13:00:00,498.6562
2016-09-12 14:00:00,2016-09-12 14:00:00,497.887
2016-09-12 15:00:00,2016-09-12 15:00:00,501.4735
2016-09-12 16:00:00,2016-09-12 16:00:00,497.1525
2016-09-12 17:00:00,2016-09-12 17:00:00,487.8337
2016-09-12 18:00:00,2016-09-12 18:00:00,467.465
2016-09-12 19:00:00,2016-09-12 19:00:00,463.6948
2016-09-12 20:00:00,2016-09-12 20:00:00,465.5353
2016-09-12 21:00:00,2016-09-12 21:00:00,459.7285
2016-09-12 22:00:00,2016-09-12 22:00:00,458.5363
2016-09-12 23:00:00,2016-09-12 23:00:00,451.822
2016-09-13 00:00:00,2016-09-13 00:00:00,447.8633
2016-09-13 01:00:00,2016-09-13 01:00:00,448.5795
2016-09-13 02:00:00,2016-09-13 02:00:00,446.1278
2016-09-13 03:00:00,2016-09-13 03:00:00,444.5372
2016-09-13 04:00:00,2016-09-13 04:00:00,444.402
2016-09-13 05:00:00,2016-09-13 05:00:00,443.478
2016-09-13 06:00:00,2016-09-13 06:00:00,457.2752
2016-09-13 07:00:00,2016-09-13 07:00:00,459.99
2016-09-13 08:00:00,2016-09-13 08:00:00,471.8413
2016-09-13 09:00:00,2016-09-13 09:00:00,492.304
2016-09-13 10:00:00,2016-09-13 10:00:00,505.1075
2016-09-13 11:00:00,2016-09-13 11:00:00,513.7132
2016-09-13 12:00:00,2016-09-13 12:00:00,531.3312
2016-09-13 13:00:00,2016-09-13 13:00:00,542.732
2016-09-13 14:00:00,2016-09-13 14:00:00,548.8895
2016-09-13 15:00:00,2016-09-13 15:00:00,551.1235
2016-09-13 16:00:00,2016-09-13 16:00:00,548.4605
2016-09-13 17:00:00,2016-09-13 17:00:00,540.3168
2016-09-13 18:00:00,2016-09-13 18:00:00,510.306
2016-09-13 19:00:00,2016-09-13 19:00:00,497.6545
2016-09-13 20:00:00,2016-09-13 20:00:00,490.036
2016-09-13 21:00:00,2016-09-13 21:00:00,486.9247
2016-09-13 22:00:00,2016-09-13 22:00:00,475.389
2016-09-13 23:00:00,2016-09-13 23:00:00,473.7603
2016-09-14 00:00:00,2016-09-14 00:00:00,468.7182
2016-09-14 01:00:00,2016-09-14 01:00:00,464.1685
2016-09-14 02:00:00,2016-09-14 02:00:00,463.149
2016-09-14 03:00:00,2016-09-14 03:00:00,460.1638
2016-09-14 04:00:00,2016-09-14 04:00:00,456.9398
2016-09-14 05:00:00,2016-09-14 05:00:00,453.5692
2016-09-14 06:00:00,2016-09-14 06:00:00,457.184
2016-09-14 07:00:00,2016-09-14 07:00:00,460.6707
2016-09-14 08:00:00,2016-09-14 08:00:00,479.4475
2016-09-14 09:00:00,2016-09-14 09:00:00,498.181
2016-09-14 10:00:00,2016-09-14 10:00:00,525.1763
2016-09-14 11:00:00,2016-09-14 11:00:00,552.777
2016-09-14 12:00:00,2016-09-14 12:00:00,558.6303
2016-09-14 13:00:00,2016-09-14 13:00:00,564.516
2016-09-14 14:00:00,2016-09-14 14:00:00,566.0833
2016-09-14 15:00:00,2016-09-14 15:00:00,561.5913
2016-09-14 16:00:00,2016-09-14 16:00:00,548.6855
2016-09-14 17:00:00,2016-09-14 17:00:00,530.2933
2016-09-14 18:00:00,2016-09-14 18:00:00,512.761
2016-09-14 19:00:00,2016-09-14 19:00:00,492.218
2016-09-14 20:00:00,2016-09-14 20:00:00,476.0202
2016-09-14 21:00:00,2016-09-14 21:00:00,469.5778
2016-09-14 22:00:00,2016-09-14 22:00:00,468.8315
2016-09-14 23:00:00,2016-09-14 23:00:00,460.2702
2016-09-15 00:00:00,2016-09-15 00:00:00,457.2258
2016-09-15 01:00:00,2016-09-15 01:00:00,457.8562
2016-09-15 02:00:00,2016-09-15 02:00:00,454.9428
2016-09-15 03:00:00,2016-09-15 03:00:00,441.734
2016-09-15 04:00:00,2016-09-15 04:00:00,442.8917
2016-09-15 05:00:00,2016-09-15 05:00:00,437.8412
2016-09-15 06:00:00,2016-09-15 06:00:00,449.1342
2016-09-15 07:00:00,2016-09-15 07:00:00,454.0875
2016-09-15 08:00:00,2016-09-15 08:00:00,470.5678
2016-09-15 09:00:00,2016-09-15 09:00:00,488.3315
2016-09-15 10:00:00,2016-09-15 10:00:00,509.549
2016-09-15 11:00:00,2016-09-15 11:00:00,536.5107
2016-09-15 12:00:00,2016-09-15 12:00:00,547.573
2016-09-15 13:00:00,2016-09-15 13:00:00,551.5085
2016-09-15 14:00:00,2016-09-15 14:00:00,551.059
2016-09-15 15:00:00,2016-09-15 15:00:00,548.79
2016-09-15 16:00:00,2016-09-15 16:00:00,545.513
2016-09-15 17:00:00,2016-09-15 17:00:00,520.1703
2016-09-15 18:00:00,2016-09-15 18:00:00,493.2802
2016-09-15 19:00:00,2016-09-15 19:00:00,472.7927
2016-09-15 20:00:00,2016-09-15 20:00:00,465.786
2016-09-15 21:00:00,2016-09-15 21:00:00,463.2075
2016-09-15 22:00:00,2016-09-15 22:00:00,465.67
2016-09-15 23:00:00,2016-09-15 23:00:00,465.0532
2016-09-16 00:00:00,2016-09-16 00:00:00,461.0802
2016-09-16 01:00:00,2016-09-16 01:00:00,460.0455
2016-09-16 02:00:00,2016-09-16 02:00:00,457.2293
2016-09-16 03:00:00,2016-09-16 03:00:00,450.023
2016-09-16 04:00:00,2016-09-16 04:00:00,444.158
2016-09-16 05:00:00,2016-09-16 05:00:00,444.844
2016-09-16 06:00:00,2016-09-16 06:00:00,459.5742
2016-09-16 07:00:00,2016-09-16 07:00:00,465.026
2016-09-16 08:00:00,2016-09-16 08:00:00,474.1247
2016-09-16 09:00:00,2016-09-16 09:00:00,492.375
2016-09-16 10:00:00,2016-09-16 10:00:00,511.615
2016-09-16 11:00:00,2016-09-16 11:00:00,540.299
2016-09-16 12:00:00,2016-09-16 12:00:00,553.8115
2016-09-16 13:00:00,2016-09-16 13:00:00,561.2935
2016-09-16 14:00:00,2016-09-16 14:00:00,558.3035
2016-09-16 15:00:00,2016-09-16 15:00:00,552.552
2016-09-16 16:00:00,2016-09-16 16:00:00,547.76
2016-09-16 17:00:00,2016-09-16 17:00:00,530.967
2016-09-16 18:00:00,2016-09-16 18:00:00,500.015
2016-09-16 19:00:00,2016-09-16 19:00:00,477.9457
2016-09-16 20:00:00,2016-09-16 20:00:00,469.8212
2016-09-16 21:00:00,2016-09-16 21:00:00,462.374
2016-09-16 22:00:00,2016-09-16 22:00:00,458.49
2016-09-16 23:00:00,2016-09-16 23:00:00,457.726
2016-09-17 00:00:00,2016-09-17 00:00:00,457.6132
2016-09-17 01:00:00,2016-09-17 01:00:00,456.7
2016-09-17 02:00:00,2016-09-17 02:00:00,456.0062
2016-09-17 03:00:00,2016-09-17 03:00:00,450.3993
2016-09-17 04:00:00,2016-09-17 04:00:00,441.7148
2016-09-17 05:00:00,2016-09-17 05:00:00,442.0113
2016-09-17 06:00:00,2016-09-17 06:00:00,454.4227
2016-09-17 07:00:00,2016-09-17 07:00:00,452.5475
2016-09-17 08:00:00,2016-09-17 08:00:00,453.382
2016-09-17 09:00:00,2016-09-17 09:00:00,460.8595
2016-09-17 10:00:00,2016-09-17 10:00:00,482.3475
2016-09-17 11:00:00,2016-09-17 11:00:00,520.899
2016-09-17 12:00:00,2016-09-17 12:00:00,534.7575
2016-09-17 13:00:00,2016-09-17 13:00:00,543.3522
2016-09-17 14:00:00,2016-09-17 14:00:00,543.107
2016-09-17 15:00:00,2016-09-17 15:00:00,542.2548
2016-09-17 16:00:00,2016-09-17 16:00:00,534.7225
2016-09-17 17:00:00,2016-09-17 17:00:00,522.4245
2016-09-17 18:00:00,2016-09-17 18:00:00,506.3513
2016-09-17 19:00:00,2016-09-17 19:00:00,499.0672
2016-09-17 20:00:00,2016-09-17 20:00:00,468.6127
2016-09-17 21:00:00,2016-09-17 21:00:00,463.3773
2016-09-17 22:00:00,2016-09-17 22:00:00,460.0473
2016-09-17 23:00:00,2016-09-17 23:00:00,457.3182
2016-09-18 00:00:00,2016-09-18 00:00:00,456.5202
2016-09-18 01:00:00,2016-09-18 01:00:00,452.5027
2016-09-18 02:00:00,2016-09-18 02:00:00,452.3695
2016-09-18 03:00:00,2016-09-18 03:00:00,453.7493
2016-09-18 04:00:00,2016-09-18 04:00:00,453.323
2016-09-18 05:00:00,2016-09-18 05:00:00,451.2023
2016-09-18 06:00:00,2016-09-18 06:00:00,462.71
2016-09-18 07:00:00,2016-09-18 07:00:00,465.7383
2016-09-18 08:00:00,2016-09-18 08:00:00,475.1617
2016-09-18 09:00:00,2016-09-18 09:00:00,511.0025
2016-09-18 10:00:00,2016-09-18 10:00:00,533.7655
2016-09-18 11:00:00,2016-09-18 11:00:00,573.745
2016-09-18 12:00:00,2016-09-18 12:00:00,649.8237
2016-09-18 13:00:00,2016-09-18 13:00:00,649.4838
2016-09-18 14:00:00,2016-09-18 14:00:00,642.8017
2016-09-18 15:00:00,2016-09-18 15:00:00,626.6852
2016-09-18 16:00:00,2016-09-18 16:00:00,634.2613
2016-09-18 17:00:00,2016-09-18 17:00:00,633.3757
2016-09-18 18:00:00,2016-09-18 18:00:00,614.518
2016-09-18 19:00:00,2016-09-18 19:00:00,594.5648
2016-09-18 20:00:00,2016-09-18 20:00:00,575.0815
2016-09-18 21:00:00,2016-09-18 21:00:00,569.272
2016-09-18 22:00:00,2016-09-18 22:00:00,541.9462
2016-09-18 23:00:00,2016-09-18 23:00:00,511.443
2016-09-19 00:00:00,2016-09-19 00:00:00,511.0288
2016-09-19 01:00:00,2016-09-19 01:00:00,517.7513
2016-09-19 02:00:00,2016-09-19 02:00:00,508.7192
2016-09-19 03:00:00,2016-09-19 03:00:00,503.8475
2016-09-19 04:00:00,2016-09-19 04:00:00,502.952
2016-09-19 05:00:00,2016-09-19 05:00:00,503.0268
2016-09-19 06:00:00,2016-09-19 06:00:00,517.4168
2016-09-19 07:00:00,2016-09-19 07:00:00,523.7315
2016-09-19 08:00:00,2016-09-19 08:00:00,540.4667
2016-09-19 09:00:00,2016-09-19 09:00:00,565.6422
2016-09-19 10:00:00,2016-09-19 10:00:00,612.1395
2016-09-19 11:00:00,2016-09-19 11:00:00,650.6382
2016-09-19 12:00:00,2016-09-19 12:00:00,682.5068
2016-09-19 13:00:00,2016-09-19 13:00:00,664.5072
2016-09-19 14:00:00,2016-09-19 14:00:00,653.3575
2016-09-19 15:00:00,2016-09-19 15:00:00,648.844
2016-09-19 16:00:00,2016-09-19 16:00:00,638.2578
2016-09-19 17:00:00,2016-09-19 17:00:00,630.6807
2016-09-19 18:00:00,2016-09-19 18:00:00,599.9455
2016-09-19 19:00:00,2016-09-19 19:00:00,568.2344
2016-09-19 20:00:00,2016-09-19 20:00:00,523.2485
2016-09-19 21:00:00,2016-09-19 21:00:00,505.945
2016-09-19 22:00:00,2016-09-19 22:00:00,495.8238
2016-09-19 23:00:00,2016-09-19 23:00:00,483.427
2016-09-20 00:00:00,2016-09-20 00:00:00,471.1898
2016-09-20 01:00:00,2016-09-20 01:00:00,465.8573
2016-09-20 02:00:00,2016-09-20 02:00:00,464.6885
2016-09-20 03:00:00,2016-09-20 03:00:00,464.7738
2016-09-20 04:00:00,2016-09-20 04:00:00,463.7083
2016-09-20 05:00:00,2016-09-20 05:00:00,457.4248
2016-09-20 06:00:00,2016-09-20 06:00:00,477.4825
2016-09-20 07:00:00,2016-09-20 07:00:00,479.0773
2016-09-20 08:00:00,2016-09-20 08:00:00,501.627
2016-09-20 09:00:00,2016-09-20 09:00:00,527.9092
2016-09-20 10:00:00,2016-09-20 10:00:00,546.494
2016-09-20 11:00:00,2016-09-20 11:00:00,559.2622
2016-09-20 12:00:00,2016-09-20 12:00:00,566.7432
2016-09-20 13:00:00,2016-09-20 13:00:00,566.4288
2016-09-20 14:00:00,2016-09-20 14:00:00,576.7998
2016-09-20 15:00:00,2016-09-20 15:00:00,567.0705
2016-09-20 16:00:00,2016-09-20 16:00:00,558.6565
2016-09-20 17:00:00,2016-09-20 17:00:00,548.11
2016-09-20 18:00:00,2016-09-20 18:00:00,526.2082
2016-09-20 19:00:00,2016-09-20 19:00:00,497.1088
2016-09-20 20:00:00,2016-09-20 20:00:00,474.834
2016-09-20 21:00:00,2016-09-20 21:00:00,478.2072
2016-09-20 22:00:00,2016-09-20 22:00:00,482.3182
2016-09-20 23:00:00,2016-09-20 23:00:00,475.202
2016-09-21 00:00:00,2016-09-21 00:00:00,466.6968
2016-09-21 01:00:00,2016-09-21 01:00:00,460.248
2016-09-21 02:00:00,2016-09-21 02:00:00,456.5482
2016-09-21 03:00:00,2016-09-21 03:00:00,455.619
2016-09-21 04:00:00,2016-09-21 04:00:00,452.3935
2016-09-21 05:00:00,2016-09-21 05:00:00,450.1437
2016-09-21 06:00:00,2016-09-21 06:00:00,464.845
2016-09-21 07:00:00,2016-09-21 07:00:00,467.1477
2016-09-21 08:00:00,2016-09-21 08:00:00,478.9202
2016-09-21 09:00:00,2016-09-21 09:00:00,492.7712
2016-09-21 10:00:00,2016-09-21 10:00:00,511.8205
2016-09-21 11:00:00,2016-09-21 11:00:00,530.4327
2016-09-21 12:00:00,2016-09-21 12:00:00,543.696
2016-09-21 13:00:00,2016-09-21 13:00:00,558.5675
2016-09-21 14:00:00,2016-09-21 14:00:00,560.9797
2016-09-21 15:00:00,2016-09-21 15:00:00,564.9803
2016-09-21 16:00:00,2016-09-21 16:00:00,559.98
2016-09-21 17:00:00,2016-09-21 17:00:00,542.0882
2016-09-21 18:00:00,2016-09-21 18:00:00,522.7473
2016-09-21 19:00:00,2016-09-21 19:00:00,493.2883
2016-09-21 20:00:00,2016-09-21 20:00:00,478.271
2016-09-21 21:00:00,2016-09-21 21:00:00,472.2093
2016-09-21 22:00:00,2016-09-21 22:00:00,466.684
2016-09-21 23:00:00,2016-09-21 23:00:00,462.025
2016-09-22 00:00:00,2016-09-22 00:00:00,456.1818
2016-09-22 01:00:00,2016-09-22 01:00:00,454.5972
2016-09-22 02:00:00,2016-09-22 02:00:00,453.4368
2016-09-22 03:00:00,2016-09-22 03:00:00,452.679
2016-09-22 04:00:00,2016-09-22 04:00:00,452.1832
2016-09-22 05:00:00,2016-09-22 05:00:00,451.0138
2016-09-22 06:00:00,2016-09-22 06:00:00,461.0817
2016-09-22 07:00:00,2016-09-22 07:00:00,464.548
2016-09-22 08:00:00,2016-09-22 08:00:00,480.9045
2016-09-22 09:00:00,2016-09-22 09:00:00,495.8408
2016-09-22 10:00:00,2016-09-22 10:00:00,515.1305
2016-09-22 11:00:00,2016-09-22 11:00:00,543.223
2016-09-22 12:00:00,2016-09-22 12:00:00,561.8762
2016-09-22 13:00:00,2016-09-22 13:00:00,557.124
2016-09-22 14:00:00,2016-09-22 14:00:00,560.8625
2016-09-22 15:00:00,2016-09-22 15:00:00,564.639
2016-09-22 16:00:00,2016-09-22 16:00:00,562.4423
2016-09-22 17:00:00,2016-09-22 17:00:00,551.904
2016-09-22 18:00:00,2016-09-22 18:00:00,520.5658
2016-09-22 19:00:00,2016-09-22 19:00:00,506.7552
2016-09-22 20:00:00,2016-09-22 20:00:00,493.9777
2016-09-22 21:00:00,2016-09-22 21:00:00,489.4022
2016-09-22 22:00:00,2016-09-22 22:00:00,479.3992
2016-09-22 23:00:00,2016-09-22 23:00:00,473.2567
2016-09-23 00:00:00,2016-09-23 00:00:00,472.2252
2016-09-23 01:00:00,2016-09-23 01:00:00,471.0637
2016-09-23 02:00:00,2016-09-23 02:00:00,470.5093
2016-09-23 03:00:00,2016-09-23 03:00:00,464.1745
2016-09-23 04:00:00,2016-09-23 04:00:00,465.633
2016-09-23 05:00:00,2016-09-23 05:00:00,463.9505
2016-09-23 06:00:00,2016-09-23 06:00:00,476.6425
2016-09-23 07:00:00,2016-09-23 07:00:00,475.603
2016-09-23 08:00:00,2016-09-23 08:00:00,484.0175
2016-09-23 09:00:00,2016-09-23 09:00:00,511.3052
2016-09-23 10:00:00,2016-09-23 10:00:00,535.9565
2016-09-23 11:00:00,2016-09-23 11:00:00,558.178
2016-09-23 12:00:00,2016-09-23 12:00:00,568.5535
2016-09-23 13:00:00,2016-09-23 13:00:00,571.3822
2016-09-23 14:00:00,2016-09-23 14:00:00,573.3012
2016-09-23 15:00:00,2016-09-23 15:00:00,570.0685
2016-09-23 16:00:00,2016-09-23 16:00:00,563.433
2016-09-23 17:00:00,2016-09-23 17:00:00,553.049
2016-09-23 18:00:00,2016-09-23 18:00:00,524.0122
2016-09-23 19:00:00,2016-09-23 19:00:00,503.0132
2016-09-23 20:00:00,2016-09-23 20:00:00,490.7632
2016-09-23 21:00:00,2016-09-23 21:00:00,487.8428
2016-09-23 22:00:00,2016-09-23 22:00:00,479.4663
2016-09-23 23:00:00,2016-09-23 23:00:00,473.5165
2016-09-24 00:00:00,2016-09-24 00:00:00,467.6685
2016-09-24 01:00:00,2016-09-24 01:00:00,469.2975
2016-09-24 02:00:00,2016-09-24 02:00:00,466.647
2016-09-24 03:00:00,2016-09-24 03:00:00,462.897
2016-09-24 04:00:00,2016-09-24 04:00:00,461.3575
2016-09-24 05:00:00,2016-09-24 05:00:00,464.8178
2016-09-24 06:00:00,2016-09-24 06:00:00,484.2118
2016-09-24 07:00:00,2016-09-24 07:00:00,488.9558
2016-09-24 08:00:00,2016-09-24 08:00:00,493.961
2016-09-24 09:00:00,2016-09-24 09:00:00,510.0725
2016-09-24 10:00:00,2016-09-24 10:00:00,532.0185
2016-09-24 11:00:00,2016-09-24 11:00:00,549.3217
2016-09-24 12:00:00,2016-09-24 12:00:00,562.427
2016-09-24 13:00:00,2016-09-24 13:00:00,638.9275
2016-09-24 14:00:00,2016-09-24 14:00:00,627.5132
2016-09-24 15:00:00,2016-09-24 15:00:00,626.584
2016-09-24 16:00:00,2016-09-24 16:00:00,619.1995
2016-09-24 17:00:00,2016-09-24 17:00:00,604.4513
2016-09-24 18:00:00,2016-09-24 18:00:00,572.9808
2016-09-24 19:00:00,2016-09-24 19:00:00,559.1208
2016-09-24 20:00:00,2016-09-24 20:00:00,523.6945
2016-09-24 21:00:00,2016-09-24 21:00:00,513.4665
2016-09-24 22:00:00,2016-09-24 22:00:00,512.3862
2016-09-24 23:00:00,2016-09-24 23:00:00,503.213
2016-09-25 00:00:00,2016-09-25 00:00:00,500.3459
2016-09-25 01:00:00,2016-09-25 01:00:00,503.156
2016-09-25 02:00:00,2016-09-25 02:00:00,492.3878
2016-09-25 03:00:00,2016-09-25 03:00:00,485.3787
2016-09-25 04:00:00,2016-09-25 04:00:00,486.171
2016-09-25 05:00:00,2016-09-25 05:00:00,480.6447
2016-09-25 06:00:00,2016-09-25 06:00:00,493.6177
2016-09-25 07:00:00,2016-09-25 07:00:00,496.2005
2016-09-25 08:00:00,2016-09-25 08:00:00,511.4695
2016-09-25 09:00:00,2016-09-25 09:00:00,536.2155
2016-09-25 10:00:00,2016-09-25 10:00:00,584.96
2016-09-25 11:00:00,2016-09-25 11:00:00,632.7022
2016-09-25 12:00:00,2016-09-25 12:00:00,644.794
2016-09-25 13:00:00,2016-09-25 13:00:00,660.132
2016-09-25 14:00:00,2016-09-25 14:00:00,679.4662
2016-09-25 15:00:00,2016-09-25 15:00:00,659.53
2016-09-25 16:00:00,2016-09-25 16:00:00,639.2725
2016-09-25 17:00:00,2016-09-25 17:00:00,633.0288
2016-09-25 18:00:00,2016-09-25 18:00:00,609.0872
2016-09-25 19:00:00,2016-09-25 19:00:00,576.4613
2016-09-25 20:00:00,2016-09-25 20:00:00,552.673
2016-09-25 21:00:00,2016-09-25 21:00:00,594.937
2016-09-25 22:00:00,2016-09-25 22:00:00,584.8905
2016-09-25 23:00:00,2016-09-25 23:00:00,571.6472
2016-09-26 00:00:00,2016-09-26 00:00:00,525.063
2016-09-26 01:00:00,2016-09-26 01:00:00,532.4657
2016-09-26 02:00:00,2016-09-26 02:00:00,525.2192
2016-09-26 03:00:00,2016-09-26 03:00:00,519.8515
2016-09-26 04:00:00,2016-09-26 04:00:00,518.2665
2016-09-26 05:00:00,2016-09-26 05:00:00,516.3995
2016-09-26 06:00:00,2016-09-26 06:00:00,535.4205
2016-09-26 07:00:00,2016-09-26 07:00:00,543.6802
2016-09-26 08:00:00,2016-09-26 08:00:00,559.1393
2016-09-26 09:00:00,2016-09-26 09:00:00,580.673
2016-09-26 10:00:00,2016-09-26 10:00:00,639.622
2016-09-26 11:00:00,2016-09-26 11:00:00,678.243
2016-09-26 12:00:00,2016-09-26 12:00:00,665.6073
2016-09-26 13:00:00,2016-09-26 13:00:00,723.8488
2016-09-26 14:00:00,2016-09-26 14:00:00,720.6535
2016-09-26 15:00:00,2016-09-26 15:00:00,720.7583
2016-09-26 16:00:00,2016-09-26 16:00:00,711.146
2016-09-26 17:00:00,2016-09-26 17:00:00,680.2578
2016-09-26 18:00:00,2016-09-26 18:00:00,639.0528
2016-09-26 19:00:00,2016-09-26 19:00:00,618.956
2016-09-26 20:00:00,2016-09-26 20:00:00,601.613
2016-09-26 21:00:00,2016-09-26 21:00:00,593.9993
2016-09-26 22:00:00,2016-09-26 22:00:00,577.4863
2016-09-26 23:00:00,2016-09-26 23:00:00,568.1875
2016-09-27 00:00:00,2016-09-27 00:00:00,564.9995
2016-09-27 01:00:00,2016-09-27 01:00:00,559.897
2016-09-27 02:00:00,2016-09-27 02:00:00,516.6235
2016-09-27 03:00:00,2016-09-27 03:00:00,513.6635
2016-09-27 04:00:00,2016-09-27 04:00:00,509.5315
2016-09-27 05:00:00,2016-09-27 05:00:00,505.2732
2016-09-27 06:00:00,2016-09-27 06:00:00,523.824
2016-09-27 07:00:00,2016-09-27 07:00:00,528.2495
2016-09-27 08:00:00,2016-09-27 08:00:00,539.0657
2016-09-27 09:00:00,2016-09-27 09:00:00,568.92
2016-09-27 10:00:00,2016-09-27 10:00:00,592.292
2016-09-27 11:00:00,2016-09-27 11:00:00,608.034
2016-09-27 12:00:00,2016-09-27 12:00:00,686.1942
2016-09-27 13:00:00,2016-09-27 13:00:00,668.2252
2016-09-27 14:00:00,2016-09-27 14:00:00,648.0708
2016-09-27 15:00:00,2016-09-27 15:00:00,656.8377
2016-09-27 16:00:00,2016-09-27 16:00:00,654.5078
2016-09-27 17:00:00,2016-09-27 17:00:00,640.8608
2016-09-27 18:00:00,2016-09-27 18:00:00,578.03
2016-09-27 19:00:00,2016-09-27 19:00:00,526.4033
2016-09-27 20:00:00,2016-09-27 20:00:00,503.42
2016-09-27 21:00:00,2016-09-27 21:00:00,485.9655
2016-09-27 22:00:00,2016-09-27 22:00:00,478.9488
2016-09-27 23:00:00,2016-09-27 23:00:00,469.015
2016-09-28 00:00:00,2016-09-28 00:00:00,464.6338
2016-09-28 01:00:00,2016-09-28 01:00:00,462.7955
2016-09-28 02:00:00,2016-09-28 02:00:00,461.746
2016-09-28 03:00:00,2016-09-28 03:00:00,455.1383
2016-09-28 04:00:00,2016-09-28 04:00:00,453.807
2016-09-28 05:00:00,2016-09-28 05:00:00,454.863
2016-09-28 06:00:00,2016-09-28 06:00:00,472.0405
2016-09-28 07:00:00,2016-09-28 07:00:00,475.442
2016-09-28 08:00:00,2016-09-28 08:00:00,496.206
2016-09-28 09:00:00,2016-09-28 09:00:00,520.0515
2016-09-28 10:00:00,2016-09-28 10:00:00,535.7185
2016-09-28 11:00:00,2016-09-28 11:00:00,554.6088
2016-09-28 12:00:00,2016-09-28 12:00:00,557.0147
2016-09-28 13:00:00,2016-09-28 13:00:00,564.9748
2016-09-28 14:00:00,2016-09-28 14:00:00,555.2802
2016-09-28 15:00:00,2016-09-28 15:00:00,557.5645
2016-09-28 16:00:00,2016-09-28 16:00:00,554.3325
2016-09-28 17:00:00,2016-09-28 17:00:00,521.1385
2016-09-28 18:00:00,2016-09-28 18:00:00,491.345
2016-09-28 19:00:00,2016-09-28 19:00:00,480.8487
2016-09-28 20:00:00,2016-09-28 20:00:00,472.4912
2016-09-28 21:00:00,2016-09-28 21:00:00,470.5508
2016-09-28 22:00:00,2016-09-28 22:00:00,467.7037
2016-09-28 23:00:00,2016-09-28 23:00:00,463.5862
2016-09-29 00:00:00,2016-09-29 00:00:00,460.069
2016-09-29 01:00:00,2016-09-29 01:00:00,460.1143
2016-09-29 02:00:00,2016-09-29 02:00:00,458.666
2016-09-29 03:00:00,2016-09-29 03:00:00,458.2522
2016-09-29 04:00:00,2016-09-29 04:00:00,456.7278
2016-09-29 05:00:00,2016-09-29 05:00:00,457.0105
2016-09-29 06:00:00,2016-09-29 06:00:00,471.8297
2016-09-29 07:00:00,2016-09-29 07:00:00,476.2395
2016-09-29 08:00:00,2016-09-29 08:00:00,489.8263
2016-09-29 09:00:00,2016-09-29 09:00:00,502.957
2016-09-29 10:00:00,2016-09-29 10:00:00,503.8082
2016-09-29 11:00:00,2016-09-29 11:00:00,512.0715
2016-09-29 12:00:00,2016-09-29 12:00:00,520.9648
2016-09-29 13:00:00,2016-09-29 13:00:00,535.4242
2016-09-29 14:00:00,2016-09-29 14:00:00,532.5792
2016-09-29 15:00:00,2016-09-29 15:00:00,529.7057
2016-09-29 16:00:00,2016-09-29 16:00:00,535.3395
2016-09-29 17:00:00,2016-09-29 17:00:00,524.8398
2016-09-29 18:00:00,2016-09-29 18:00:00,494.6997
2016-09-29 19:00:00,2016-09-29 19:00:00,479.5478
2016-09-29 20:00:00,2016-09-29 20:00:00,468.6262
2016-09-29 21:00:00,2016-09-29 21:00:00,467.724
2016-09-29 22:00:00,2016-09-29 22:00:00,466.0918
2016-09-29 23:00:00,2016-09-29 23:00:00,463.2672
2016-09-30 00:00:00,2016-09-30 00:00:00,461.679
2016-09-30 01:00:00,2016-09-30 01:00:00,456.9092
2016-09-30 02:00:00,2016-09-30 02:00:00,453.5992
2016-09-30 03:00:00,2016-09-30 03:00:00,455.8018
2016-09-30 04:00:00,2016-09-30 04:00:00,450.6965
2016-09-30 05:00:00,2016-09-30 05:00:00,448.9375
2016-09-30 06:00:00,2016-09-30 06:00:00,463.7028
2016-09-30 07:00:00,2016-09-30 07:00:00,464.6472
2016-09-30 08:00:00,2016-09-30 08:00:00,478.1055
2016-09-30 09:00:00,2016-09-30 09:00:00,501.6598
2016-09-30 10:00:00,2016-09-30 10:00:00,516.69
2016-09-30 11:00:00,2016-09-30 11:00:00,527.7245
2016-09-30 12:00:00,2016-09-30 12:00:00,542.7732
2016-09-30 13:00:00,2016-09-30 13:00:00,544.7197
2016-09-30 14:00:00,2016-09-30 14:00:00,546.412
2016-09-30 15:00:00,2016-09-30 15:00:00,540.8875
2016-09-30 16:00:00,2016-09-30 16:00:00,526.8678
2016-09-30 17:00:00,2016-09-30 17:00:00,512.9939
2016-09-30 18:00:00,2016-09-30 18:00:00,491.3336
2016-09-30 19:00:00,2016-09-30 19:00:00,485.5977
2016-09-30 20:00:00,2016-09-30 20:00:00,479.4038
2016-09-30 21:00:00,2016-09-30 21:00:00,476.8647
2016-09-30 22:00:00,2016-09-30 22:00:00,473.791
2016-09-30 23:00:00,2016-09-30 23:00:00,470.4133
2016-10-01 00:00:00,2016-10-01 00:00:00,466.0985
2016-10-01 01:00:00,2016-10-01 01:00:00,466.597
2016-10-01 02:00:00,2016-10-01 02:00:00,461.8095
2016-10-01 03:00:00,2016-10-01 03:00:00,453.505
2016-10-01 04:00:00,2016-10-01 04:00:00,450.8732
2016-10-01 05:00:00,2016-10-01 05:00:00,449.6092
2016-10-01 06:00:00,2016-10-01 06:00:00,461.7515
2016-10-01 07:00:00,2016-10-01 07:00:00,464.0043
2016-10-01 08:00:00,2016-10-01 08:00:00,467.7812
2016-10-01 09:00:00,2016-10-01 09:00:00,481.528
2016-10-01 10:00:00,2016-10-01 10:00:00,491.456
2016-10-01 11:00:00,2016-10-01 11:00:00,523.9835
2016-10-01 12:00:00,2016-10-01 12:00:00,537.3852
2016-10-01 13:00:00,2016-10-01 13:00:00,539.2153
2016-10-01 14:00:00,2016-10-01 14:00:00,540.771
2016-10-01 15:00:00,2016-10-01 15:00:00,537.252
2016-10-01 16:00:00,2016-10-01 16:00:00,537.2505
2016-10-01 17:00:00,2016-10-01 17:00:00,532.605
2016-10-01 18:00:00,2016-10-01 18:00:00,500.779
2016-10-01 19:00:00,2016-10-01 19:00:00,487.813
2016-10-01 20:00:00,2016-10-01 20:00:00,480.1212
2016-10-01 21:00:00,2016-10-01 21:00:00,477.335
2016-10-01 22:00:00,2016-10-01 22:00:00,473.2552
2016-10-01 23:00:00,2016-10-01 23:00:00,469.3057
2016-10-02 00:00:00,2016-10-02 00:00:00,468.4922
2016-10-02 01:00:00,2016-10-02 01:00:00,459.8087
2016-10-02 02:00:00,2016-10-02 02:00:00,458.2328
2016-10-02 03:00:00,2016-10-02 03:00:00,454.6868
2016-10-02 04:00:00,2016-10-02 04:00:00,455.6918
2016-10-02 05:00:00,2016-10-02 05:00:00,455.311
2016-10-02 06:00:00,2016-10-02 06:00:00,469.0465
2016-10-02 07:00:00,2016-10-02 07:00:00,465.801
2016-10-02 08:00:00,2016-10-02 08:00:00,473.091
2016-10-02 09:00:00,2016-10-02 09:00:00,486.2292
2016-10-02 10:00:00,2016-10-02 10:00:00,490.956
2016-10-02 11:00:00,2016-10-02 11:00:00,508.0198
2016-10-02 12:00:00,2016-10-02 12:00:00,522.9063
2016-10-02 13:00:00,2016-10-02 13:00:00,530.182
2016-10-02 14:00:00,2016-10-02 14:00:00,524.9465
2016-10-02 15:00:00,2016-10-02 15:00:00,517.6725
2016-10-02 16:00:00,2016-10-02 16:00:00,510.1572
2016-10-02 17:00:00,2016-10-02 17:00:00,499.422
2016-10-02 18:00:00,2016-10-02 18:00:00,484.5485
2016-10-02 19:00:00,2016-10-02 19:00:00,479.9517
2016-10-02 20:00:00,2016-10-02 20:00:00,475.9482
2016-10-02 21:00:00,2016-10-02 21:00:00,473.5677
2016-10-02 22:00:00,2016-10-02 22:00:00,470.1035
2016-10-02 23:00:00,2016-10-02 23:00:00,458.7462
2016-10-03 00:00:00,2016-10-03 00:00:00,451.476
2016-10-03 01:00:00,2016-10-03 01:00:00,452.0612
2016-10-03 02:00:00,2016-10-03 02:00:00,447.4932
2016-10-03 03:00:00,2016-10-03 03:00:00,446.2958
2016-10-03 04:00:00,2016-10-03 04:00:00,445.9168
2016-10-03 05:00:00,2016-10-03 05:00:00,444.3878
2016-10-03 06:00:00,2016-10-03 06:00:00,457.1275
2016-10-03 07:00:00,2016-10-03 07:00:00,464.2078
2016-10-03 08:00:00,2016-10-03 08:00:00,482.928
2016-10-03 09:00:00,2016-10-03 09:00:00,492.22
2016-10-03 10:00:00,2016-10-03 10:00:00,503.823
2016-10-03 11:00:00,2016-10-03 11:00:00,514.987
2016-10-03 12:00:00,2016-10-03 12:00:00,517.2862
2016-10-03 13:00:00,2016-10-03 13:00:00,520.429
2016-10-03 14:00:00,2016-10-03 14:00:00,524.4742
2016-10-03 15:00:00,2016-10-03 15:00:00,526.0568
2016-10-03 16:00:00,2016-10-03 16:00:00,525.7682
2016-10-03 17:00:00,2016-10-03 17:00:00,521.9283
2016-10-03 18:00:00,2016-10-03 18:00:00,503.6678
2016-10-03 19:00:00,2016-10-03 19:00:00,488.3302
2016-10-03 20:00:00,2016-10-03 20:00:00,484.1132
2016-10-03 21:00:00,2016-10-03 21:00:00,482.615
2016-10-03 22:00:00,2016-10-03 22:00:00,482.356
2016-10-03 23:00:00,2016-10-03 23:00:00,478.0453
2016-10-04 00:00:00,2016-10-04 00:00:00,477.8475
2016-10-04 01:00:00,2016-10-04 01:00:00,472.098
2016-10-04 02:00:00,2016-10-04 02:00:00,466.585
2016-10-04 03:00:00,2016-10-04 03:00:00,467.3008
2016-10-04 04:00:00,2016-10-04 04:00:00,466.9885
2016-10-04 05:00:00,2016-10-04 05:00:00,465.617
2016-10-04 06:00:00,2016-10-04 06:00:00,479.0585
2016-10-04 07:00:00,2016-10-04 07:00:00,484.154
2016-10-04 08:00:00,2016-10-04 08:00:00,497.0738
2016-10-04 09:00:00,2016-10-04 09:00:00,509.3498
2016-10-04 10:00:00,2016-10-04 10:00:00,522.6393
2016-10-04 11:00:00,2016-10-04 11:00:00,540.142
2016-10-04 12:00:00,2016-10-04 12:00:00,557.5782
2016-10-04 13:00:00,2016-10-04 13:00:00,558.7715
2016-10-04 14:00:00,2016-10-04 14:00:00,552.468
2016-10-04 15:00:00,2016-10-04 15:00:00,549.3655
2016-10-04 16:00:00,2016-10-04 16:00:00,548.5638
2016-10-04 17:00:00,2016-10-04 17:00:00,544.9833
2016-10-04 18:00:00,2016-10-04 18:00:00,520.7153
2016-10-04 19:00:00,2016-10-04 19:00:00,496.529
2016-10-04 20:00:00,2016-10-04 20:00:00,485.977
2016-10-04 21:00:00,2016-10-04 21:00:00,484.7428
2016-10-04 22:00:00,2016-10-04 22:00:00,479.0142
2016-10-04 23:00:00,2016-10-04 23:00:00,472.2325
2016-10-05 00:00:00,2016-10-05 00:00:00,465.7122
2016-10-05 01:00:00,2016-10-05 01:00:00,466.1935
2016-10-05 02:00:00,2016-10-05 02:00:00,461.3555
2016-10-05 03:00:00,2016-10-05 03:00:00,456.6373
2016-10-05 04:00:00,2016-10-05 04:00:00,455.904
2016-10-05 05:00:00,2016-10-05 05:00:00,457.6153
2016-10-05 06:00:00,2016-10-05 06:00:00,470.412
2016-10-05 07:00:00,2016-10-05 07:00:00,467.4232
2016-10-05 08:00:00,2016-10-05 08:00:00,484.0013
2016-10-05 09:00:00,2016-10-05 09:00:00,503.0593
2016-10-05 10:00:00,2016-10-05 10:00:00,528.9995
2016-10-05 11:00:00,2016-10-05 11:00:00,554.3122
2016-10-05 12:00:00,2016-10-05 12:00:00,570.0375
2016-10-05 13:00:00,2016-10-05 13:00:00,577.931
2016-10-05 14:00:00,2016-10-05 14:00:00,578.8868
2016-10-05 15:00:00,2016-10-05 15:00:00,578.2368
2016-10-05 16:00:00,2016-10-05 16:00:00,573.508
2016-10-05 17:00:00,2016-10-05 17:00:00,560.8552
2016-10-05 18:00:00,2016-10-05 18:00:00,528.0342
2016-10-05 19:00:00,2016-10-05 19:00:00,505.4965
2016-10-05 20:00:00,2016-10-05 20:00:00,497.4665
2016-10-05 21:00:00,2016-10-05 21:00:00,488.107
2016-10-05 22:00:00,2016-10-05 22:00:00,485.2152
2016-10-05 23:00:00,2016-10-05 23:00:00,483.176
2016-10-06 00:00:00,2016-10-06 00:00:00,474.229
2016-10-06 01:00:00,2016-10-06 01:00:00,471.0
2016-10-06 02:00:00,2016-10-06 02:00:00,468.0158
2016-10-06 03:00:00,2016-10-06 03:00:00,463.4783
2016-10-06 04:00:00,2016-10-06 04:00:00,462.1738
2016-10-06 05:00:00,2016-10-06 05:00:00,459.886
2016-10-06 06:00:00,2016-10-06 06:00:00,471.7192
2016-10-06 07:00:00,2016-10-06 07:00:00,461.994
2016-10-06 08:00:00,2016-10-06 08:00:00,489.6128
2016-10-06 09:00:00,2016-10-06 09:00:00,509.6427
2016-10-06 10:00:00,2016-10-06 10:00:00,536.122
2016-10-06 11:00:00,2016-10-06 11:00:00,551.4598
2016-10-06 12:00:00,2016-10-06 12:00:00,569.574
2016-10-06 13:00:00,2016-10-06 13:00:00,580.1273
2016-10-06 14:00:00,2016-10-06 14:00:00,581.6745
2016-10-06 15:00:00,2016-10-06 15:00:00,554.3998
2016-10-06 16:00:00,2016-10-06 16:00:00,633.0568
2016-10-06 17:00:00,2016-10-06 17:00:00,530.9535
2016-10-06 18:00:00,2016-10-06 18:00:00,576.586
2016-10-06 19:00:00,2016-10-06 19:00:00,503.0545
2016-10-06 20:00:00,2016-10-06 20:00:00,501.0425
2016-10-06 21:00:00,2016-10-06 21:00:00,497.8382
2016-10-06 22:00:00,2016-10-06 22:00:00,497.7715
2016-10-06 23:00:00,2016-10-06 23:00:00,491.7125
2016-10-07 00:00:00,2016-10-07 00:00:00,483.5665
2016-10-07 01:00:00,2016-10-07 01:00:00,479.275
2016-10-07 02:00:00,2016-10-07 02:00:00,472.486
2016-10-07 03:00:00,2016-10-07 03:00:00,466.8725
2016-10-07 04:00:00,2016-10-07 04:00:00,463.6077
2016-10-07 05:00:00,2016-10-07 05:00:00,461.9343
2016-10-07 06:00:00,2016-10-07 06:00:00,472.2108
2016-10-07 07:00:00,2016-10-07 07:00:00,475.6692
2016-10-07 08:00:00,2016-10-07 08:00:00,493.5568
2016-10-07 09:00:00,2016-10-07 09:00:00,513.2622
2016-10-07 10:00:00,2016-10-07 10:00:00,537.1302
2016-10-07 11:00:00,2016-10-07 11:00:00,633.673
2016-10-07 12:00:00,2016-10-07 12:00:00,607.049
2016-10-07 13:00:00,2016-10-07 13:00:00,640.1365
2016-10-07 14:00:00,2016-10-07 14:00:00,603.4015
2016-10-07 15:00:00,2016-10-07 15:00:00,655.794
2016-10-07 16:00:00,2016-10-07 16:00:00,647.9797
2016-10-07 17:00:00,2016-10-07 17:00:00,584.9285
2016-10-07 18:00:00,2016-10-07 18:00:00,581.4045
2016-10-07 19:00:00,2016-10-07 19:00:00,549.0512
2016-10-07 20:00:00,2016-10-07 20:00:00,570.5615
2016-10-07 21:00:00,2016-10-07 21:00:00,510.55
2016-10-07 22:00:00,2016-10-07 22:00:00,587.8
2016-10-07 23:00:00,2016-10-07 23:00:00,492.9135
2016-10-08 00:00:00,2016-10-08 00:00:00,552.2785
2016-10-08 01:00:00,2016-10-08 01:00:00,480.8315
2016-10-08 02:00:00,2016-10-08 02:00:00,479.585
2016-10-08 03:00:00,2016-10-08 03:00:00,481.3188
2016-10-08 04:00:00,2016-10-08 04:00:00,483.456
2016-10-08 05:00:00,2016-10-08 05:00:00,484.1275
2016-10-08 06:00:00,2016-10-08 06:00:00,496.7295
2016-10-08 07:00:00,2016-10-08 07:00:00,496.9973
2016-10-08 08:00:00,2016-10-08 08:00:00,498.7542
2016-10-08 09:00:00,2016-10-08 09:00:00,524.612
2016-10-08 10:00:00,2016-10-08 10:00:00,583.2877
2016-10-08 11:00:00,2016-10-08 11:00:00,584.7652
2016-10-08 12:00:00,2016-10-08 12:00:00,630.606
2016-10-08 13:00:00,2016-10-08 13:00:00,545.8498
2016-10-08 14:00:00,2016-10-08 14:00:00,533.6315
2016-10-08 15:00:00,2016-10-08 15:00:00,638.3647
2016-10-08 16:00:00,2016-10-08 16:00:00,573.21
2016-10-08 17:00:00,2016-10-08 17:00:00,611.6955
2016-10-08 18:00:00,2016-10-08 18:00:00,553.7258
2016-10-08 19:00:00,2016-10-08 19:00:00,522.3198
2016-10-08 20:00:00,2016-10-08 20:00:00,563.028
2016-10-08 21:00:00,2016-10-08 21:00:00,489.7563
2016-10-08 22:00:00,2016-10-08 22:00:00,553.9508
2016-10-08 23:00:00,2016-10-08 23:00:00,476.5385
2016-10-09 00:00:00,2016-10-09 00:00:00,474.5283
2016-10-09 01:00:00,2016-10-09 01:00:00,472.225
2016-10-09 02:00:00,2016-10-09 02:00:00,523.3727
2016-10-09 03:00:00,2016-10-09 03:00:00,493.5385
2016-10-09 04:00:00,2016-10-09 04:00:00,474.6005
2016-10-09 05:00:00,2016-10-09 05:00:00,476.3338
2016-10-09 06:00:00,2016-10-09 06:00:00,489.911
2016-10-09 07:00:00,2016-10-09 07:00:00,487.016
2016-10-09 08:00:00,2016-10-09 08:00:00,486.098
2016-10-09 09:00:00,2016-10-09 09:00:00,535.7065
2016-10-09 10:00:00,2016-10-09 10:00:00,546.5627
2016-10-09 11:00:00,2016-10-09 11:00:00,592.0005
2016-10-09 12:00:00,2016-10-09 12:00:00,527.2595
2016-10-09 13:00:00,2016-10-09 13:00:00,600.5223
2016-10-09 14:00:00,2016-10-09 14:00:00,558.8268
2016-10-09 15:00:00,2016-10-09 15:00:00,557.867
2016-10-09 16:00:00,2016-10-09 16:00:00,580.2477
2016-10-09 17:00:00,2016-10-09 17:00:00,520.4282
2016-10-09 18:00:00,2016-10-09 18:00:00,552.1572
2016-10-09 19:00:00,2016-10-09 19:00:00,481.4243
2016-10-09 20:00:00,2016-10-09 20:00:00,483.8167
2016-10-09 21:00:00,2016-10-09 21:00:00,481.8668
2016-10-09 22:00:00,2016-10-09 22:00:00,457.106
2016-10-09 23:00:00,2016-10-09 23:00:00,455.5165
2016-10-10 00:00:00,2016-10-10 00:00:00,449.211
2016-10-10 01:00:00,2016-10-10 01:00:00,451.553
2016-10-10 02:00:00,2016-10-10 02:00:00,456.2673
2016-10-10 03:00:00,2016-10-10 03:00:00,449.8533
2016-10-10 04:00:00,2016-10-10 04:00:00,448.8455
2016-10-10 05:00:00,2016-10-10 05:00:00,443.6578
2016-10-10 06:00:00,2016-10-10 06:00:00,459.2643
2016-10-10 07:00:00,2016-10-10 07:00:00,464.752
2016-10-10 08:00:00,2016-10-10 08:00:00,475.1083
2016-10-10 09:00:00,2016-10-10 09:00:00,486.145
2016-10-10 10:00:00,2016-10-10 10:00:00,495.1978
2016-10-10 11:00:00,2016-10-10 11:00:00,502.229
2016-10-10 12:00:00,2016-10-10 12:00:00,516.947
2016-10-10 13:00:00,2016-10-10 13:00:00,520.5518
2016-10-10 14:00:00,2016-10-10 14:00:00,517.3547
2016-10-10 15:00:00,2016-10-10 15:00:00,520.2675
2016-10-10 16:00:00,2016-10-10 16:00:00,521.039
2016-10-10 17:00:00,2016-10-10 17:00:00,518.6875
2016-10-10 18:00:00,2016-10-10 18:00:00,505.981
2016-10-10 19:00:00,2016-10-10 19:00:00,501.6552
2016-10-10 20:00:00,2016-10-10 20:00:00,495.117
2016-10-10 21:00:00,2016-10-10 21:00:00,476.8557
2016-10-10 22:00:00,2016-10-10 22:00:00,473.4128
2016-10-10 23:00:00,2016-10-10 23:00:00,475.8228
2016-10-11 00:00:00,2016-10-11 00:00:00,472.5082
2016-10-11 01:00:00,2016-10-11 01:00:00,470.0477
2016-10-11 02:00:00,2016-10-11 02:00:00,470.6855
2016-10-11 03:00:00,2016-10-11 03:00:00,471.3533
2016-10-11 04:00:00,2016-10-11 04:00:00,471.5363
2016-10-11 05:00:00,2016-10-11 05:00:00,469.4623
2016-10-11 06:00:00,2016-10-11 06:00:00,482.8673
2016-10-11 07:00:00,2016-10-11 07:00:00,487.1893
2016-10-11 08:00:00,2016-10-11 08:00:00,497.321
2016-10-11 09:00:00,2016-10-11 09:00:00,503.8382
2016-10-11 10:00:00,2016-10-11 10:00:00,516.3202
2016-10-11 11:00:00,2016-10-11 11:00:00,523.6422
2016-10-11 12:00:00,2016-10-11 12:00:00,524.1115
2016-10-11 13:00:00,2016-10-11 13:00:00,597.1035
2016-10-11 14:00:00,2016-10-11 14:00:00,555.8815
2016-10-11 15:00:00,2016-10-11 15:00:00,520.4852
2016-10-11 16:00:00,2016-10-11 16:00:00,519.0795
2016-10-11 17:00:00,2016-10-11 17:00:00,528.6452
2016-10-11 18:00:00,2016-10-11 18:00:00,567.546
2016-10-11 19:00:00,2016-10-11 19:00:00,490.3733
2016-10-11 20:00:00,2016-10-11 20:00:00,480.2512
2016-10-11 21:00:00,2016-10-11 21:00:00,473.5655
2016-10-11 22:00:00,2016-10-11 22:00:00,465.223
2016-10-11 23:00:00,2016-10-11 23:00:00,465.6432
2016-10-12 00:00:00,2016-10-12 00:00:00,460.9938
2016-10-12 01:00:00,2016-10-12 01:00:00,456.9598
2016-10-12 02:00:00,2016-10-12 02:00:00,458.1568
2016-10-12 03:00:00,2016-10-12 03:00:00,458.988
2016-10-12 04:00:00,2016-10-12 04:00:00,456.7518
2016-10-12 05:00:00,2016-10-12 05:00:00,456.2655
2016-10-12 06:00:00,2016-10-12 06:00:00,470.9755
2016-10-12 07:00:00,2016-10-12 07:00:00,472.2902
2016-10-12 08:00:00,2016-10-12 08:00:00,481.383
2016-10-12 09:00:00,2016-10-12 09:00:00,496.8803
2016-10-12 10:00:00,2016-10-12 10:00:00,503.7448
2016-10-12 11:00:00,2016-10-12 11:00:00,512.6968
2016-10-12 12:00:00,2016-10-12 12:00:00,515.1755
2016-10-12 13:00:00,2016-10-12 13:00:00,513.1523
2016-10-12 14:00:00,2016-10-12 14:00:00,530.7963
2016-10-12 15:00:00,2016-10-12 15:00:00,554.216
2016-10-12 16:00:00,2016-10-12 16:00:00,532.5575
2016-10-12 17:00:00,2016-10-12 17:00:00,519.0855
2016-10-12 18:00:00,2016-10-12 18:00:00,491.1615
2016-10-12 19:00:00,2016-10-12 19:00:00,481.227
2016-10-12 20:00:00,2016-10-12 20:00:00,468.5434
2016-10-12 21:00:00,2016-10-12 21:00:00,459.555
2016-10-12 22:00:00,2016-10-12 22:00:00,458.4468
2016-10-12 23:00:00,2016-10-12 23:00:00,452.8932
2016-10-13 00:00:00,2016-10-13 00:00:00,446.5805
2016-10-13 01:00:00,2016-10-13 01:00:00,448.4027
2016-10-13 02:00:00,2016-10-13 02:00:00,450.469
2016-10-13 03:00:00,2016-10-13 03:00:00,452.4345
2016-10-13 04:00:00,2016-10-13 04:00:00,451.864
2016-10-13 05:00:00,2016-10-13 05:00:00,452.8068
2016-10-13 06:00:00,2016-10-13 06:00:00,470.7615
2016-10-13 07:00:00,2016-10-13 07:00:00,476.7535
2016-10-13 08:00:00,2016-10-13 08:00:00,492.4707
2016-10-13 09:00:00,2016-10-13 09:00:00,504.0285
2016-10-13 10:00:00,2016-10-13 10:00:00,526.71
2016-10-13 11:00:00,2016-10-13 11:00:00,560.4605
2016-10-13 12:00:00,2016-10-13 12:00:00,541.6343
2016-10-13 13:00:00,2016-10-13 13:00:00,609.899
2016-10-13 14:00:00,2016-10-13 14:00:00,611.7672
2016-10-13 15:00:00,2016-10-13 15:00:00,602.4518
2016-10-13 16:00:00,2016-10-13 16:00:00,605.6915
2016-10-13 17:00:00,2016-10-13 17:00:00,584.516
2016-10-13 18:00:00,2016-10-13 18:00:00,547.0298
2016-10-13 19:00:00,2016-10-13 19:00:00,509.886
2016-10-13 20:00:00,2016-10-13 20:00:00,499.8813
2016-10-13 21:00:00,2016-10-13 21:00:00,503.0897
2016-10-13 22:00:00,2016-10-13 22:00:00,500.9797
2016-10-13 23:00:00,2016-10-13 23:00:00,507.0788
2016-10-14 00:00:00,2016-10-14 00:00:00,505.2998
2016-10-14 01:00:00,2016-10-14 01:00:00,503.6823
2016-10-14 02:00:00,2016-10-14 02:00:00,507.097
2016-10-14 03:00:00,2016-10-14 03:00:00,512.6212
2016-10-14 04:00:00,2016-10-14 04:00:00,536.4792
2016-10-14 05:00:00,2016-10-14 05:00:00,533.0038
2016-10-14 06:00:00,2016-10-14 06:00:00,548.92
2016-10-14 07:00:00,2016-10-14 07:00:00,557.6425
2016-10-14 08:00:00,2016-10-14 08:00:00,572.1475
2016-10-14 09:00:00,2016-10-14 09:00:00,598.477
2016-10-14 10:00:00,2016-10-14 10:00:00,613.5632
2016-10-14 11:00:00,2016-10-14 11:00:00,607.0767
2016-10-14 12:00:00,2016-10-14 12:00:00,611.3685
2016-10-14 13:00:00,2016-10-14 13:00:00,605.7135
2016-10-14 14:00:00,2016-10-14 14:00:00,600.1482
2016-10-14 15:00:00,2016-10-14 15:00:00,603.9695
2016-10-14 16:00:00,2016-10-14 16:00:00,592.1067
2016-10-14 17:00:00,2016-10-14 17:00:00,585.7172
2016-10-14 18:00:00,2016-10-14 18:00:00,559.301
2016-10-14 19:00:00,2016-10-14 19:00:00,551.236
2016-10-14 20:00:00,2016-10-14 20:00:00,514.943
2016-10-14 21:00:00,2016-10-14 21:00:00,508.2988
2016-10-14 22:00:00,2016-10-14 22:00:00,504.05
2016-10-14 23:00:00,2016-10-14 23:00:00,500.8845
2016-10-15 00:00:00,2016-10-15 00:00:00,493.1238
2016-10-15 01:00:00,2016-10-15 01:00:00,483.1848
2016-10-15 02:00:00,2016-10-15 02:00:00,481.5342
2016-10-15 03:00:00,2016-10-15 03:00:00,484.7608
2016-10-15 04:00:00,2016-10-15 04:00:00,487.3885
2016-10-15 05:00:00,2016-10-15 05:00:00,487.126
2016-10-15 06:00:00,2016-10-15 06:00:00,502.6295
2016-10-15 07:00:00,2016-10-15 07:00:00,499.8573
2016-10-15 08:00:00,2016-10-15 08:00:00,506.3035
2016-10-15 09:00:00,2016-10-15 09:00:00,518.5785
2016-10-15 10:00:00,2016-10-15 10:00:00,551.7375
2016-10-15 11:00:00,2016-10-15 11:00:00,571.8067
2016-10-15 12:00:00,2016-10-15 12:00:00,574.9495
2016-10-15 13:00:00,2016-10-15 13:00:00,573.6913
2016-10-15 14:00:00,2016-10-15 14:00:00,579.403
2016-10-15 15:00:00,2016-10-15 15:00:00,579.9603
2016-10-15 16:00:00,2016-10-15 16:00:00,586.1883
2016-10-15 17:00:00,2016-10-15 17:00:00,583.5933
2016-10-15 18:00:00,2016-10-15 18:00:00,569.1515
2016-10-15 19:00:00,2016-10-15 19:00:00,545.824
2016-10-15 20:00:00,2016-10-15 20:00:00,554.5925
2016-10-15 21:00:00,2016-10-15 21:00:00,552.4338
2016-10-15 22:00:00,2016-10-15 22:00:00,542.9623
2016-10-15 23:00:00,2016-10-15 23:00:00,543.7832
2016-10-16 00:00:00,2016-10-16 00:00:00,539.9055
2016-10-16 01:00:00,2016-10-16 01:00:00,542.2652
2016-10-16 02:00:00,2016-10-16 02:00:00,538.0502
2016-10-16 03:00:00,2016-10-16 03:00:00,536.3162
2016-10-16 04:00:00,2016-10-16 04:00:00,537.853
2016-10-16 05:00:00,2016-10-16 05:00:00,536.2925
2016-10-16 06:00:00,2016-10-16 06:00:00,548.4208
2016-10-16 07:00:00,2016-10-16 07:00:00,548.3358
2016-10-16 08:00:00,2016-10-16 08:00:00,548.3798
2016-10-16 09:00:00,2016-10-16 09:00:00,560.695
2016-10-16 10:00:00,2016-10-16 10:00:00,569.1813
2016-10-16 11:00:00,2016-10-16 11:00:00,554.5495
2016-10-16 12:00:00,2016-10-16 12:00:00,549.29
2016-10-16 13:00:00,2016-10-16 13:00:00,553.172
2016-10-16 14:00:00,2016-10-16 14:00:00,554.5495
2016-10-16 15:00:00,2016-10-16 15:00:00,561.1275
2016-10-16 16:00:00,2016-10-16 16:00:00,559.8438
2016-10-16 17:00:00,2016-10-16 17:00:00,562.3845
2016-10-16 18:00:00,2016-10-16 18:00:00,545.292
2016-10-16 19:00:00,2016-10-16 19:00:00,545.8315
2016-10-16 20:00:00,2016-10-16 20:00:00,552.77
2016-10-16 21:00:00,2016-10-16 21:00:00,535.4977
2016-10-16 22:00:00,2016-10-16 22:00:00,522.495
2016-10-16 23:00:00,2016-10-16 23:00:00,499.936
2016-10-17 00:00:00,2016-10-17 00:00:00,497.0393
2016-10-17 01:00:00,2016-10-17 01:00:00,521.647
2016-10-17 02:00:00,2016-10-17 02:00:00,508.0908
2016-10-17 03:00:00,2016-10-17 03:00:00,510.1437
2016-10-17 04:00:00,2016-10-17 04:00:00,478.9865
2016-10-17 05:00:00,2016-10-17 05:00:00,473.813
2016-10-17 06:00:00,2016-10-17 06:00:00,480.461
2016-10-17 07:00:00,2016-10-17 07:00:00,479.0928
2016-10-17 08:00:00,2016-10-17 08:00:00,496.4518
2016-10-17 09:00:00,2016-10-17 09:00:00,513.4722
2016-10-17 10:00:00,2016-10-17 10:00:00,528.7302
2016-10-17 11:00:00,2016-10-17 11:00:00,561.6742
2016-10-17 12:00:00,2016-10-17 12:00:00,554.4805
2016-10-17 13:00:00,2016-10-17 13:00:00,559.217
2016-10-17 14:00:00,2016-10-17 14:00:00,561.7635
2016-10-17 15:00:00,2016-10-17 15:00:00,550.742
2016-10-17 16:00:00,2016-10-17 16:00:00,550.8013
2016-10-17 17:00:00,2016-10-17 17:00:00,541.855
2016-10-17 18:00:00,2016-10-17 18:00:00,508.3055
2016-10-17 19:00:00,2016-10-17 19:00:00,497.8155
2016-10-17 20:00:00,2016-10-17 20:00:00,487.7628
2016-10-17 21:00:00,2016-10-17 21:00:00,478.0032
2016-10-17 22:00:00,2016-10-17 22:00:00,474.7335
2016-10-17 23:00:00,2016-10-17 23:00:00,473.7515
2016-10-18 00:00:00,2016-10-18 00:00:00,465.5825
2016-10-18 01:00:00,2016-10-18 01:00:00,461.547
2016-10-18 02:00:00,2016-10-18 02:00:00,458.826
2016-10-18 03:00:00,2016-10-18 03:00:00,458.6095
2016-10-18 04:00:00,2016-10-18 04:00:00,456.2429
2016-10-18 05:00:00,2016-10-18 05:00:00,457.0718
2016-10-18 06:00:00,2016-10-18 06:00:00,468.191
2016-10-18 07:00:00,2016-10-18 07:00:00,475.733
2016-10-18 08:00:00,2016-10-18 08:00:00,488.66
2016-10-18 09:00:00,2016-10-18 09:00:00,507.656
2016-10-18 10:00:00,2016-10-18 10:00:00,518.362
2016-10-18 11:00:00,2016-10-18 11:00:00,536.9098
2016-10-18 12:00:00,2016-10-18 12:00:00,558.1997
2016-10-18 13:00:00,2016-10-18 13:00:00,568.6047
2016-10-18 14:00:00,2016-10-18 14:00:00,597.3527
2016-10-18 15:00:00,2016-10-18 15:00:00,583.2195
2016-10-18 16:00:00,2016-10-18 16:00:00,580.7282
2016-10-18 17:00:00,2016-10-18 17:00:00,553.1628
2016-10-18 18:00:00,2016-10-18 18:00:00,522.8878
2016-10-18 19:00:00,2016-10-18 19:00:00,500.8215
2016-10-18 20:00:00,2016-10-18 20:00:00,487.3603
2016-10-18 21:00:00,2016-10-18 21:00:00,483.685
2016-10-18 22:00:00,2016-10-18 22:00:00,478.5678
2016-10-18 23:00:00,2016-10-18 23:00:00,481.7077
2016-10-19 00:00:00,2016-10-19 00:00:00,476.057
2016-10-19 01:00:00,2016-10-19 01:00:00,467.4585
2016-10-19 02:00:00,2016-10-19 02:00:00,462.0027
2016-10-19 03:00:00,2016-10-19 03:00:00,460.6863
2016-10-19 04:00:00,2016-10-19 04:00:00,458.1293
2016-10-19 05:00:00,2016-10-19 05:00:00,452.6112
2016-10-19 06:00:00,2016-10-19 06:00:00,467.5763
2016-10-19 07:00:00,2016-10-19 07:00:00,469.2485
2016-10-19 08:00:00,2016-10-19 08:00:00,486.849
2016-10-19 09:00:00,2016-10-19 09:00:00,509.8978
2016-10-19 10:00:00,2016-10-19 10:00:00,535.755
2016-10-19 11:00:00,2016-10-19 11:00:00,561.8425
2016-10-19 12:00:00,2016-10-19 12:00:00,604.4903
2016-10-19 13:00:00,2016-10-19 13:00:00,612.8342
2016-10-19 14:00:00,2016-10-19 14:00:00,617.472
2016-10-19 15:00:00,2016-10-19 15:00:00,630.1075
2016-10-19 16:00:00,2016-10-19 16:00:00,611.9715
2016-10-19 17:00:00,2016-10-19 17:00:00,583.845
2016-10-19 18:00:00,2016-10-19 18:00:00,527.154
2016-10-19 19:00:00,2016-10-19 19:00:00,505.4755
2016-10-19 20:00:00,2016-10-19 20:00:00,498.1495
2016-10-19 21:00:00,2016-10-19 21:00:00,489.278
2016-10-19 22:00:00,2016-10-19 22:00:00,474.3093
2016-10-19 23:00:00,2016-10-19 23:00:00,470.4798
2016-10-20 00:00:00,2016-10-20 00:00:00,468.7835
2016-10-20 01:00:00,2016-10-20 01:00:00,466.239
2016-10-20 02:00:00,2016-10-20 02:00:00,462.171
2016-10-20 03:00:00,2016-10-20 03:00:00,460.651
2016-10-20 04:00:00,2016-10-20 04:00:00,457.0925
2016-10-20 05:00:00,2016-10-20 05:00:00,455.4748
2016-10-20 06:00:00,2016-10-20 06:00:00,472.0358
2016-10-20 07:00:00,2016-10-20 07:00:00,477.9285
2016-10-20 08:00:00,2016-10-20 08:00:00,487.26
2016-10-20 09:00:00,2016-10-20 09:00:00,506.4395
2016-10-20 10:00:00,2016-10-20 10:00:00,544.7373
2016-10-20 11:00:00,2016-10-20 11:00:00,575.91
2016-10-20 12:00:00,2016-10-20 12:00:00,594.7603
2016-10-20 13:00:00,2016-10-20 13:00:00,639.2435
2016-10-20 14:00:00,2016-10-20 14:00:00,647.2605
2016-10-20 15:00:00,2016-10-20 15:00:00,629.7503
2016-10-20 16:00:00,2016-10-20 16:00:00,625.9128
2016-10-20 17:00:00,2016-10-20 17:00:00,627.703
2016-10-20 18:00:00,2016-10-20 18:00:00,595.9765
2016-10-20 19:00:00,2016-10-20 19:00:00,574.8182
2016-10-20 20:00:00,2016-10-20 20:00:00,521.0457
2016-10-20 21:00:00,2016-10-20 21:00:00,504.03
2016-10-20 22:00:00,2016-10-20 22:00:00,497.914
2016-10-20 23:00:00,2016-10-20 23:00:00,491.3507
2016-10-21 00:00:00,2016-10-21 00:00:00,488.3975
2016-10-21 01:00:00,2016-10-21 01:00:00,485.4252
2016-10-21 02:00:00,2016-10-21 02:00:00,481.734
2016-10-21 03:00:00,2016-10-21 03:00:00,480.8773
2016-10-21 04:00:00,2016-10-21 04:00:00,477.4355
2016-10-21 05:00:00,2016-10-21 05:00:00,480.9425
2016-10-21 06:00:00,2016-10-21 06:00:00,489.3855
2016-10-21 07:00:00,2016-10-21 07:00:00,493.3775
2016-10-21 08:00:00,2016-10-21 08:00:00,507.9283
2016-10-21 09:00:00,2016-10-21 09:00:00,535.5
2016-10-21 10:00:00,2016-10-21 10:00:00,593.0375
2016-10-21 11:00:00,2016-10-21 11:00:00,619.1678
2016-10-21 12:00:00,2016-10-21 12:00:00,637.6965
2016-10-21 13:00:00,2016-10-21 13:00:00,642.889
2016-10-21 14:00:00,2016-10-21 14:00:00,637.742
2016-10-21 15:00:00,2016-10-21 15:00:00,629.9382
2016-10-21 16:00:00,2016-10-21 16:00:00,610.148
2016-10-21 17:00:00,2016-10-21 17:00:00,601.4605
2016-10-21 18:00:00,2016-10-21 18:00:00,568.0578
2016-10-21 19:00:00,2016-10-21 19:00:00,562.0873
2016-10-21 20:00:00,2016-10-21 20:00:00,532.7442
2016-10-21 21:00:00,2016-10-21 21:00:00,516.0488
2016-10-21 22:00:00,2016-10-21 22:00:00,492.3783
2016-10-21 23:00:00,2016-10-21 23:00:00,484.588
2016-10-22 00:00:00,2016-10-22 00:00:00,481.6135
2016-10-22 01:00:00,2016-10-22 01:00:00,478.9288
2016-10-22 02:00:00,2016-10-22 02:00:00,471.7367
2016-10-22 03:00:00,2016-10-22 03:00:00,471.219
2016-10-22 04:00:00,2016-10-22 04:00:00,466.6305
2016-10-22 05:00:00,2016-10-22 05:00:00,462.8968
2016-10-22 06:00:00,2016-10-22 06:00:00,475.5122
2016-10-22 07:00:00,2016-10-22 07:00:00,476.5798
2016-10-22 08:00:00,2016-10-22 08:00:00,478.5155
2016-10-22 09:00:00,2016-10-22 09:00:00,490.8163
2016-10-22 10:00:00,2016-10-22 10:00:00,520.689
2016-10-22 11:00:00,2016-10-22 11:00:00,543.543
2016-10-22 12:00:00,2016-10-22 12:00:00,579.6615
2016-10-22 13:00:00,2016-10-22 13:00:00,572.1652
2016-10-22 14:00:00,2016-10-22 14:00:00,565.2885
2016-10-22 15:00:00,2016-10-22 15:00:00,550.3738
2016-10-22 16:00:00,2016-10-22 16:00:00,520.4262
2016-10-22 17:00:00,2016-10-22 17:00:00,499.4345
2016-10-22 18:00:00,2016-10-22 18:00:00,488.0458
2016-10-22 19:00:00,2016-10-22 19:00:00,482.7048
2016-10-22 20:00:00,2016-10-22 20:00:00,479.6602
2016-10-22 21:00:00,2016-10-22 21:00:00,472.2728
2016-10-22 22:00:00,2016-10-22 22:00:00,471.7505
2016-10-22 23:00:00,2016-10-22 23:00:00,468.8005
2016-10-23 00:00:00,2016-10-23 00:00:00,463.7635
2016-10-23 01:00:00,2016-10-23 01:00:00,460.929
2016-10-23 02:00:00,2016-10-23 02:00:00,460.119
2016-10-23 03:00:00,2016-10-23 03:00:00,459.1375
2016-10-23 04:00:00,2016-10-23 04:00:00,458.5187
2016-10-23 05:00:00,2016-10-23 05:00:00,451.3475
2016-10-23 06:00:00,2016-10-23 06:00:00,464.9005
2016-10-23 07:00:00,2016-10-23 07:00:00,462.4218
2016-10-23 08:00:00,2016-10-23 08:00:00,463.9738
2016-10-23 09:00:00,2016-10-23 09:00:00,472.4305
2016-10-23 10:00:00,2016-10-23 10:00:00,480.055
2016-10-23 11:00:00,2016-10-23 11:00:00,488.607
2016-10-23 12:00:00,2016-10-23 12:00:00,503.1188
2016-10-23 13:00:00,2016-10-23 13:00:00,511.5535
2016-10-23 14:00:00,2016-10-23 14:00:00,504.4688
2016-10-23 15:00:00,2016-10-23 15:00:00,498.1305
2016-10-23 16:00:00,2016-10-23 16:00:00,491.6712
2016-10-23 17:00:00,2016-10-23 17:00:00,487.6988
2016-10-23 18:00:00,2016-10-23 18:00:00,475.0783
2016-10-23 19:00:00,2016-10-23 19:00:00,474.5228
2016-10-23 20:00:00,2016-10-23 20:00:00,472.9603
2016-10-23 21:00:00,2016-10-23 21:00:00,475.384
2016-10-23 22:00:00,2016-10-23 22:00:00,474.243
2016-10-23 23:00:00,2016-10-23 23:00:00,483.2687
2016-10-24 00:00:00,2016-10-24 00:00:00,476.058
2016-10-24 01:00:00,2016-10-24 01:00:00,463.514
2016-10-24 02:00:00,2016-10-24 02:00:00,465.0543
2016-10-24 03:00:00,2016-10-24 03:00:00,462.8275
2016-10-24 04:00:00,2016-10-24 04:00:00,462.234
2016-10-24 05:00:00,2016-10-24 05:00:00,459.5042
2016-10-24 06:00:00,2016-10-24 06:00:00,477.613
2016-10-24 07:00:00,2016-10-24 07:00:00,481.0832
2016-10-24 08:00:00,2016-10-24 08:00:00,495.1887
2016-10-24 09:00:00,2016-10-24 09:00:00,509.4162
2016-10-24 10:00:00,2016-10-24 10:00:00,517.6605
2016-10-24 11:00:00,2016-10-24 11:00:00,527.8565
2016-10-24 12:00:00,2016-10-24 12:00:00,542.3757
2016-10-24 13:00:00,2016-10-24 13:00:00,558.4042
2016-10-24 14:00:00,2016-10-24 14:00:00,556.4507
2016-10-24 15:00:00,2016-10-24 15:00:00,537.1032
2016-10-24 16:00:00,2016-10-24 16:00:00,538.642
2016-10-24 17:00:00,2016-10-24 17:00:00,536.9617
2016-10-24 18:00:00,2016-10-24 18:00:00,519.441
2016-10-24 19:00:00,2016-10-24 19:00:00,510.532
2016-10-24 20:00:00,2016-10-24 20:00:00,493.464
2016-10-24 21:00:00,2016-10-24 21:00:00,485.4472
2016-10-24 22:00:00,2016-10-24 22:00:00,489.4623
2016-10-24 23:00:00,2016-10-24 23:00:00,490.4218
2016-10-25 00:00:00,2016-10-25 00:00:00,485.9048
2016-10-25 01:00:00,2016-10-25 01:00:00,487.4457
2016-10-25 02:00:00,2016-10-25 02:00:00,488.4735
2016-10-25 03:00:00,2016-10-25 03:00:00,500.1667
2016-10-25 04:00:00,2016-10-25 04:00:00,527.2235
2016-10-25 05:00:00,2016-10-25 05:00:00,522.8825
2016-10-25 06:00:00,2016-10-25 06:00:00,519.5023
2016-10-25 07:00:00,2016-10-25 07:00:00,535.4957
2016-10-25 08:00:00,2016-10-25 08:00:00,528.0237
2016-10-25 09:00:00,2016-10-25 09:00:00,526.8208
2016-10-25 10:00:00,2016-10-25 10:00:00,544.472
2016-10-25 11:00:00,2016-10-25 11:00:00,556.417
2016-10-25 12:00:00,2016-10-25 12:00:00,560.145
2016-10-25 13:00:00,2016-10-25 13:00:00,575.9585
2016-10-25 14:00:00,2016-10-25 14:00:00,587.1672
2016-10-25 15:00:00,2016-10-25 15:00:00,620.1592
2016-10-25 16:00:00,2016-10-25 16:00:00,620.268
2016-10-25 17:00:00,2016-10-25 17:00:00,615.1875
2016-10-25 18:00:00,2016-10-25 18:00:00,576.6222
2016-10-25 19:00:00,2016-10-25 19:00:00,559.62
2016-10-25 20:00:00,2016-10-25 20:00:00,557.836
2016-10-25 21:00:00,2016-10-25 21:00:00,538.3778
2016-10-25 22:00:00,2016-10-25 22:00:00,511.3483
2016-10-25 23:00:00,2016-10-25 23:00:00,497.2148
2016-10-26 00:00:00,2016-10-26 00:00:00,492.9733
2016-10-26 01:00:00,2016-10-26 01:00:00,494.2555
2016-10-26 02:00:00,2016-10-26 02:00:00,490.2308
2016-10-26 03:00:00,2016-10-26 03:00:00,476.5268
2016-10-26 04:00:00,2016-10-26 04:00:00,478.3925
2016-10-26 05:00:00,2016-10-26 05:00:00,478.5957
2016-10-26 06:00:00,2016-10-26 06:00:00,491.0355
2016-10-26 07:00:00,2016-10-26 07:00:00,492.6448
2016-10-26 08:00:00,2016-10-26 08:00:00,497.6053
2016-10-26 09:00:00,2016-10-26 09:00:00,509.747
2016-10-26 10:00:00,2016-10-26 10:00:00,542.5887
2016-10-26 11:00:00,2016-10-26 11:00:00,596.5222
2016-10-26 12:00:00,2016-10-26 12:00:00,602.0436
2016-10-26 13:00:00,2016-10-26 13:00:00,621.7755
2016-10-26 14:00:00,2016-10-26 14:00:00,603.3385
2016-10-26 15:00:00,2016-10-26 15:00:00,588.4692
2016-10-26 16:00:00,2016-10-26 16:00:00,594.5753
2016-10-26 17:00:00,2016-10-26 17:00:00,577.4927
2016-10-26 18:00:00,2016-10-26 18:00:00,515.528
2016-10-26 19:00:00,2016-10-26 19:00:00,497.909
2016-10-26 20:00:00,2016-10-26 20:00:00,495.017
2016-10-26 21:00:00,2016-10-26 21:00:00,488.303
2016-10-26 22:00:00,2016-10-26 22:00:00,481.424
2016-10-26 23:00:00,2016-10-26 23:00:00,486.0838
2016-10-27 00:00:00,2016-10-27 00:00:00,485.6805
2016-10-27 01:00:00,2016-10-27 01:00:00,486.2102
2016-10-27 02:00:00,2016-10-27 02:00:00,489.0095
2016-10-27 03:00:00,2016-10-27 03:00:00,483.9753
2016-10-27 04:00:00,2016-10-27 04:00:00,474.4595
2016-10-27 05:00:00,2016-10-27 05:00:00,481.012
2016-10-27 06:00:00,2016-10-27 06:00:00,497.589
2016-10-27 07:00:00,2016-10-27 07:00:00,497.265
2016-10-27 08:00:00,2016-10-27 08:00:00,511.241
2016-10-27 09:00:00,2016-10-27 09:00:00,533.5877
2016-10-27 10:00:00,2016-10-27 10:00:00,540.4243
2016-10-27 11:00:00,2016-10-27 11:00:00,547.0205
2016-10-27 12:00:00,2016-10-27 12:00:00,548.458
2016-10-27 13:00:00,2016-10-27 13:00:00,572.2807
2016-10-27 14:00:00,2016-10-27 14:00:00,598.5305
2016-10-27 15:00:00,2016-10-27 15:00:00,605.0285
2016-10-27 16:00:00,2016-10-27 16:00:00,603.2112
2016-10-27 17:00:00,2016-10-27 17:00:00,589.2565
2016-10-27 18:00:00,2016-10-27 18:00:00,568.0595
2016-10-27 19:00:00,2016-10-27 19:00:00,559.3073
2016-10-27 20:00:00,2016-10-27 20:00:00,555.3145
2016-10-27 21:00:00,2016-10-27 21:00:00,557.817
2016-10-27 22:00:00,2016-10-27 22:00:00,560.7005
2016-10-27 23:00:00,2016-10-27 23:00:00,559.601
2016-10-28 00:00:00,2016-10-28 00:00:00,555.8968
2016-10-28 01:00:00,2016-10-28 01:00:00,555.9762
2016-10-28 02:00:00,2016-10-28 02:00:00,563.446
2016-10-28 03:00:00,2016-10-28 03:00:00,561.1298
2016-10-28 04:00:00,2016-10-28 04:00:00,559.0112
2016-10-28 05:00:00,2016-10-28 05:00:00,561.5498
2016-10-28 06:00:00,2016-10-28 06:00:00,566.5005
2016-10-28 07:00:00,2016-10-28 07:00:00,568.8105
2016-10-28 08:00:00,2016-10-28 08:00:00,578.9788
2016-10-28 09:00:00,2016-10-28 09:00:00,594.7472
2016-10-28 10:00:00,2016-10-28 10:00:00,626.01
2016-10-28 11:00:00,2016-10-28 11:00:00,619.2925
2016-10-28 12:00:00,2016-10-28 12:00:00,629.0615
2016-10-28 13:00:00,2016-10-28 13:00:00,630.0267
2016-10-28 14:00:00,2016-10-28 14:00:00,613.2265
2016-10-28 15:00:00,2016-10-28 15:00:00,605.6055
2016-10-28 16:00:00,2016-10-28 16:00:00,602.4867
2016-10-28 17:00:00,2016-10-28 17:00:00,594.5077
2016-10-28 18:00:00,2016-10-28 18:00:00,565.6547
2016-10-28 19:00:00,2016-10-28 19:00:00,555.637
2016-10-28 20:00:00,2016-10-28 20:00:00,551.7337
2016-10-28 21:00:00,2016-10-28 21:00:00,548.0488
2016-10-28 22:00:00,2016-10-28 22:00:00,548.886
2016-10-28 23:00:00,2016-10-28 23:00:00,550.7442
2016-10-29 00:00:00,2016-10-29 00:00:00,539.4213
2016-10-29 01:00:00,2016-10-29 01:00:00,538.0063
2016-10-29 02:00:00,2016-10-29 02:00:00,540.8118
2016-10-29 03:00:00,2016-10-29 03:00:00,538.6
2016-10-29 04:00:00,2016-10-29 04:00:00,536.5865
2016-10-29 05:00:00,2016-10-29 05:00:00,536.191
2016-10-29 06:00:00,2016-10-29 06:00:00,554.7822
2016-10-29 07:00:00,2016-10-29 07:00:00,554.876
2016-10-29 08:00:00,2016-10-29 08:00:00,557.4835
2016-10-29 09:00:00,2016-10-29 09:00:00,559.3277
2016-10-29 10:00:00,2016-10-29 10:00:00,565.4053
2016-10-29 11:00:00,2016-10-29 11:00:00,566.5762
2016-10-29 12:00:00,2016-10-29 12:00:00,585.6387
2016-10-29 13:00:00,2016-10-29 13:00:00,598.2517
2016-10-29 14:00:00,2016-10-29 14:00:00,597.3777
2016-10-29 15:00:00,2016-10-29 15:00:00,593.613
2016-10-29 16:00:00,2016-10-29 16:00:00,573.359
2016-10-29 17:00:00,2016-10-29 17:00:00,563.2072
2016-10-29 18:00:00,2016-10-29 18:00:00,539.681
2016-10-29 19:00:00,2016-10-29 19:00:00,517.226
2016-10-29 20:00:00,2016-10-29 20:00:00,510.8155
2016-10-29 21:00:00,2016-10-29 21:00:00,484.456
2016-10-29 22:00:00,2016-10-29 22:00:00,488.184
2016-10-29 23:00:00,2016-10-29 23:00:00,482.0712
2016-10-30 00:00:00,2016-10-30 00:00:00,468.0512
2016-10-30 01:00:00,2016-10-30 01:00:00,472.99
2016-10-30 02:00:00,2016-10-30 02:00:00,473.6897
2016-10-30 03:00:00,2016-10-30 03:00:00,470.8382
2016-10-30 04:00:00,2016-10-30 04:00:00,470.2198
2016-10-30 05:00:00,2016-10-30 05:00:00,466.3542
2016-10-30 06:00:00,2016-10-30 06:00:00,479.192
2016-10-30 07:00:00,2016-10-30 07:00:00,477.773
2016-10-30 08:00:00,2016-10-30 08:00:00,475.7132
2016-10-30 09:00:00,2016-10-30 09:00:00,476.568
2016-10-30 10:00:00,2016-10-30 10:00:00,469.6242
2016-10-30 11:00:00,2016-10-30 11:00:00,472.3012
2016-10-30 12:00:00,2016-10-30 12:00:00,494.0288
2016-10-30 13:00:00,2016-10-30 13:00:00,539.7557
2016-10-30 14:00:00,2016-10-30 14:00:00,542.4912
2016-10-30 15:00:00,2016-10-30 15:00:00,512.161
2016-10-30 16:00:00,2016-10-30 16:00:00,500.119
2016-10-30 17:00:00,2016-10-30 17:00:00,499.4287
2016-10-30 18:00:00,2016-10-30 18:00:00,487.167
2016-10-30 19:00:00,2016-10-30 19:00:00,488.8077
2016-10-30 20:00:00,2016-10-30 20:00:00,484.4822
2016-10-30 21:00:00,2016-10-30 21:00:00,479.6892
2016-10-30 22:00:00,2016-10-30 22:00:00,475.9428
2016-10-30 23:00:00,2016-10-30 23:00:00,472.962
2016-10-31 00:00:00,2016-10-31 00:00:00,468.4982
2016-10-31 01:00:00,2016-10-31 01:00:00,465.424
2016-10-31 02:00:00,2016-10-31 02:00:00,461.6655
2016-10-31 03:00:00,2016-10-31 03:00:00,457.4723
2016-10-31 04:00:00,2016-10-31 04:00:00,459.5722
2016-10-31 05:00:00,2016-10-31 05:00:00,455.7477
2016-10-31 06:00:00,2016-10-31 06:00:00,469.6412
2016-10-31 07:00:00,2016-10-31 07:00:00,473.5245
2016-10-31 08:00:00,2016-10-31 08:00:00,486.118
2016-10-31 09:00:00,2016-10-31 09:00:00,510.0975
2016-10-31 10:00:00,2016-10-31 10:00:00,516.0788
2016-10-31 11:00:00,2016-10-31 11:00:00,521.4465
2016-10-31 12:00:00,2016-10-31 12:00:00,535.461
2016-10-31 13:00:00,2016-10-31 13:00:00,527.5003
2016-10-31 14:00:00,2016-10-31 14:00:00,535.6508
2016-10-31 15:00:00,2016-10-31 15:00:00,532.5528
2016-10-31 16:00:00,2016-10-31 16:00:00,522.1205
2016-10-31 17:00:00,2016-10-31 17:00:00,517.2195
2016-10-31 18:00:00,2016-10-31 18:00:00,492.9902
2016-10-31 19:00:00,2016-10-31 19:00:00,481.678
2016-10-31 20:00:00,2016-10-31 20:00:00,479.97
2016-10-31 21:00:00,2016-10-31 21:00:00,474.465
2016-10-31 22:00:00,2016-10-31 22:00:00,470.971
2016-10-31 23:00:00,2016-10-31 23:00:00,474.7353
2016-11-01 00:00:00,2016-11-01 00:00:00,473.961
2016-11-01 01:00:00,2016-11-01 01:00:00,469.285
2016-11-01 02:00:00,2016-11-01 02:00:00,466.939
2016-11-01 03:00:00,2016-11-01 03:00:00,459.522
2016-11-01 04:00:00,2016-11-01 04:00:00,459.0512
2016-11-01 05:00:00,2016-11-01 05:00:00,458.671
2016-11-01 06:00:00,2016-11-01 06:00:00,472.0073
2016-11-01 07:00:00,2016-11-01 07:00:00,474.8788
2016-11-01 08:00:00,2016-11-01 08:00:00,498.3373
2016-11-01 09:00:00,2016-11-01 09:00:00,505.4492
2016-11-01 10:00:00,2016-11-01 10:00:00,512.5455
2016-11-01 11:00:00,2016-11-01 11:00:00,524.3933
2016-11-01 12:00:00,2016-11-01 12:00:00,535.7507
2016-11-01 13:00:00,2016-11-01 13:00:00,545.099
2016-11-01 14:00:00,2016-11-01 14:00:00,549.3173
2016-11-01 15:00:00,2016-11-01 15:00:00,549.6378
2016-11-01 16:00:00,2016-11-01 16:00:00,531.453
2016-11-01 17:00:00,2016-11-01 17:00:00,518.931
2016-11-01 18:00:00,2016-11-01 18:00:00,495.0508
2016-11-01 19:00:00,2016-11-01 19:00:00,485.2396
2016-11-01 20:00:00,2016-11-01 20:00:00,468.1538
2016-11-01 21:00:00,2016-11-01 21:00:00,470.032
2016-11-01 22:00:00,2016-11-01 22:00:00,468.5787
2016-11-01 23:00:00,2016-11-01 23:00:00,465.773
2016-11-02 00:00:00,2016-11-02 00:00:00,461.1458
2016-11-02 01:00:00,2016-11-02 01:00:00,456.4655
2016-11-02 02:00:00,2016-11-02 02:00:00,453.6655
2016-11-02 03:00:00,2016-11-02 03:00:00,452.327
2016-11-02 04:00:00,2016-11-02 04:00:00,451.5083
2016-11-02 05:00:00,2016-11-02 05:00:00,451.0935
2016-11-02 06:00:00,2016-11-02 06:00:00,463.98
2016-11-02 07:00:00,2016-11-02 07:00:00,468.233
2016-11-02 08:00:00,2016-11-02 08:00:00,470.6282
2016-11-02 09:00:00,2016-11-02 09:00:00,503.4142
2016-11-02 10:00:00,2016-11-02 10:00:00,521.5203
2016-11-02 11:00:00,2016-11-02 11:00:00,536.0645
2016-11-02 12:00:00,2016-11-02 12:00:00,547.8372
2016-11-02 13:00:00,2016-11-02 13:00:00,558.687
2016-11-02 14:00:00,2016-11-02 14:00:00,584.8425
2016-11-02 15:00:00,2016-11-02 15:00:00,604.2253
2016-11-02 16:00:00,2016-11-02 16:00:00,578.641
2016-11-02 17:00:00,2016-11-02 17:00:00,562.3932
2016-11-02 18:00:00,2016-11-02 18:00:00,507.6575
2016-11-02 19:00:00,2016-11-02 19:00:00,495.8325
2016-11-02 20:00:00,2016-11-02 20:00:00,495.5922
2016-11-02 21:00:00,2016-11-02 21:00:00,489.2318
2016-11-02 22:00:00,2016-11-02 22:00:00,485.3392
2016-11-02 23:00:00,2016-11-02 23:00:00,478.9307
2016-11-03 00:00:00,2016-11-03 00:00:00,463.9622
2016-11-03 01:00:00,2016-11-03 01:00:00,460.1475
2016-11-03 02:00:00,2016-11-03 02:00:00,452.8688
2016-11-03 03:00:00,2016-11-03 03:00:00,452.4122
2016-11-03 04:00:00,2016-11-03 04:00:00,452.3298
2016-11-03 05:00:00,2016-11-03 05:00:00,450.4385
2016-11-03 06:00:00,2016-11-03 06:00:00,415.411
2016-11-03 07:00:00,2016-11-03 07:00:00,458.7545
2016-11-03 08:00:00,2016-11-03 08:00:00,479.6808
2016-11-03 09:00:00,2016-11-03 09:00:00,508.6737
2016-11-03 10:00:00,2016-11-03 10:00:00,521.972
2016-11-03 11:00:00,2016-11-03 11:00:00,541.4782
2016-11-03 12:00:00,2016-11-03 12:00:00,559.2022
2016-11-03 13:00:00,2016-11-03 13:00:00,587.945
2016-11-03 14:00:00,2016-11-03 14:00:00,601.7993
2016-11-03 15:00:00,2016-11-03 15:00:00,608.109
2016-11-03 16:00:00,2016-11-03 16:00:00,597.636
2016-11-03 17:00:00,2016-11-03 17:00:00,590.3673
2016-11-03 18:00:00,2016-11-03 18:00:00,538.1728
2016-11-03 19:00:00,2016-11-03 19:00:00,515.1612
2016-11-03 20:00:00,2016-11-03 20:00:00,494.666
2016-11-03 21:00:00,2016-11-03 21:00:00,465.3285
2016-11-03 22:00:00,2016-11-03 22:00:00,451.886
2016-11-03 23:00:00,2016-11-03 23:00:00,448.2125
2016-11-04 00:00:00,2016-11-04 00:00:00,442.7548
2016-11-04 01:00:00,2016-11-04 01:00:00,439.8112
2016-11-04 02:00:00,2016-11-04 02:00:00,434.4008
2016-11-04 03:00:00,2016-11-04 03:00:00,434.5898
2016-11-04 04:00:00,2016-11-04 04:00:00,438.5552
2016-11-04 05:00:00,2016-11-04 05:00:00,430.6057
2016-11-04 06:00:00,2016-11-04 06:00:00,441.9925
2016-11-04 07:00:00,2016-11-04 07:00:00,442.3947
2016-11-04 08:00:00,2016-11-04 08:00:00,459.3627
2016-11-04 09:00:00,2016-11-04 09:00:00,475.0152
2016-11-04 10:00:00,2016-11-04 10:00:00,495.717
2016-11-04 11:00:00,2016-11-04 11:00:00,525.3265
2016-11-04 12:00:00,2016-11-04 12:00:00,566.5875
2016-11-04 13:00:00,2016-11-04 13:00:00,575.0818
2016-11-04 14:00:00,2016-11-04 14:00:00,609.0568
2016-11-04 15:00:00,2016-11-04 15:00:00,586.4557
2016-11-04 16:00:00,2016-11-04 16:00:00,540.247
2016-11-04 17:00:00,2016-11-04 17:00:00,550.5563
2016-11-04 18:00:00,2016-11-04 18:00:00,489.844
2016-11-04 19:00:00,2016-11-04 19:00:00,469.0653
2016-11-04 20:00:00,2016-11-04 20:00:00,457.89
2016-11-04 21:00:00,2016-11-04 21:00:00,449.4932
2016-11-04 22:00:00,2016-11-04 22:00:00,447.7248
2016-11-04 23:00:00,2016-11-04 23:00:00,443.3615
2016-11-05 00:00:00,2016-11-05 00:00:00,436.0747
2016-11-05 01:00:00,2016-11-05 01:00:00,435.2143
2016-11-05 02:00:00,2016-11-05 02:00:00,431.3025
2016-11-05 03:00:00,2016-11-05 03:00:00,428.572
2016-11-05 04:00:00,2016-11-05 04:00:00,425.5385
2016-11-05 05:00:00,2016-11-05 05:00:00,426.9178
2016-11-05 06:00:00,2016-11-05 06:00:00,442.232
2016-11-05 07:00:00,2016-11-05 07:00:00,441.527
2016-11-05 08:00:00,2016-11-05 08:00:00,440.0563
2016-11-05 09:00:00,2016-11-05 09:00:00,447.7438
2016-11-05 10:00:00,2016-11-05 10:00:00,466.0912
2016-11-05 11:00:00,2016-11-05 11:00:00,502.2865
2016-11-05 12:00:00,2016-11-05 12:00:00,524.6103
2016-11-05 13:00:00,2016-11-05 13:00:00,518.491
2016-11-05 14:00:00,2016-11-05 14:00:00,492.5805
2016-11-05 15:00:00,2016-11-05 15:00:00,529.4027
2016-11-05 16:00:00,2016-11-05 16:00:00,530.3955
2016-11-05 17:00:00,2016-11-05 17:00:00,524.7388
2016-11-05 18:00:00,2016-11-05 18:00:00,500.1257
2016-11-05 19:00:00,2016-11-05 19:00:00,496.1883
2016-11-05 20:00:00,2016-11-05 20:00:00,489.6723
2016-11-05 21:00:00,2016-11-05 21:00:00,464.3655
2016-11-05 22:00:00,2016-11-05 22:00:00,466.1868
2016-11-05 23:00:00,2016-11-05 23:00:00,467.9468
2016-11-06 00:00:00,2016-11-06 00:00:00,466.409
2016-11-06 01:00:00,2016-11-06 01:00:00,480.9922
2016-11-06 02:00:00,2016-11-06 02:00:00,498.1195
2016-11-06 03:00:00,2016-11-06 03:00:00,493.737
2016-11-06 04:00:00,2016-11-06 04:00:00,494.6945
2016-11-06 05:00:00,2016-11-06 05:00:00,477.9792
2016-11-06 06:00:00,2016-11-06 06:00:00,464.5188
2016-11-06 07:00:00,2016-11-06 07:00:00,479.279
2016-11-06 08:00:00,2016-11-06 08:00:00,506.5925
2016-11-06 09:00:00,2016-11-06 09:00:00,509.2782
2016-11-06 10:00:00,2016-11-06 10:00:00,511.8637
2016-11-06 11:00:00,2016-11-06 11:00:00,521.086
2016-11-06 12:00:00,2016-11-06 12:00:00,533.4638
2016-11-06 13:00:00,2016-11-06 13:00:00,542.1563
2016-11-06 14:00:00,2016-11-06 14:00:00,533.7318
2016-11-06 15:00:00,2016-11-06 15:00:00,529.2115
2016-11-06 16:00:00,2016-11-06 16:00:00,524.3342
2016-11-06 17:00:00,2016-11-06 17:00:00,522.2618
2016-11-06 18:00:00,2016-11-06 18:00:00,501.3257
2016-11-06 19:00:00,2016-11-06 19:00:00,494.378
2016-11-06 20:00:00,2016-11-06 20:00:00,446.9655
2016-11-06 21:00:00,2016-11-06 21:00:00,438.5293
2016-11-06 22:00:00,2016-11-06 22:00:00,430.2688
2016-11-06 23:00:00,2016-11-06 23:00:00,426.2225
2016-11-07 00:00:00,2016-11-07 00:00:00,424.3493
2016-11-07 01:00:00,2016-11-07 01:00:00,427.0672
2016-11-07 02:00:00,2016-11-07 02:00:00,423.6222
2016-11-07 03:00:00,2016-11-07 03:00:00,423.2281
2016-11-07 04:00:00,2016-11-07 04:00:00,423.8015
2016-11-07 05:00:00,2016-11-07 05:00:00,424.995
2016-11-07 06:00:00,2016-11-07 06:00:00,442.823
2016-11-07 07:00:00,2016-11-07 07:00:00,446.2675
2016-11-07 08:00:00,2016-11-07 08:00:00,473.751
2016-11-07 09:00:00,2016-11-07 09:00:00,535.1905
2016-11-07 10:00:00,2016-11-07 10:00:00,546.5077
2016-11-07 11:00:00,2016-11-07 11:00:00,565.066
2016-11-07 12:00:00,2016-11-07 12:00:00,590.0275
2016-11-07 13:00:00,2016-11-07 13:00:00,591.5642
2016-11-07 14:00:00,2016-11-07 14:00:00,584.5072
2016-11-07 15:00:00,2016-11-07 15:00:00,590.8988
2016-11-07 16:00:00,2016-11-07 16:00:00,581.3708
2016-11-07 17:00:00,2016-11-07 17:00:00,570.6873
2016-11-07 18:00:00,2016-11-07 18:00:00,530.2706
2016-11-07 19:00:00,2016-11-07 19:00:00,518.9888
2016-11-07 20:00:00,2016-11-07 20:00:00,516.8765
2016-11-07 21:00:00,2016-11-07 21:00:00,514.7592
2016-11-07 22:00:00,2016-11-07 22:00:00,509.694
2016-11-07 23:00:00,2016-11-07 23:00:00,503.2128
2016-11-08 00:00:00,2016-11-08 00:00:00,490.1058
2016-11-08 01:00:00,2016-11-08 01:00:00,486.7365
2016-11-08 02:00:00,2016-11-08 02:00:00,469.96
2016-11-08 03:00:00,2016-11-08 03:00:00,458.941
2016-11-08 04:00:00,2016-11-08 04:00:00,439.8062
2016-11-08 05:00:00,2016-11-08 05:00:00,438.1392
2016-11-08 06:00:00,2016-11-08 06:00:00,446.7982
2016-11-08 07:00:00,2016-11-08 07:00:00,459.376
2016-11-08 08:00:00,2016-11-08 08:00:00,504.499
2016-11-08 09:00:00,2016-11-08 09:00:00,556.9592
2016-11-08 10:00:00,2016-11-08 10:00:00,605.8233
2016-11-08 11:00:00,2016-11-08 11:00:00,634.5147
2016-11-08 12:00:00,2016-11-08 12:00:00,645.7282
2016-11-08 13:00:00,2016-11-08 13:00:00,641.7985
2016-11-08 14:00:00,2016-11-08 14:00:00,642.7595
2016-11-08 15:00:00,2016-11-08 15:00:00,646.7945
2016-11-08 16:00:00,2016-11-08 16:00:00,639.8385
2016-11-08 17:00:00,2016-11-08 17:00:00,629.5265
2016-11-08 18:00:00,2016-11-08 18:00:00,591.1775
2016-11-08 19:00:00,2016-11-08 19:00:00,574.5175
2016-11-08 20:00:00,2016-11-08 20:00:00,560.5753
2016-11-08 21:00:00,2016-11-08 21:00:00,547.7425
2016-11-08 22:00:00,2016-11-08 22:00:00,543.134
2016-11-08 23:00:00,2016-11-08 23:00:00,524.7508
2016-11-09 00:00:00,2016-11-09 00:00:00,522.3655
2016-11-09 01:00:00,2016-11-09 01:00:00,478.6433
2016-11-09 02:00:00,2016-11-09 02:00:00,470.066
2016-11-09 03:00:00,2016-11-09 03:00:00,468.2707
2016-11-09 04:00:00,2016-11-09 04:00:00,467.177
2016-11-09 05:00:00,2016-11-09 05:00:00,464.281
2016-11-09 06:00:00,2016-11-09 06:00:00,481.7013
2016-11-09 07:00:00,2016-11-09 07:00:00,492.9942
2016-11-09 08:00:00,2016-11-09 08:00:00,517.1555
2016-11-09 09:00:00,2016-11-09 09:00:00,563.3975
2016-11-09 10:00:00,2016-11-09 10:00:00,609.2185
2016-11-09 11:00:00,2016-11-09 11:00:00,622.3022
2016-11-09 12:00:00,2016-11-09 12:00:00,632.3892
2016-11-09 13:00:00,2016-11-09 13:00:00,659.9985
2016-11-09 14:00:00,2016-11-09 14:00:00,659.1275
2016-11-09 15:00:00,2016-11-09 15:00:00,661.73
2016-11-09 16:00:00,2016-11-09 16:00:00,647.2885
2016-11-09 17:00:00,2016-11-09 17:00:00,611.0387
2016-11-09 18:00:00,2016-11-09 18:00:00,568.0087
2016-11-09 19:00:00,2016-11-09 19:00:00,550.191
2016-11-09 20:00:00,2016-11-09 20:00:00,542.382
2016-11-09 21:00:00,2016-11-09 21:00:00,559.3387
2016-11-09 22:00:00,2016-11-09 22:00:00,547.5605
2016-11-09 23:00:00,2016-11-09 23:00:00,536.1898
2016-11-10 00:00:00,2016-11-10 00:00:00,532.534
2016-11-10 01:00:00,2016-11-10 01:00:00,522.6676
2016-11-10 02:00:00,2016-11-10 02:00:00,507.5982
2016-11-10 03:00:00,2016-11-10 03:00:00,493.3175
2016-11-10 04:00:00,2016-11-10 04:00:00,490.4888
2016-11-10 05:00:00,2016-11-10 05:00:00,491.721
2016-11-10 06:00:00,2016-11-10 06:00:00,510.4365
2016-11-10 07:00:00,2016-11-10 07:00:00,531.9675
2016-11-10 08:00:00,2016-11-10 08:00:00,567.642
2016-11-10 09:00:00,2016-11-10 09:00:00,600.6248
2016-11-10 10:00:00,2016-11-10 10:00:00,638.4453
2016-11-10 11:00:00,2016-11-10 11:00:00,641.6919
2016-11-10 12:00:00,2016-11-10 12:00:00,634.2098
2016-11-10 13:00:00,2016-11-10 13:00:00,644.252
2016-11-10 14:00:00,2016-11-10 14:00:00,661.839
2016-11-10 15:00:00,2016-11-10 15:00:00,667.1883
2016-11-10 16:00:00,2016-11-10 16:00:00,667.2533
2016-11-10 17:00:00,2016-11-10 17:00:00,654.986
2016-11-10 18:00:00,2016-11-10 18:00:00,605.857
2016-11-10 19:00:00,2016-11-10 19:00:00,557.5992
2016-11-10 20:00:00,2016-11-10 20:00:00,553.7545
2016-11-10 21:00:00,2016-11-10 21:00:00,563.9465
2016-11-10 22:00:00,2016-11-10 22:00:00,562.379
2016-11-10 23:00:00,2016-11-10 23:00:00,554.6955
2016-11-11 00:00:00,2016-11-11 00:00:00,548.4118
2016-11-11 01:00:00,2016-11-11 01:00:00,543.895
2016-11-11 02:00:00,2016-11-11 02:00:00,548.6488
2016-11-11 03:00:00,2016-11-11 03:00:00,547.726
2016-11-11 04:00:00,2016-11-11 04:00:00,535.7057
2016-11-11 05:00:00,2016-11-11 05:00:00,513.8212
2016-11-11 06:00:00,2016-11-11 06:00:00,520.2745
2016-11-11 07:00:00,2016-11-11 07:00:00,521.2697
2016-11-11 08:00:00,2016-11-11 08:00:00,538.8715
2016-11-11 09:00:00,2016-11-11 09:00:00,581.3623
2016-11-11 10:00:00,2016-11-11 10:00:00,609.3935
2016-11-11 11:00:00,2016-11-11 11:00:00,609.1405
2016-11-11 12:00:00,2016-11-11 12:00:00,624.0855
2016-11-11 13:00:00,2016-11-11 13:00:00,608.4508
2016-11-11 14:00:00,2016-11-11 14:00:00,602.8892
2016-11-11 15:00:00,2016-11-11 15:00:00,577.1345
2016-11-11 16:00:00,2016-11-11 16:00:00,519.1515
2016-11-11 17:00:00,2016-11-11 17:00:00,510.3025
2016-11-11 18:00:00,2016-11-11 18:00:00,500.864
2016-11-11 19:00:00,2016-11-11 19:00:00,510.0977
2016-11-11 20:00:00,2016-11-11 20:00:00,509.3765
2016-11-11 21:00:00,2016-11-11 21:00:00,494.5932
2016-11-11 22:00:00,2016-11-11 22:00:00,487.5927
2016-11-11 23:00:00,2016-11-11 23:00:00,485.217
2016-11-12 00:00:00,2016-11-12 00:00:00,482.9
2016-11-12 01:00:00,2016-11-12 01:00:00,483.3938
2016-11-12 02:00:00,2016-11-12 02:00:00,484.5435
2016-11-12 03:00:00,2016-11-12 03:00:00,484.5585
2016-11-12 04:00:00,2016-11-12 04:00:00,486.4112
2016-11-12 05:00:00,2016-11-12 05:00:00,502.549
2016-11-12 06:00:00,2016-11-12 06:00:00,514.1178
2016-11-12 07:00:00,2016-11-12 07:00:00,520.5635
2016-11-12 08:00:00,2016-11-12 08:00:00,511.3545
2016-11-12 09:00:00,2016-11-12 09:00:00,522.807
2016-11-12 10:00:00,2016-11-12 10:00:00,571.7557
2016-11-12 11:00:00,2016-11-12 11:00:00,592.5395
2016-11-12 12:00:00,2016-11-12 12:00:00,594.35
2016-11-12 13:00:00,2016-11-12 13:00:00,605.5888
2016-11-12 14:00:00,2016-11-12 14:00:00,602.5485
2016-11-12 15:00:00,2016-11-12 15:00:00,594.6945
2016-11-12 16:00:00,2016-11-12 16:00:00,588.1122
2016-11-12 17:00:00,2016-11-12 17:00:00,581.3748
2016-11-12 18:00:00,2016-11-12 18:00:00,558.117
2016-11-12 19:00:00,2016-11-12 19:00:00,533.2932
2016-11-12 20:00:00,2016-11-12 20:00:00,530.2948
2016-11-12 21:00:00,2016-11-12 21:00:00,498.5208
2016-11-12 22:00:00,2016-11-12 22:00:00,499.5645
2016-11-12 23:00:00,2016-11-12 23:00:00,489.1632
2016-11-13 00:00:00,2016-11-13 00:00:00,489.1902
2016-11-13 01:00:00,2016-11-13 01:00:00,483.637
2016-11-13 02:00:00,2016-11-13 02:00:00,484.8042
2016-11-13 03:00:00,2016-11-13 03:00:00,489.8405
2016-11-13 04:00:00,2016-11-13 04:00:00,484.0455
2016-11-13 05:00:00,2016-11-13 05:00:00,483.619
2016-11-13 06:00:00,2016-11-13 06:00:00,492.114
2016-11-13 07:00:00,2016-11-13 07:00:00,495.2303
2016-11-13 08:00:00,2016-11-13 08:00:00,501.5337
2016-11-13 09:00:00,2016-11-13 09:00:00,516.6752
2016-11-13 10:00:00,2016-11-13 10:00:00,542.8925
2016-11-13 11:00:00,2016-11-13 11:00:00,573.3452
2016-11-13 12:00:00,2016-11-13 12:00:00,586.8522
2016-11-13 13:00:00,2016-11-13 13:00:00,596.146
2016-11-13 14:00:00,2016-11-13 14:00:00,595.8968
2016-11-13 15:00:00,2016-11-13 15:00:00,601.4988
2016-11-13 16:00:00,2016-11-13 16:00:00,583.3655
2016-11-13 17:00:00,2016-11-13 17:00:00,568.128
2016-11-13 18:00:00,2016-11-13 18:00:00,535.2042
2016-11-13 19:00:00,2016-11-13 19:00:00,512.8398
2016-11-13 20:00:00,2016-11-13 20:00:00,503.624
2016-11-13 21:00:00,2016-11-13 21:00:00,493.9405
2016-11-13 22:00:00,2016-11-13 22:00:00,497.9462
2016-11-13 23:00:00,2016-11-13 23:00:00,486.9808
2016-11-14 00:00:00,2016-11-14 00:00:00,485.352
2016-11-14 01:00:00,2016-11-14 01:00:00,476.1335
2016-11-14 02:00:00,2016-11-14 02:00:00,475.5535
2016-11-14 03:00:00,2016-11-14 03:00:00,473.7122
2016-11-14 04:00:00,2016-11-14 04:00:00,474.0538
2016-11-14 05:00:00,2016-11-14 05:00:00,472.2972
2016-11-14 06:00:00,2016-11-14 06:00:00,491.4235
2016-11-14 07:00:00,2016-11-14 07:00:00,495.5772
2016-11-14 08:00:00,2016-11-14 08:00:00,513.1448
2016-11-14 09:00:00,2016-11-14 09:00:00,534.839
2016-11-14 10:00:00,2016-11-14 10:00:00,541.677
2016-11-14 11:00:00,2016-11-14 11:00:00,579.796
2016-11-14 12:00:00,2016-11-14 12:00:00,605.1708
2016-11-14 13:00:00,2016-11-14 13:00:00,613.187
2016-11-14 14:00:00,2016-11-14 14:00:00,607.7137
2016-11-14 15:00:00,2016-11-14 15:00:00,597.9498
2016-11-14 16:00:00,2016-11-14 16:00:00,585.7142
2016-11-14 17:00:00,2016-11-14 17:00:00,564.5352
2016-11-14 18:00:00,2016-11-14 18:00:00,540.2502
2016-11-14 19:00:00,2016-11-14 19:00:00,510.3652
2016-11-14 20:00:00,2016-11-14 20:00:00,505.347
2016-11-14 21:00:00,2016-11-14 21:00:00,492.0685
2016-11-14 22:00:00,2016-11-14 22:00:00,497.2405
2016-11-14 23:00:00,2016-11-14 23:00:00,495.2368
2016-11-15 00:00:00,2016-11-15 00:00:00,483.9315
2016-11-15 01:00:00,2016-11-15 01:00:00,481.2643
2016-11-15 02:00:00,2016-11-15 02:00:00,474.3778
2016-11-15 03:00:00,2016-11-15 03:00:00,469.5233
2016-11-15 04:00:00,2016-11-15 04:00:00,466.74
2016-11-15 05:00:00,2016-11-15 05:00:00,466.4685
2016-11-15 06:00:00,2016-11-15 06:00:00,485.171
2016-11-15 07:00:00,2016-11-15 07:00:00,495.368
2016-11-15 08:00:00,2016-11-15 08:00:00,515.0607
2016-11-15 09:00:00,2016-11-15 09:00:00,530.3208
2016-11-15 10:00:00,2016-11-15 10:00:00,543.5123
2016-11-15 11:00:00,2016-11-15 11:00:00,582.8177
2016-11-15 12:00:00,2016-11-15 12:00:00,593.8383
2016-11-15 13:00:00,2016-11-15 13:00:00,585.2228
2016-11-15 14:00:00,2016-11-15 14:00:00,587.991
2016-11-15 15:00:00,2016-11-15 15:00:00,576.95
2016-11-15 16:00:00,2016-11-15 16:00:00,543.4783
2016-11-15 17:00:00,2016-11-15 17:00:00,528.4722
2016-11-15 18:00:00,2016-11-15 18:00:00,509.342
2016-11-15 19:00:00,2016-11-15 19:00:00,498.8595
2016-11-15 20:00:00,2016-11-15 20:00:00,491.9188
2016-11-15 21:00:00,2016-11-15 21:00:00,484.131
2016-11-15 22:00:00,2016-11-15 22:00:00,482.8953
2016-11-15 23:00:00,2016-11-15 23:00:00,480.766
2016-11-16 00:00:00,2016-11-16 00:00:00,468.4802
2016-11-16 01:00:00,2016-11-16 01:00:00,468.2693
2016-11-16 02:00:00,2016-11-16 02:00:00,469.7413
2016-11-16 03:00:00,2016-11-16 03:00:00,467.4727
2016-11-16 04:00:00,2016-11-16 04:00:00,465.6398
2016-11-16 05:00:00,2016-11-16 05:00:00,463.1618
2016-11-16 06:00:00,2016-11-16 06:00:00,479.8358
2016-11-16 07:00:00,2016-11-16 07:00:00,484.7605
2016-11-16 08:00:00,2016-11-16 08:00:00,497.4218
2016-11-16 09:00:00,2016-11-16 09:00:00,510.6835
2016-11-16 10:00:00,2016-11-16 10:00:00,530.5112
2016-11-16 11:00:00,2016-11-16 11:00:00,545.1583
2016-11-16 12:00:00,2016-11-16 12:00:00,542.8675
2016-11-16 13:00:00,2016-11-16 13:00:00,538.037
2016-11-16 14:00:00,2016-11-16 14:00:00,548.0158
2016-11-16 15:00:00,2016-11-16 15:00:00,542.7365
2016-11-16 16:00:00,2016-11-16 16:00:00,530.9825
2016-11-16 17:00:00,2016-11-16 17:00:00,520.5305
2016-11-16 18:00:00,2016-11-16 18:00:00,493.5932
2016-11-16 19:00:00,2016-11-16 19:00:00,475.4925
2016-11-16 20:00:00,2016-11-16 20:00:00,469.4425
2016-11-16 21:00:00,2016-11-16 21:00:00,470.571
2016-11-16 22:00:00,2016-11-16 22:00:00,472.4312
2016-11-16 23:00:00,2016-11-16 23:00:00,467.0355
2016-11-17 00:00:00,2016-11-17 00:00:00,465.933
2016-11-17 01:00:00,2016-11-17 01:00:00,464.469
2016-11-17 02:00:00,2016-11-17 02:00:00,461.8088
2016-11-17 03:00:00,2016-11-17 03:00:00,458.24
2016-11-17 04:00:00,2016-11-17 04:00:00,459.2673
2016-11-17 05:00:00,2016-11-17 05:00:00,460.3005
2016-11-17 06:00:00,2016-11-17 06:00:00,476.945
2016-11-17 07:00:00,2016-11-17 07:00:00,481.1835
2016-11-17 08:00:00,2016-11-17 08:00:00,488.835
2016-11-17 09:00:00,2016-11-17 09:00:00,496.0392
2016-11-17 10:00:00,2016-11-17 10:00:00,508.648
2016-11-17 11:00:00,2016-11-17 11:00:00,517.8547
2016-11-17 12:00:00,2016-11-17 12:00:00,523.148
2016-11-17 13:00:00,2016-11-17 13:00:00,525.489
2016-11-17 14:00:00,2016-11-17 14:00:00,531.7698
2016-11-17 15:00:00,2016-11-17 15:00:00,530.034
2016-11-17 16:00:00,2016-11-17 16:00:00,523.0977
2016-11-17 17:00:00,2016-11-17 17:00:00,517.1227
2016-11-17 18:00:00,2016-11-17 18:00:00,491.265
2016-11-17 19:00:00,2016-11-17 19:00:00,478.5388
2016-11-17 20:00:00,2016-11-17 20:00:00,471.0428
2016-11-17 21:00:00,2016-11-17 21:00:00,472.6987
2016-11-17 22:00:00,2016-11-17 22:00:00,472.9097
2016-11-17 23:00:00,2016-11-17 23:00:00,469.0068
2016-11-18 00:00:00,2016-11-18 00:00:00,463.1725
2016-11-18 01:00:00,2016-11-18 01:00:00,459.8938
2016-11-18 02:00:00,2016-11-18 02:00:00,461.3348
2016-11-18 03:00:00,2016-11-18 03:00:00,463.5695
2016-11-18 04:00:00,2016-11-18 04:00:00,461.173
2016-11-18 05:00:00,2016-11-18 05:00:00,461.0102
2016-11-18 06:00:00,2016-11-18 06:00:00,480.029
2016-11-18 07:00:00,2016-11-18 07:00:00,477.959
2016-11-18 08:00:00,2016-11-18 08:00:00,491.257
2016-11-18 09:00:00,2016-11-18 09:00:00,509.0095
2016-11-18 10:00:00,2016-11-18 10:00:00,532.3225
2016-11-18 11:00:00,2016-11-18 11:00:00,540.5298
2016-11-18 12:00:00,2016-11-18 12:00:00,537.8268
2016-11-18 13:00:00,2016-11-18 13:00:00,554.8265
2016-11-18 14:00:00,2016-11-18 14:00:00,541.7372
2016-11-18 15:00:00,2016-11-18 15:00:00,539.3883
2016-11-18 16:00:00,2016-11-18 16:00:00,531.6728
2016-11-18 17:00:00,2016-11-18 17:00:00,524.3118
2016-11-18 18:00:00,2016-11-18 18:00:00,496.1153
2016-11-18 19:00:00,2016-11-18 19:00:00,488.8092
2016-11-18 20:00:00,2016-11-18 20:00:00,489.1868
2016-11-18 21:00:00,2016-11-18 21:00:00,489.1132
2016-11-18 22:00:00,2016-11-18 22:00:00,482.6755
2016-11-18 23:00:00,2016-11-18 23:00:00,480.5042
2016-11-19 00:00:00,2016-11-19 00:00:00,477.0512
2016-11-19 01:00:00,2016-11-19 01:00:00,477.594
2016-11-19 02:00:00,2016-11-19 02:00:00,475.7482
2016-11-19 03:00:00,2016-11-19 03:00:00,475.9803
2016-11-19 04:00:00,2016-11-19 04:00:00,477.599
2016-11-19 05:00:00,2016-11-19 05:00:00,475.7865
2016-11-19 06:00:00,2016-11-19 06:00:00,491.8528
2016-11-19 07:00:00,2016-11-19 07:00:00,494.3817
2016-11-19 08:00:00,2016-11-19 08:00:00,489.0548
2016-11-19 09:00:00,2016-11-19 09:00:00,477.7742
2016-11-19 10:00:00,2016-11-19 10:00:00,473.1698
2016-11-19 11:00:00,2016-11-19 11:00:00,474.4707
2016-11-19 12:00:00,2016-11-19 12:00:00,475.7975
2016-11-19 13:00:00,2016-11-19 13:00:00,481.893
2016-11-19 14:00:00,2016-11-19 14:00:00,481.4577
2016-11-19 15:00:00,2016-11-19 15:00:00,484.93
2016-11-19 16:00:00,2016-11-19 16:00:00,488.8445
2016-11-19 17:00:00,2016-11-19 17:00:00,493.063
2016-11-19 18:00:00,2016-11-19 18:00:00,479.3832
2016-11-19 19:00:00,2016-11-19 19:00:00,481.617
2016-11-19 20:00:00,2016-11-19 20:00:00,483.2667
2016-11-19 21:00:00,2016-11-19 21:00:00,482.0087
2016-11-19 22:00:00,2016-11-19 22:00:00,481.7828
2016-11-19 23:00:00,2016-11-19 23:00:00,479.2043
2016-11-20 00:00:00,2016-11-20 00:00:00,476.3957
2016-11-20 01:00:00,2016-11-20 01:00:00,473.319
2016-11-20 02:00:00,2016-11-20 02:00:00,473.641
2016-11-20 03:00:00,2016-11-20 03:00:00,474.2012
2016-11-20 04:00:00,2016-11-20 04:00:00,467.4765
2016-11-20 05:00:00,2016-11-20 05:00:00,467.7132
2016-11-20 06:00:00,2016-11-20 06:00:00,481.5363
2016-11-20 07:00:00,2016-11-20 07:00:00,481.6903
2016-11-20 08:00:00,2016-11-20 08:00:00,488.9902
2016-11-20 09:00:00,2016-11-20 09:00:00,491.4067
2016-11-20 10:00:00,2016-11-20 10:00:00,497.1398
2016-11-20 11:00:00,2016-11-20 11:00:00,497.4342
2016-11-20 12:00:00,2016-11-20 12:00:00,497.4842
2016-11-20 13:00:00,2016-11-20 13:00:00,505.5458
2016-11-20 14:00:00,2016-11-20 14:00:00,506.5225
2016-11-20 15:00:00,2016-11-20 15:00:00,503.9042
2016-11-20 16:00:00,2016-11-20 16:00:00,504.551
2016-11-20 17:00:00,2016-11-20 17:00:00,496.396
2016-11-20 18:00:00,2016-11-20 18:00:00,482.7812
2016-11-20 19:00:00,2016-11-20 19:00:00,472.046
2016-11-20 20:00:00,2016-11-20 20:00:00,474.1598
2016-11-20 21:00:00,2016-11-20 21:00:00,465.8592
2016-11-20 22:00:00,2016-11-20 22:00:00,463.9722
2016-11-20 23:00:00,2016-11-20 23:00:00,458.7795
2016-11-21 00:00:00,2016-11-21 00:00:00,454.92
2016-11-21 01:00:00,2016-11-21 01:00:00,455.7695
2016-11-21 02:00:00,2016-11-21 02:00:00,456.022
2016-11-21 03:00:00,2016-11-21 03:00:00,456.8032
2016-11-21 04:00:00,2016-11-21 04:00:00,456.5627
2016-11-21 05:00:00,2016-11-21 05:00:00,455.7863
2016-11-21 06:00:00,2016-11-21 06:00:00,473.638
2016-11-21 07:00:00,2016-11-21 07:00:00,480.6017
2016-11-21 08:00:00,2016-11-21 08:00:00,490.7805
2016-11-21 09:00:00,2016-11-21 09:00:00,496.3487
2016-11-21 10:00:00,2016-11-21 10:00:00,507.4102
2016-11-21 11:00:00,2016-11-21 11:00:00,519.2283
2016-11-21 12:00:00,2016-11-21 12:00:00,519.559
2016-11-21 13:00:00,2016-11-21 13:00:00,521.6683
2016-11-21 14:00:00,2016-11-21 14:00:00,524.676
2016-11-21 15:00:00,2016-11-21 15:00:00,517.9245
2016-11-21 16:00:00,2016-11-21 16:00:00,515.1777
2016-11-21 17:00:00,2016-11-21 17:00:00,509.4485
2016-11-21 18:00:00,2016-11-21 18:00:00,478.163
2016-11-21 19:00:00,2016-11-21 19:00:00,471.3267
2016-11-21 20:00:00,2016-11-21 20:00:00,464.8905
2016-11-21 21:00:00,2016-11-21 21:00:00,461.2533
2016-11-21 22:00:00,2016-11-21 22:00:00,462.4605
2016-11-21 23:00:00,2016-11-21 23:00:00,462.683
2016-11-22 00:00:00,2016-11-22 00:00:00,458.3677
2016-11-22 01:00:00,2016-11-22 01:00:00,456.9175
2016-11-22 02:00:00,2016-11-22 02:00:00,453.6733
2016-11-22 03:00:00,2016-11-22 03:00:00,456.318
2016-11-22 04:00:00,2016-11-22 04:00:00,459.7332
2016-11-22 05:00:00,2016-11-22 05:00:00,460.915
2016-11-22 06:00:00,2016-11-22 06:00:00,475.089
2016-11-22 07:00:00,2016-11-22 07:00:00,478.0655
2016-11-22 08:00:00,2016-11-22 08:00:00,488.5837
2016-11-22 09:00:00,2016-11-22 09:00:00,497.2972
2016-11-22 10:00:00,2016-11-22 10:00:00,504.296
2016-11-22 11:00:00,2016-11-22 11:00:00,516.8642
2016-11-22 12:00:00,2016-11-22 12:00:00,517.1217
2016-11-22 13:00:00,2016-11-22 13:00:00,515.75
2016-11-22 14:00:00,2016-11-22 14:00:00,517.1955
2016-11-22 15:00:00,2016-11-22 15:00:00,515.9408
2016-11-22 16:00:00,2016-11-22 16:00:00,514.725
2016-11-22 17:00:00,2016-11-22 17:00:00,508.0832
2016-11-22 18:00:00,2016-11-22 18:00:00,483.8173
2016-11-22 19:00:00,2016-11-22 19:00:00,473.4632
2016-11-22 20:00:00,2016-11-22 20:00:00,473.608
2016-11-22 21:00:00,2016-11-22 21:00:00,476.6847
2016-11-22 22:00:00,2016-11-22 22:00:00,472.7438
2016-11-22 23:00:00,2016-11-22 23:00:00,470.365
2016-11-23 00:00:00,2016-11-23 00:00:00,463.0237
2016-11-23 01:00:00,2016-11-23 01:00:00,465.0155
2016-11-23 02:00:00,2016-11-23 02:00:00,462.6288
2016-11-23 03:00:00,2016-11-23 03:00:00,464.207
2016-11-23 04:00:00,2016-11-23 04:00:00,465.5147
2016-11-23 05:00:00,2016-11-23 05:00:00,463.5492
2016-11-23 06:00:00,2016-11-23 06:00:00,479.5165
2016-11-23 07:00:00,2016-11-23 07:00:00,478.514
2016-11-23 08:00:00,2016-11-23 08:00:00,483.6908
2016-11-23 09:00:00,2016-11-23 09:00:00,491.1033
2016-11-23 10:00:00,2016-11-23 10:00:00,505.965
2016-11-23 11:00:00,2016-11-23 11:00:00,511.6855
2016-11-23 12:00:00,2016-11-23 12:00:00,513.0732
2016-11-23 13:00:00,2016-11-23 13:00:00,503.5195
2016-11-23 14:00:00,2016-11-23 14:00:00,509.6773
2016-11-23 15:00:00,2016-11-23 15:00:00,505.4462
2016-11-23 16:00:00,2016-11-23 16:00:00,499.6738
2016-11-23 17:00:00,2016-11-23 17:00:00,495.025
2016-11-23 18:00:00,2016-11-23 18:00:00,472.5762
2016-11-23 19:00:00,2016-11-23 19:00:00,468.7788
2016-11-23 20:00:00,2016-11-23 20:00:00,465.7752
2016-11-23 21:00:00,2016-11-23 21:00:00,465.8845
2016-11-23 22:00:00,2016-11-23 22:00:00,467.4825
2016-11-23 23:00:00,2016-11-23 23:00:00,459.4568
2016-11-24 00:00:00,2016-11-24 00:00:00,456.7402
2016-11-24 01:00:00,2016-11-24 01:00:00,458.7578
2016-11-24 02:00:00,2016-11-24 02:00:00,459.3855
2016-11-24 03:00:00,2016-11-24 03:00:00,458.854
2016-11-24 04:00:00,2016-11-24 04:00:00,458.418
2016-11-24 05:00:00,2016-11-24 05:00:00,456.0985
2016-11-24 06:00:00,2016-11-24 06:00:00,471.5228
2016-11-24 07:00:00,2016-11-24 07:00:00,475.8008
2016-11-24 08:00:00,2016-11-24 08:00:00,472.9595
2016-11-24 09:00:00,2016-11-24 09:00:00,475.2535
2016-11-24 10:00:00,2016-11-24 10:00:00,472.2217
2016-11-24 11:00:00,2016-11-24 11:00:00,485.346
2016-11-24 12:00:00,2016-11-24 12:00:00,492.4695
2016-11-24 13:00:00,2016-11-24 13:00:00,490.534
2016-11-24 14:00:00,2016-11-24 14:00:00,493.4403
2016-11-24 15:00:00,2016-11-24 15:00:00,491.888
2016-11-24 16:00:00,2016-11-24 16:00:00,490.0895
2016-11-24 17:00:00,2016-11-24 17:00:00,481.9288
2016-11-24 18:00:00,2016-11-24 18:00:00,466.7738
2016-11-24 19:00:00,2016-11-24 19:00:00,463.606
2016-11-24 20:00:00,2016-11-24 20:00:00,466.807
2016-11-24 21:00:00,2016-11-24 21:00:00,463.2238
2016-11-24 22:00:00,2016-11-24 22:00:00,463.31
2016-11-24 23:00:00,2016-11-24 23:00:00,464.3352
2016-11-25 00:00:00,2016-11-25 00:00:00,462.1912
2016-11-25 01:00:00,2016-11-25 01:00:00,458.9635
2016-11-25 02:00:00,2016-11-25 02:00:00,459.7972
2016-11-25 03:00:00,2016-11-25 03:00:00,457.5438
2016-11-25 04:00:00,2016-11-25 04:00:00,457.7293
2016-11-25 05:00:00,2016-11-25 05:00:00,457.4933
2016-11-25 06:00:00,2016-11-25 06:00:00,472.9077
2016-11-25 07:00:00,2016-11-25 07:00:00,477.3262
2016-11-25 08:00:00,2016-11-25 08:00:00,475.7563
2016-11-25 09:00:00,2016-11-25 09:00:00,476.3727
2016-11-25 10:00:00,2016-11-25 10:00:00,477.2937
2016-11-25 11:00:00,2016-11-25 11:00:00,481.1658
2016-11-25 12:00:00,2016-11-25 12:00:00,483.7478
2016-11-25 13:00:00,2016-11-25 13:00:00,485.3352
2016-11-25 14:00:00,2016-11-25 14:00:00,488.4985
2016-11-25 15:00:00,2016-11-25 15:00:00,491.6145
2016-11-25 16:00:00,2016-11-25 16:00:00,491.2748
2016-11-25 17:00:00,2016-11-25 17:00:00,481.6195
2016-11-25 18:00:00,2016-11-25 18:00:00,465.7935
2016-11-25 19:00:00,2016-11-25 19:00:00,464.3195
2016-11-25 20:00:00,2016-11-25 20:00:00,469.4937
2016-11-25 21:00:00,2016-11-25 21:00:00,469.1083
2016-11-25 22:00:00,2016-11-25 22:00:00,466.0342
2016-11-25 23:00:00,2016-11-25 23:00:00,463.2114
2016-11-26 00:00:00,2016-11-26 00:00:00,461.4138
2016-11-26 01:00:00,2016-11-26 01:00:00,458.6805
2016-11-26 02:00:00,2016-11-26 02:00:00,460.1542
2016-11-26 03:00:00,2016-11-26 03:00:00,459.866
2016-11-26 04:00:00,2016-11-26 04:00:00,457.6468
2016-11-26 05:00:00,2016-11-26 05:00:00,455.7543
2016-11-26 06:00:00,2016-11-26 06:00:00,467.8778
2016-11-26 07:00:00,2016-11-26 07:00:00,469.6427
2016-11-26 08:00:00,2016-11-26 08:00:00,469.3535
2016-11-26 09:00:00,2016-11-26 09:00:00,472.1583
2016-11-26 10:00:00,2016-11-26 10:00:00,473.7627
2016-11-26 11:00:00,2016-11-26 11:00:00,475.3215
2016-11-26 12:00:00,2016-11-26 12:00:00,475.3303
2016-11-26 13:00:00,2016-11-26 13:00:00,473.421
2016-11-26 14:00:00,2016-11-26 14:00:00,476.1968
2016-11-26 15:00:00,2016-11-26 15:00:00,476.4937
2016-11-26 16:00:00,2016-11-26 16:00:00,475.4938
2016-11-26 17:00:00,2016-11-26 17:00:00,473.3675
2016-11-26 18:00:00,2016-11-26 18:00:00,461.761
2016-11-26 19:00:00,2016-11-26 19:00:00,456.9943
2016-11-26 20:00:00,2016-11-26 20:00:00,458.6725
2016-11-26 21:00:00,2016-11-26 21:00:00,461.2398
2016-11-26 22:00:00,2016-11-26 22:00:00,459.7052
2016-11-26 23:00:00,2016-11-26 23:00:00,457.9095
2016-11-27 00:00:00,2016-11-27 00:00:00,454.8605
2016-11-27 01:00:00,2016-11-27 01:00:00,454.9925
2016-11-27 02:00:00,2016-11-27 02:00:00,455.1015
2016-11-27 03:00:00,2016-11-27 03:00:00,457.3608
2016-11-27 04:00:00,2016-11-27 04:00:00,458.9188
2016-11-27 05:00:00,2016-11-27 05:00:00,456.4682
2016-11-27 06:00:00,2016-11-27 06:00:00,472.4237
2016-11-27 07:00:00,2016-11-27 07:00:00,473.8682
2016-11-27 08:00:00,2016-11-27 08:00:00,475.9585
2016-11-27 09:00:00,2016-11-27 09:00:00,474.6028
2016-11-27 10:00:00,2016-11-27 10:00:00,470.6657
2016-11-27 11:00:00,2016-11-27 11:00:00,483.367
2016-11-27 12:00:00,2016-11-27 12:00:00,486.5517
2016-11-27 13:00:00,2016-11-27 13:00:00,485.5365
2016-11-27 14:00:00,2016-11-27 14:00:00,482.974
2016-11-27 15:00:00,2016-11-27 15:00:00,484.8337
2016-11-27 16:00:00,2016-11-27 16:00:00,480.3275
2016-11-27 17:00:00,2016-11-27 17:00:00,477.8085
2016-11-27 18:00:00,2016-11-27 18:00:00,465.3048
2016-11-27 19:00:00,2016-11-27 19:00:00,460.7735
2016-11-27 20:00:00,2016-11-27 20:00:00,463.7835
2016-11-27 21:00:00,2016-11-27 21:00:00,461.656
2016-11-27 22:00:00,2016-11-27 22:00:00,457.8478
2016-11-27 23:00:00,2016-11-27 23:00:00,453.52
2016-11-28 00:00:00,2016-11-28 00:00:00,451.3132
2016-11-28 01:00:00,2016-11-28 01:00:00,450.073
2016-11-28 02:00:00,2016-11-28 02:00:00,448.9298
2016-11-28 03:00:00,2016-11-28 03:00:00,449.7985
2016-11-28 04:00:00,2016-11-28 04:00:00,449.55
2016-11-28 05:00:00,2016-11-28 05:00:00,450.809
2016-11-28 06:00:00,2016-11-28 06:00:00,464.375
2016-11-28 07:00:00,2016-11-28 07:00:00,467.2595
2016-11-28 08:00:00,2016-11-28 08:00:00,484.1305
2016-11-28 09:00:00,2016-11-28 09:00:00,493.542
2016-11-28 10:00:00,2016-11-28 10:00:00,500.8577
2016-11-28 11:00:00,2016-11-28 11:00:00,509.8167
2016-11-28 12:00:00,2016-11-28 12:00:00,512.5285
2016-11-28 13:00:00,2016-11-28 13:00:00,512.0097
2016-11-28 14:00:00,2016-11-28 14:00:00,515.1763
2016-11-28 15:00:00,2016-11-28 15:00:00,509.9405
2016-11-28 16:00:00,2016-11-28 16:00:00,510.3245
2016-11-28 17:00:00,2016-11-28 17:00:00,500.7555
2016-11-28 18:00:00,2016-11-28 18:00:00,477.905
2016-11-28 19:00:00,2016-11-28 19:00:00,470.3848
2016-11-28 20:00:00,2016-11-28 20:00:00,467.8092
2016-11-28 21:00:00,2016-11-28 21:00:00,467.7082
2016-11-28 22:00:00,2016-11-28 22:00:00,468.4215
2016-11-28 23:00:00,2016-11-28 23:00:00,462.5198
2016-11-29 00:00:00,2016-11-29 00:00:00,455.105
2016-11-29 01:00:00,2016-11-29 01:00:00,456.6648
2016-11-29 02:00:00,2016-11-29 02:00:00,455.3125
2016-11-29 03:00:00,2016-11-29 03:00:00,451.828
2016-11-29 04:00:00,2016-11-29 04:00:00,452.382
2016-11-29 05:00:00,2016-11-29 05:00:00,454.1435
2016-11-29 06:00:00,2016-11-29 06:00:00,470.8553
2016-11-29 07:00:00,2016-11-29 07:00:00,479.2875
2016-11-29 08:00:00,2016-11-29 08:00:00,493.7742
2016-11-29 09:00:00,2016-11-29 09:00:00,503.8622
2016-11-29 10:00:00,2016-11-29 10:00:00,513.1602
2016-11-29 11:00:00,2016-11-29 11:00:00,516.7477
2016-11-29 12:00:00,2016-11-29 12:00:00,513.2475
2016-11-29 13:00:00,2016-11-29 13:00:00,511.501
2016-11-29 14:00:00,2016-11-29 14:00:00,514.9525
2016-11-29 15:00:00,2016-11-29 15:00:00,511.4205
2016-11-29 16:00:00,2016-11-29 16:00:00,503.1245
2016-11-29 17:00:00,2016-11-29 17:00:00,499.7557
2016-11-29 18:00:00,2016-11-29 18:00:00,480.653
2016-11-29 19:00:00,2016-11-29 19:00:00,474.6637
2016-11-29 20:00:00,2016-11-29 20:00:00,472.4678
2016-11-29 21:00:00,2016-11-29 21:00:00,471.3598
2016-11-29 22:00:00,2016-11-29 22:00:00,467.136
2016-11-29 23:00:00,2016-11-29 23:00:00,465.2457
2016-11-30 00:00:00,2016-11-30 00:00:00,459.0425
2016-11-30 01:00:00,2016-11-30 01:00:00,461.1748
2016-11-30 02:00:00,2016-11-30 02:00:00,465.4245
2016-11-30 03:00:00,2016-11-30 03:00:00,462.2977
2016-11-30 04:00:00,2016-11-30 04:00:00,459.5923
2016-11-30 05:00:00,2016-11-30 05:00:00,460.3007
2016-11-30 06:00:00,2016-11-30 06:00:00,474.6413
2016-11-30 07:00:00,2016-11-30 07:00:00,478.5425
2016-11-30 08:00:00,2016-11-30 08:00:00,485.2583
2016-11-30 09:00:00,2016-11-30 09:00:00,495.8018
2016-11-30 10:00:00,2016-11-30 10:00:00,500.603
2016-11-30 11:00:00,2016-11-30 11:00:00,509.3027
2016-11-30 12:00:00,2016-11-30 12:00:00,507.4073
2016-11-30 13:00:00,2016-11-30 13:00:00,515.6027
2016-11-30 14:00:00,2016-11-30 14:00:00,513.6495
2016-11-30 15:00:00,2016-11-30 15:00:00,509.4545
2016-11-30 16:00:00,2016-11-30 16:00:00,513.908
2016-11-30 17:00:00,2016-11-30 17:00:00,504.3785
2016-11-30 18:00:00,2016-11-30 18:00:00,488.977
2016-11-30 19:00:00,2016-11-30 19:00:00,480.1778
2016-11-30 20:00:00,2016-11-30 20:00:00,479.0678
2016-11-30 21:00:00,2016-11-30 21:00:00,473.556
2016-11-30 22:00:00,2016-11-30 22:00:00,470.085
2016-11-30 23:00:00,2016-11-30 23:00:00,470.51
2016-12-01 00:00:00,2016-12-01 00:00:00,467.3603
2016-12-01 01:00:00,2016-12-01 01:00:00,464.7773
2016-12-01 02:00:00,2016-12-01 02:00:00,464.4187
2016-12-01 03:00:00,2016-12-01 03:00:00,464.1223
2016-12-01 04:00:00,2016-12-01 04:00:00,463.5465
2016-12-01 05:00:00,2016-12-01 05:00:00,462.39
2016-12-01 06:00:00,2016-12-01 06:00:00,478.4875
2016-12-01 07:00:00,2016-12-01 07:00:00,486.3938
2016-12-01 08:00:00,2016-12-01 08:00:00,498.3743
2016-12-01 09:00:00,2016-12-01 09:00:00,514.0777
2016-12-01 10:00:00,2016-12-01 10:00:00,517.4876
2016-12-01 11:00:00,2016-12-01 11:00:00,519.7586
2016-12-01 12:00:00,2016-12-01 12:00:00,519.4112
2016-12-01 13:00:00,2016-12-01 13:00:00,520.914
2016-12-01 14:00:00,2016-12-01 14:00:00,516.7792
2016-12-01 15:00:00,2016-12-01 15:00:00,515.0123
2016-12-01 16:00:00,2016-12-01 16:00:00,510.452
2016-12-01 17:00:00,2016-12-01 17:00:00,503.2208
2016-12-01 18:00:00,2016-12-01 18:00:00,483.6585
2016-12-01 19:00:00,2016-12-01 19:00:00,474.118
2016-12-01 20:00:00,2016-12-01 20:00:00,475.963
2016-12-01 21:00:00,2016-12-01 21:00:00,470.187
2016-12-01 22:00:00,2016-12-01 22:00:00,471.7475
2016-12-01 23:00:00,2016-12-01 23:00:00,472.0122
2016-12-02 00:00:00,2016-12-02 00:00:00,470.9155
2016-12-02 01:00:00,2016-12-02 01:00:00,466.5838
2016-12-02 02:00:00,2016-12-02 02:00:00,466.8415
2016-12-02 03:00:00,2016-12-02 03:00:00,465.9258
2016-12-02 04:00:00,2016-12-02 04:00:00,463.5215
2016-12-02 05:00:00,2016-12-02 05:00:00,464.366
2016-12-02 06:00:00,2016-12-02 06:00:00,481.6467
2016-12-02 07:00:00,2016-12-02 07:00:00,484.0095
2016-12-02 08:00:00,2016-12-02 08:00:00,493.9857
2016-12-02 09:00:00,2016-12-02 09:00:00,501.2825
2016-12-02 10:00:00,2016-12-02 10:00:00,511.555
2016-12-02 11:00:00,2016-12-02 11:00:00,526.6592
2016-12-02 12:00:00,2016-12-02 12:00:00,533.1205
2016-12-02 13:00:00,2016-12-02 13:00:00,529.4462
2016-12-02 14:00:00,2016-12-02 14:00:00,531.4635
2016-12-02 15:00:00,2016-12-02 15:00:00,527.246
2016-12-02 16:00:00,2016-12-02 16:00:00,521.6923
2016-12-02 17:00:00,2016-12-02 17:00:00,510.9425
2016-12-02 18:00:00,2016-12-02 18:00:00,475.6993
2016-12-02 19:00:00,2016-12-02 19:00:00,468.982
2016-12-02 20:00:00,2016-12-02 20:00:00,475.865
2016-12-02 21:00:00,2016-12-02 21:00:00,469.66
2016-12-02 22:00:00,2016-12-02 22:00:00,467.0657
2016-12-02 23:00:00,2016-12-02 23:00:00,466.6635
2016-12-03 00:00:00,2016-12-03 00:00:00,462.8455
2016-12-03 01:00:00,2016-12-03 01:00:00,457.912
2016-12-03 02:00:00,2016-12-03 02:00:00,461.529
2016-12-03 03:00:00,2016-12-03 03:00:00,462.6288
2016-12-03 04:00:00,2016-12-03 04:00:00,463.3045
2016-12-03 05:00:00,2016-12-03 05:00:00,459.739
2016-12-03 06:00:00,2016-12-03 06:00:00,472.2715
2016-12-03 07:00:00,2016-12-03 07:00:00,474.0815
2016-12-03 08:00:00,2016-12-03 08:00:00,477.2325
2016-12-03 09:00:00,2016-12-03 09:00:00,476.7032
2016-12-03 10:00:00,2016-12-03 10:00:00,488.5958
2016-12-03 11:00:00,2016-12-03 11:00:00,498.0038
2016-12-03 12:00:00,2016-12-03 12:00:00,503.3328
2016-12-03 13:00:00,2016-12-03 13:00:00,505.5833
2016-12-03 14:00:00,2016-12-03 14:00:00,504.5465
2016-12-03 15:00:00,2016-12-03 15:00:00,501.4885
2016-12-03 16:00:00,2016-12-03 16:00:00,495.909
2016-12-03 17:00:00,2016-12-03 17:00:00,481.152
2016-12-03 18:00:00,2016-12-03 18:00:00,468.6687
2016-12-03 19:00:00,2016-12-03 19:00:00,470.6972
2016-12-03 20:00:00,2016-12-03 20:00:00,467.6118
2016-12-03 21:00:00,2016-12-03 21:00:00,463.0115
2016-12-03 22:00:00,2016-12-03 22:00:00,465.5647
2016-12-03 23:00:00,2016-12-03 23:00:00,466.982
2016-12-04 00:00:00,2016-12-04 00:00:00,461.866
2016-12-04 01:00:00,2016-12-04 01:00:00,464.0395
2016-12-04 02:00:00,2016-12-04 02:00:00,464.429
2016-12-04 03:00:00,2016-12-04 03:00:00,462.1757
2016-12-04 04:00:00,2016-12-04 04:00:00,460.5305
2016-12-04 05:00:00,2016-12-04 05:00:00,463.7568
2016-12-04 06:00:00,2016-12-04 06:00:00,477.1845
2016-12-04 07:00:00,2016-12-04 07:00:00,480.571
2016-12-04 08:00:00,2016-12-04 08:00:00,480.7292
2016-12-04 09:00:00,2016-12-04 09:00:00,475.8053
2016-12-04 10:00:00,2016-12-04 10:00:00,481.8453
2016-12-04 11:00:00,2016-12-04 11:00:00,491.254
2016-12-04 12:00:00,2016-12-04 12:00:00,500.044
2016-12-04 13:00:00,2016-12-04 13:00:00,503.8888
2016-12-04 14:00:00,2016-12-04 14:00:00,497.7023
2016-12-04 15:00:00,2016-12-04 15:00:00,492.0225
2016-12-04 16:00:00,2016-12-04 16:00:00,482.8007
2016-12-04 17:00:00,2016-12-04 17:00:00,481.6345
2016-12-04 18:00:00,2016-12-04 18:00:00,472.8845
2016-12-04 19:00:00,2016-12-04 19:00:00,469.9995
2016-12-04 20:00:00,2016-12-04 20:00:00,465.9402
2016-12-04 21:00:00,2016-12-04 21:00:00,469.2035
2016-12-04 22:00:00,2016-12-04 22:00:00,467.5315
2016-12-04 23:00:00,2016-12-04 23:00:00,461.622
2016-12-05 00:00:00,2016-12-05 00:00:00,459.2762
2016-12-05 01:00:00,2016-12-05 01:00:00,456.8265
2016-12-05 02:00:00,2016-12-05 02:00:00,456.4992
2016-12-05 03:00:00,2016-12-05 03:00:00,461.8648
2016-12-05 04:00:00,2016-12-05 04:00:00,458.5328
2016-12-05 05:00:00,2016-12-05 05:00:00,456.309
2016-12-05 06:00:00,2016-12-05 06:00:00,472.4923
2016-12-05 07:00:00,2016-12-05 07:00:00,481.258
2016-12-05 08:00:00,2016-12-05 08:00:00,490.1543
2016-12-05 09:00:00,2016-12-05 09:00:00,494.3623
2016-12-05 10:00:00,2016-12-05 10:00:00,499.328
2016-12-05 11:00:00,2016-12-05 11:00:00,497.2658
2016-12-05 12:00:00,2016-12-05 12:00:00,497.2705
2016-12-05 13:00:00,2016-12-05 13:00:00,507.6033
2016-12-05 14:00:00,2016-12-05 14:00:00,508.425
2016-12-05 15:00:00,2016-12-05 15:00:00,505.692
2016-12-05 16:00:00,2016-12-05 16:00:00,497.5255
2016-12-05 17:00:00,2016-12-05 17:00:00,495.4295
2016-12-05 18:00:00,2016-12-05 18:00:00,477.472
2016-12-05 19:00:00,2016-12-05 19:00:00,474.839
2016-12-05 20:00:00,2016-12-05 20:00:00,472.4612
2016-12-05 21:00:00,2016-12-05 21:00:00,472.158
2016-12-05 22:00:00,2016-12-05 22:00:00,468.2993
2016-12-05 23:00:00,2016-12-05 23:00:00,468.7072
2016-12-06 00:00:00,2016-12-06 00:00:00,466.6472
2016-12-06 01:00:00,2016-12-06 01:00:00,467.935
2016-12-06 02:00:00,2016-12-06 02:00:00,465.3632
2016-12-06 03:00:00,2016-12-06 03:00:00,466.8265
2016-12-06 04:00:00,2016-12-06 04:00:00,464.9025
2016-12-06 05:00:00,2016-12-06 05:00:00,463.3565
2016-12-06 06:00:00,2016-12-06 06:00:00,484.5917
2016-12-06 07:00:00,2016-12-06 07:00:00,482.7538
2016-12-06 08:00:00,2016-12-06 08:00:00,498.558
2016-12-06 09:00:00,2016-12-06 09:00:00,502.6315
2016-12-06 10:00:00,2016-12-06 10:00:00,511.1792
2016-12-06 11:00:00,2016-12-06 11:00:00,504.288
2016-12-06 12:00:00,2016-12-06 12:00:00,507.2527
2016-12-06 13:00:00,2016-12-06 13:00:00,505.5115
2016-12-06 14:00:00,2016-12-06 14:00:00,507.9072
2016-12-06 15:00:00,2016-12-06 15:00:00,504.9448
2016-12-06 16:00:00,2016-12-06 16:00:00,505.6435
2016-12-06 17:00:00,2016-12-06 17:00:00,506.2745
2016-12-06 18:00:00,2016-12-06 18:00:00,486.0115
2016-12-06 19:00:00,2016-12-06 19:00:00,478.712
2016-12-06 20:00:00,2016-12-06 20:00:00,475.4635
2016-12-06 21:00:00,2016-12-06 21:00:00,477.4315
2016-12-06 22:00:00,2016-12-06 22:00:00,474.3322
2016-12-06 23:00:00,2016-12-06 23:00:00,472.04
2016-12-07 00:00:00,2016-12-07 00:00:00,469.7425
2016-12-07 01:00:00,2016-12-07 01:00:00,471.5262
2016-12-07 02:00:00,2016-12-07 02:00:00,469.1758
2016-12-07 03:00:00,2016-12-07 03:00:00,468.6623
2016-12-07 04:00:00,2016-12-07 04:00:00,467.7705
2016-12-07 05:00:00,2016-12-07 05:00:00,465.9855
2016-12-07 06:00:00,2016-12-07 06:00:00,481.432
2016-12-07 07:00:00,2016-12-07 07:00:00,484.013
2016-12-07 08:00:00,2016-12-07 08:00:00,492.1398
2016-12-07 09:00:00,2016-12-07 09:00:00,514.4018
2016-12-07 10:00:00,2016-12-07 10:00:00,573.2625
2016-12-07 11:00:00,2016-12-07 11:00:00,595.788
2016-12-07 12:00:00,2016-12-07 12:00:00,518.1422
2016-12-07 13:00:00,2016-12-07 13:00:00,511.9788
2016-12-07 14:00:00,2016-12-07 14:00:00,509.4652
2016-12-07 15:00:00,2016-12-07 15:00:00,510.2878
2016-12-07 16:00:00,2016-12-07 16:00:00,509.0578
2016-12-07 17:00:00,2016-12-07 17:00:00,508.8197
2016-12-07 18:00:00,2016-12-07 18:00:00,487.68
2016-12-07 19:00:00,2016-12-07 19:00:00,479.0067
2016-12-07 20:00:00,2016-12-07 20:00:00,475.5822
2016-12-07 21:00:00,2016-12-07 21:00:00,471.113
2016-12-07 22:00:00,2016-12-07 22:00:00,471.036
2016-12-07 23:00:00,2016-12-07 23:00:00,473.8865
2016-12-08 00:00:00,2016-12-08 00:00:00,471.3922
2016-12-08 01:00:00,2016-12-08 01:00:00,470.9927
2016-12-08 02:00:00,2016-12-08 02:00:00,469.904
2016-12-08 03:00:00,2016-12-08 03:00:00,468.6201
2016-12-08 04:00:00,2016-12-08 04:00:00,468.8775
2016-12-08 05:00:00,2016-12-08 05:00:00,467.9438
2016-12-08 06:00:00,2016-12-08 06:00:00,484.3527
2016-12-08 07:00:00,2016-12-08 07:00:00,487.7665
2016-12-08 08:00:00,2016-12-08 08:00:00,496.1798
2016-12-08 09:00:00,2016-12-08 09:00:00,504.129
2016-12-08 10:00:00,2016-12-08 10:00:00,512.0085
2016-12-08 11:00:00,2016-12-08 11:00:00,517.7652
2016-12-08 12:00:00,2016-12-08 12:00:00,526.337
2016-12-08 13:00:00,2016-12-08 13:00:00,536.616
2016-12-08 14:00:00,2016-12-08 14:00:00,544.8258
2016-12-08 15:00:00,2016-12-08 15:00:00,545.7252
2016-12-08 16:00:00,2016-12-08 16:00:00,557.6218
2016-12-08 17:00:00,2016-12-08 17:00:00,574.68
2016-12-08 18:00:00,2016-12-08 18:00:00,533.1376
2016-12-08 19:00:00,2016-12-08 19:00:00,512.3375
2016-12-08 20:00:00,2016-12-08 20:00:00,507.8285
2016-12-08 21:00:00,2016-12-08 21:00:00,504.149
2016-12-08 22:00:00,2016-12-08 22:00:00,499.3285
2016-12-08 23:00:00,2016-12-08 23:00:00,494.767
2016-12-09 00:00:00,2016-12-09 00:00:00,492.8255
2016-12-09 01:00:00,2016-12-09 01:00:00,489.6505
2016-12-09 02:00:00,2016-12-09 02:00:00,489.0632
2016-12-09 03:00:00,2016-12-09 03:00:00,489.0075
2016-12-09 04:00:00,2016-12-09 04:00:00,488.0453
2016-12-09 05:00:00,2016-12-09 05:00:00,486.768
2016-12-09 06:00:00,2016-12-09 06:00:00,502.1082
2016-12-09 07:00:00,2016-12-09 07:00:00,507.6025
2016-12-09 08:00:00,2016-12-09 08:00:00,512.9405
2016-12-09 09:00:00,2016-12-09 09:00:00,527.272
2016-12-09 10:00:00,2016-12-09 10:00:00,535.2222
2016-12-09 11:00:00,2016-12-09 11:00:00,576.4445
2016-12-09 12:00:00,2016-12-09 12:00:00,568.3003
2016-12-09 13:00:00,2016-12-09 13:00:00,559.6943
2016-12-09 14:00:00,2016-12-09 14:00:00,533.3768
2016-12-09 15:00:00,2016-12-09 15:00:00,566.202
2016-12-09 16:00:00,2016-12-09 16:00:00,564.2465
2016-12-09 17:00:00,2016-12-09 17:00:00,526.301
2016-12-09 18:00:00,2016-12-09 18:00:00,511.111
2016-12-09 19:00:00,2016-12-09 19:00:00,537.6238
2016-12-09 20:00:00,2016-12-09 20:00:00,506.2407
2016-12-09 21:00:00,2016-12-09 21:00:00,515.727
2016-12-09 22:00:00,2016-12-09 22:00:00,538.633
2016-12-09 23:00:00,2016-12-09 23:00:00,515.894
2016-12-10 00:00:00,2016-12-10 00:00:00,538.0792
2016-12-10 01:00:00,2016-12-10 01:00:00,542.833
2016-12-10 02:00:00,2016-12-10 02:00:00,544.6332
2016-12-10 03:00:00,2016-12-10 03:00:00,540.8137
2016-12-10 04:00:00,2016-12-10 04:00:00,535.7467
2016-12-10 05:00:00,2016-12-10 05:00:00,536.1752
2016-12-10 06:00:00,2016-12-10 06:00:00,549.9805
2016-12-10 07:00:00,2016-12-10 07:00:00,549.1338
2016-12-10 08:00:00,2016-12-10 08:00:00,550.3877
2016-12-10 09:00:00,2016-12-10 09:00:00,555.672
2016-12-10 10:00:00,2016-12-10 10:00:00,557.3198
2016-12-10 11:00:00,2016-12-10 11:00:00,560.355
2016-12-10 12:00:00,2016-12-10 12:00:00,557.2562
2016-12-10 13:00:00,2016-12-10 13:00:00,559.4645
2016-12-10 14:00:00,2016-12-10 14:00:00,562.1372
2016-12-10 15:00:00,2016-12-10 15:00:00,553.2963
2016-12-10 16:00:00,2016-12-10 16:00:00,548.4455
2016-12-10 17:00:00,2016-12-10 17:00:00,544.7118
2016-12-10 18:00:00,2016-12-10 18:00:00,494.5995
2016-12-10 19:00:00,2016-12-10 19:00:00,474.2772
2016-12-10 20:00:00,2016-12-10 20:00:00,470.9476
2016-12-10 21:00:00,2016-12-10 21:00:00,466.8622
2016-12-10 22:00:00,2016-12-10 22:00:00,467.4737
2016-12-10 23:00:00,2016-12-10 23:00:00,466.3995
2016-12-11 00:00:00,2016-12-11 00:00:00,465.292
2016-12-11 01:00:00,2016-12-11 01:00:00,467.412
2016-12-11 02:00:00,2016-12-11 02:00:00,466.4038
2016-12-11 03:00:00,2016-12-11 03:00:00,467.521
2016-12-11 04:00:00,2016-12-11 04:00:00,466.7815
2016-12-11 05:00:00,2016-12-11 05:00:00,361.307
2016-12-11 06:00:00,2016-12-11 06:00:00,478.216
2016-12-11 07:00:00,2016-12-11 07:00:00,482.8608
2016-12-11 08:00:00,2016-12-11 08:00:00,481.7018
2016-12-11 09:00:00,2016-12-11 09:00:00,480.2835
2016-12-11 10:00:00,2016-12-11 10:00:00,473.4268
2016-12-11 11:00:00,2016-12-11 11:00:00,476.6282
2016-12-11 12:00:00,2016-12-11 12:00:00,479.463
2016-12-11 13:00:00,2016-12-11 13:00:00,478.988
2016-12-11 14:00:00,2016-12-11 14:00:00,481.4675
2016-12-11 15:00:00,2016-12-11 15:00:00,485.9565
2016-12-11 16:00:00,2016-12-11 16:00:00,487.4533
2016-12-11 17:00:00,2016-12-11 17:00:00,488.27
2016-12-11 18:00:00,2016-12-11 18:00:00,476.8048
2016-12-11 19:00:00,2016-12-11 19:00:00,471.991
2016-12-11 20:00:00,2016-12-11 20:00:00,473.641
2016-12-11 21:00:00,2016-12-11 21:00:00,471.794
2016-12-11 22:00:00,2016-12-11 22:00:00,468.054
2016-12-11 23:00:00,2016-12-11 23:00:00,467.244
2016-12-12 00:00:00,2016-12-12 00:00:00,464.5442
2016-12-12 01:00:00,2016-12-12 01:00:00,462.846
2016-12-12 02:00:00,2016-12-12 02:00:00,462.6205
2016-12-12 03:00:00,2016-12-12 03:00:00,459.6223
2016-12-12 04:00:00,2016-12-12 04:00:00,460.2015
2016-12-12 05:00:00,2016-12-12 05:00:00,459.4115
2016-12-12 06:00:00,2016-12-12 06:00:00,472.8455
2016-12-12 07:00:00,2016-12-12 07:00:00,480.5408
2016-12-12 08:00:00,2016-12-12 08:00:00,489.751
2016-12-12 09:00:00,2016-12-12 09:00:00,500.9105
2016-12-12 10:00:00,2016-12-12 10:00:00,508.334
2016-12-12 11:00:00,2016-12-12 11:00:00,508.764
2016-12-12 12:00:00,2016-12-12 12:00:00,508.5015
2016-12-12 13:00:00,2016-12-12 13:00:00,505.2638
2016-12-12 14:00:00,2016-12-12 14:00:00,507.9908
2016-12-12 15:00:00,2016-12-12 15:00:00,504.634
2016-12-12 16:00:00,2016-12-12 16:00:00,503.3572
2016-12-12 17:00:00,2016-12-12 17:00:00,501.0795
2016-12-12 18:00:00,2016-12-12 18:00:00,491.5095
2016-12-12 19:00:00,2016-12-12 19:00:00,479.8695
2016-12-12 20:00:00,2016-12-12 20:00:00,476.2237
2016-12-12 21:00:00,2016-12-12 21:00:00,474.05
2016-12-12 22:00:00,2016-12-12 22:00:00,472.3335
2016-12-12 23:00:00,2016-12-12 23:00:00,471.537
2016-12-13 00:00:00,2016-12-13 00:00:00,466.247
2016-12-13 01:00:00,2016-12-13 01:00:00,464.5528
2016-12-13 02:00:00,2016-12-13 02:00:00,464.4813
2016-12-13 03:00:00,2016-12-13 03:00:00,462.8403
2016-12-13 04:00:00,2016-12-13 04:00:00,461.3772
2016-12-13 05:00:00,2016-12-13 05:00:00,461.3595
2016-12-13 06:00:00,2016-12-13 06:00:00,474.2002
2016-12-13 07:00:00,2016-12-13 07:00:00,479.7628
2016-12-13 08:00:00,2016-12-13 08:00:00,489.8973
2016-12-13 09:00:00,2016-12-13 09:00:00,491.8227
2016-12-13 10:00:00,2016-12-13 10:00:00,497.8295
2016-12-13 11:00:00,2016-12-13 11:00:00,502.7442
2016-12-13 12:00:00,2016-12-13 12:00:00,502.127
2016-12-13 13:00:00,2016-12-13 13:00:00,504.9892
2016-12-13 14:00:00,2016-12-13 14:00:00,507.0065
2016-12-13 15:00:00,2016-12-13 15:00:00,503.4018
2016-12-13 16:00:00,2016-12-13 16:00:00,502.5102
2016-12-13 17:00:00,2016-12-13 17:00:00,503.302
2016-12-13 18:00:00,2016-12-13 18:00:00,487.038
2016-12-13 19:00:00,2016-12-13 19:00:00,477.6435
2016-12-13 20:00:00,2016-12-13 20:00:00,471.1995
2016-12-13 21:00:00,2016-12-13 21:00:00,468.93
2016-12-13 22:00:00,2016-12-13 22:00:00,469.1825
2016-12-13 23:00:00,2016-12-13 23:00:00,468.1335
2016-12-14 00:00:00,2016-12-14 00:00:00,460.3942
2016-12-14 01:00:00,2016-12-14 01:00:00,456.3853
2016-12-14 02:00:00,2016-12-14 02:00:00,455.5793
2016-12-14 03:00:00,2016-12-14 03:00:00,455.0345
2016-12-14 04:00:00,2016-12-14 04:00:00,455.3608
2016-12-14 05:00:00,2016-12-14 05:00:00,454.6292
2016-12-14 06:00:00,2016-12-14 06:00:00,469.4885
2016-12-14 07:00:00,2016-12-14 07:00:00,489.1655
2016-12-14 08:00:00,2016-12-14 08:00:00,503.323
2016-12-14 09:00:00,2016-12-14 09:00:00,510.9725
2016-12-14 10:00:00,2016-12-14 10:00:00,514.8812
2016-12-14 11:00:00,2016-12-14 11:00:00,525.6082
2016-12-14 12:00:00,2016-12-14 12:00:00,533.2292
2016-12-14 13:00:00,2016-12-14 13:00:00,535.4052
2016-12-14 14:00:00,2016-12-14 14:00:00,532.8733
2016-12-14 15:00:00,2016-12-14 15:00:00,527.9648
2016-12-14 16:00:00,2016-12-14 16:00:00,531.1328
2016-12-14 17:00:00,2016-12-14 17:00:00,522.4608
2016-12-14 18:00:00,2016-12-14 18:00:00,492.946
2016-12-14 19:00:00,2016-12-14 19:00:00,492.209
2016-12-14 20:00:00,2016-12-14 20:00:00,500.9655
2016-12-14 21:00:00,2016-12-14 21:00:00,488.1343
2016-12-14 22:00:00,2016-12-14 22:00:00,477.4743
2016-12-14 23:00:00,2016-12-14 23:00:00,476.0483
2016-12-15 00:00:00,2016-12-15 00:00:00,473.1858
2016-12-15 01:00:00,2016-12-15 01:00:00,470.2375
2016-12-15 02:00:00,2016-12-15 02:00:00,471.3255
2016-12-15 03:00:00,2016-12-15 03:00:00,470.8183
2016-12-15 04:00:00,2016-12-15 04:00:00,468.4108
2016-12-15 05:00:00,2016-12-15 05:00:00,466.8765
2016-12-15 06:00:00,2016-12-15 06:00:00,477.704
2016-12-15 07:00:00,2016-12-15 07:00:00,482.3852
2016-12-15 08:00:00,2016-12-15 08:00:00,489.9665
2016-12-15 09:00:00,2016-12-15 09:00:00,503.1183
2016-12-15 10:00:00,2016-12-15 10:00:00,513.1413
2016-12-15 11:00:00,2016-12-15 11:00:00,521.1707
2016-12-15 12:00:00,2016-12-15 12:00:00,528.5197
2016-12-15 13:00:00,2016-12-15 13:00:00,532.5863
2016-12-15 14:00:00,2016-12-15 14:00:00,514.103
2016-12-15 15:00:00,2016-12-15 15:00:00,515.7015
2016-12-15 16:00:00,2016-12-15 16:00:00,509.6833
2016-12-15 17:00:00,2016-12-15 17:00:00,512.6603
2016-12-15 18:00:00,2016-12-15 18:00:00,494.493
2016-12-15 19:00:00,2016-12-15 19:00:00,482.1822
2016-12-15 20:00:00,2016-12-15 20:00:00,478.1022
2016-12-15 21:00:00,2016-12-15 21:00:00,472.0248
2016-12-15 22:00:00,2016-12-15 22:00:00,469.8578
2016-12-15 23:00:00,2016-12-15 23:00:00,469.9378
2016-12-16 00:00:00,2016-12-16 00:00:00,470.6005
2016-12-16 01:00:00,2016-12-16 01:00:00,472.6453
2016-12-16 02:00:00,2016-12-16 02:00:00,473.1733
2016-12-16 03:00:00,2016-12-16 03:00:00,475.5912
2016-12-16 04:00:00,2016-12-16 04:00:00,474.6908
2016-12-16 05:00:00,2016-12-16 05:00:00,476.3227
2016-12-16 06:00:00,2016-12-16 06:00:00,484.5285
2016-12-16 07:00:00,2016-12-16 07:00:00,486.801
2016-12-16 08:00:00,2016-12-16 08:00:00,495.7378
2016-12-16 09:00:00,2016-12-16 09:00:00,502.7398
2016-12-16 10:00:00,2016-12-16 10:00:00,507.2715
2016-12-16 11:00:00,2016-12-16 11:00:00,505.6473
2016-12-16 12:00:00,2016-12-16 12:00:00,504.0685
2016-12-16 13:00:00,2016-12-16 13:00:00,502.6632
2016-12-16 14:00:00,2016-12-16 14:00:00,501.4325
2016-12-16 15:00:00,2016-12-16 15:00:00,500.6162
2016-12-16 16:00:00,2016-12-16 16:00:00,507.9477
2016-12-16 17:00:00,2016-12-16 17:00:00,509.4038
2016-12-16 18:00:00,2016-12-16 18:00:00,490.457
2016-12-16 19:00:00,2016-12-16 19:00:00,482.1328
2016-12-16 20:00:00,2016-12-16 20:00:00,480.3048
2016-12-16 21:00:00,2016-12-16 21:00:00,479.31
2016-12-16 22:00:00,2016-12-16 22:00:00,480.4067
2016-12-16 23:00:00,2016-12-16 23:00:00,478.9684
2016-12-17 00:00:00,2016-12-17 00:00:00,476.048
2016-12-17 01:00:00,2016-12-17 01:00:00,474.9655
2016-12-17 02:00:00,2016-12-17 02:00:00,475.738
2016-12-17 03:00:00,2016-12-17 03:00:00,476.0282
2016-12-17 04:00:00,2016-12-17 04:00:00,476.7293
2016-12-17 05:00:00,2016-12-17 05:00:00,476.588
2016-12-17 06:00:00,2016-12-17 06:00:00,491.5813
2016-12-17 07:00:00,2016-12-17 07:00:00,490.7127
2016-12-17 08:00:00,2016-12-17 08:00:00,489.9675
2016-12-17 09:00:00,2016-12-17 09:00:00,490.7755
2016-12-17 10:00:00,2016-12-17 10:00:00,491.9708
2016-12-17 11:00:00,2016-12-17 11:00:00,494.622
2016-12-17 12:00:00,2016-12-17 12:00:00,494.3056
2016-12-17 13:00:00,2016-12-17 13:00:00,492.503
2016-12-17 14:00:00,2016-12-17 14:00:00,494.09
2016-12-17 15:00:00,2016-12-17 15:00:00,494.1013
2016-12-17 16:00:00,2016-12-17 16:00:00,490.7982
2016-12-17 17:00:00,2016-12-17 17:00:00,490.2582
2016-12-17 18:00:00,2016-12-17 18:00:00,479.3925
2016-12-17 19:00:00,2016-12-17 19:00:00,475.439
2016-12-17 20:00:00,2016-12-17 20:00:00,476.2398
2016-12-17 21:00:00,2016-12-17 21:00:00,475.3782
2016-12-17 22:00:00,2016-12-17 22:00:00,475.6508
2016-12-17 23:00:00,2016-12-17 23:00:00,475.1973
2016-12-18 00:00:00,2016-12-18 00:00:00,472.8965
2016-12-18 01:00:00,2016-12-18 01:00:00,471.2988
2016-12-18 02:00:00,2016-12-18 02:00:00,471.3623
2016-12-18 03:00:00,2016-12-18 03:00:00,469.9422
2016-12-18 04:00:00,2016-12-18 04:00:00,471.0822
2016-12-18 05:00:00,2016-12-18 05:00:00,469.6668
2016-12-18 06:00:00,2016-12-18 06:00:00,482.7048
2016-12-18 07:00:00,2016-12-18 07:00:00,485.826
2016-12-18 08:00:00,2016-12-18 08:00:00,484.063
2016-12-18 09:00:00,2016-12-18 09:00:00,482.9915
2016-12-18 10:00:00,2016-12-18 10:00:00,483.745
2016-12-18 11:00:00,2016-12-18 11:00:00,484.6853
2016-12-18 12:00:00,2016-12-18 12:00:00,486.9908
2016-12-18 13:00:00,2016-12-18 13:00:00,489.343
2016-12-18 14:00:00,2016-12-18 14:00:00,490.051
2016-12-18 15:00:00,2016-12-18 15:00:00,488.8037
2016-12-18 16:00:00,2016-12-18 16:00:00,489.4735
2016-12-18 17:00:00,2016-12-18 17:00:00,490.4922
2016-12-18 18:00:00,2016-12-18 18:00:00,479.8818
2016-12-18 19:00:00,2016-12-18 19:00:00,476.2973
2016-12-18 20:00:00,2016-12-18 20:00:00,476.6465
2016-12-18 21:00:00,2016-12-18 21:00:00,476.2842
2016-12-18 22:00:00,2016-12-18 22:00:00,475.4705
2016-12-18 23:00:00,2016-12-18 23:00:00,475.996
2016-12-19 00:00:00,2016-12-19 00:00:00,475.2872
2016-12-19 01:00:00,2016-12-19 01:00:00,474.4242
2016-12-19 02:00:00,2016-12-19 02:00:00,473.693
2016-12-19 03:00:00,2016-12-19 03:00:00,473.9257
2016-12-19 04:00:00,2016-12-19 04:00:00,473.7575
2016-12-19 05:00:00,2016-12-19 05:00:00,471.1435
2016-12-19 06:00:00,2016-12-19 06:00:00,486.875
2016-12-19 07:00:00,2016-12-19 07:00:00,492.096
2016-12-19 08:00:00,2016-12-19 08:00:00,500.9927
2016-12-19 09:00:00,2016-12-19 09:00:00,502.118
2016-12-19 10:00:00,2016-12-19 10:00:00,504.907
2016-12-19 11:00:00,2016-12-19 11:00:00,509.4338
2016-12-19 12:00:00,2016-12-19 12:00:00,522.7697
2016-12-19 13:00:00,2016-12-19 13:00:00,520.7255
2016-12-19 14:00:00,2016-12-19 14:00:00,509.2338
2016-12-19 15:00:00,2016-12-19 15:00:00,496.4405
2016-12-19 16:00:00,2016-12-19 16:00:00,499.8333
2016-12-19 17:00:00,2016-12-19 17:00:00,493.2872
2016-12-19 18:00:00,2016-12-19 18:00:00,470.4757
2016-12-19 19:00:00,2016-12-19 19:00:00,460.049
2016-12-19 20:00:00,2016-12-19 20:00:00,461.805
2016-12-19 21:00:00,2016-12-19 21:00:00,475.695
2016-12-19 22:00:00,2016-12-19 22:00:00,481.1462
2016-12-19 23:00:00,2016-12-19 23:00:00,481.3408
2016-12-20 00:00:00,2016-12-20 00:00:00,479.4712
2016-12-20 01:00:00,2016-12-20 01:00:00,480.1295
2016-12-20 02:00:00,2016-12-20 02:00:00,478.1547
2016-12-20 03:00:00,2016-12-20 03:00:00,477.058
2016-12-20 04:00:00,2016-12-20 04:00:00,477.6313
2016-12-20 05:00:00,2016-12-20 05:00:00,467.9783
2016-12-20 06:00:00,2016-12-20 06:00:00,465.7845
2016-12-20 07:00:00,2016-12-20 07:00:00,484.487
2016-12-20 08:00:00,2016-12-20 08:00:00,505.4937
2016-12-20 09:00:00,2016-12-20 09:00:00,507.1038
2016-12-20 10:00:00,2016-12-20 10:00:00,506.4762
2016-12-20 11:00:00,2016-12-20 11:00:00,506.1365
2016-12-20 12:00:00,2016-12-20 12:00:00,506.991
2016-12-20 13:00:00,2016-12-20 13:00:00,503.968
2016-12-20 14:00:00,2016-12-20 14:00:00,493.4935
2016-12-20 15:00:00,2016-12-20 15:00:00,484.1272
2016-12-20 16:00:00,2016-12-20 16:00:00,485.491
2016-12-20 17:00:00,2016-12-20 17:00:00,486.4497
2016-12-20 18:00:00,2016-12-20 18:00:00,469.1283
2016-12-20 19:00:00,2016-12-20 19:00:00,461.5345
2016-12-20 20:00:00,2016-12-20 20:00:00,459.1925
2016-12-20 21:00:00,2016-12-20 21:00:00,459.7188
2016-12-20 22:00:00,2016-12-20 22:00:00,459.446
2016-12-20 23:00:00,2016-12-20 23:00:00,460.1045
2016-12-21 00:00:00,2016-12-21 00:00:00,457.6977
2016-12-21 01:00:00,2016-12-21 01:00:00,457.6395
2016-12-21 02:00:00,2016-12-21 02:00:00,455.6443
2016-12-21 03:00:00,2016-12-21 03:00:00,451.8898
2016-12-21 04:00:00,2016-12-21 04:00:00,452.193
2016-12-21 05:00:00,2016-12-21 05:00:00,452.341
2016-12-21 06:00:00,2016-12-21 06:00:00,464.8442
2016-12-21 07:00:00,2016-12-21 07:00:00,468.563
2016-12-21 08:00:00,2016-12-21 08:00:00,474.748
2016-12-21 09:00:00,2016-12-21 09:00:00,494.5895
2016-12-21 10:00:00,2016-12-21 10:00:00,501.142
2016-12-21 11:00:00,2016-12-21 11:00:00,516.716
2016-12-21 12:00:00,2016-12-21 12:00:00,530.7785
2016-12-21 13:00:00,2016-12-21 13:00:00,528.5687
2016-12-21 14:00:00,2016-12-21 14:00:00,506.4997
2016-12-21 15:00:00,2016-12-21 15:00:00,500.5337
2016-12-21 16:00:00,2016-12-21 16:00:00,492.5908
2016-12-21 17:00:00,2016-12-21 17:00:00,483.63
2016-12-21 18:00:00,2016-12-21 18:00:00,467.9582
2016-12-21 19:00:00,2016-12-21 19:00:00,460.7537
2016-12-21 20:00:00,2016-12-21 20:00:00,456.8248
2016-12-21 21:00:00,2016-12-21 21:00:00,458.0242
2016-12-21 22:00:00,2016-12-21 22:00:00,458.0117
2016-12-21 23:00:00,2016-12-21 23:00:00,454.138
2016-12-22 00:00:00,2016-12-22 00:00:00,451.889
2016-12-22 01:00:00,2016-12-22 01:00:00,452.5128
2016-12-22 02:00:00,2016-12-22 02:00:00,451.0112
2016-12-22 03:00:00,2016-12-22 03:00:00,452.048
2016-12-22 04:00:00,2016-12-22 04:00:00,452.2863
2016-12-22 05:00:00,2016-12-22 05:00:00,453.271
2016-12-22 06:00:00,2016-12-22 06:00:00,478.8835
2016-12-22 07:00:00,2016-12-22 07:00:00,489.196
2016-12-22 08:00:00,2016-12-22 08:00:00,489.7052
2016-12-22 09:00:00,2016-12-22 09:00:00,492.9552
2016-12-22 10:00:00,2016-12-22 10:00:00,495.6575
2016-12-22 11:00:00,2016-12-22 11:00:00,498.5852
2016-12-22 12:00:00,2016-12-22 12:00:00,478.5088
2016-12-22 13:00:00,2016-12-22 13:00:00,473.3852
2016-12-22 14:00:00,2016-12-22 14:00:00,472.313
2016-12-22 15:00:00,2016-12-22 15:00:00,470.2028
2016-12-22 16:00:00,2016-12-22 16:00:00,473.8082
2016-12-22 17:00:00,2016-12-22 17:00:00,472.9807
2016-12-22 18:00:00,2016-12-22 18:00:00,457.6783
2016-12-22 19:00:00,2016-12-22 19:00:00,454.401
2016-12-22 20:00:00,2016-12-22 20:00:00,458.4305
2016-12-22 21:00:00,2016-12-22 21:00:00,458.0465
2016-12-22 22:00:00,2016-12-22 22:00:00,456.2905
2016-12-22 23:00:00,2016-12-22 23:00:00,455.044
2016-12-23 00:00:00,2016-12-23 00:00:00,453.0873
2016-12-23 01:00:00,2016-12-23 01:00:00,450.1612
2016-12-23 02:00:00,2016-12-23 02:00:00,447.9652
2016-12-23 03:00:00,2016-12-23 03:00:00,446.401
2016-12-23 04:00:00,2016-12-23 04:00:00,448.395
2016-12-23 05:00:00,2016-12-23 05:00:00,448.1387
2016-12-23 06:00:00,2016-12-23 06:00:00,460.2878
2016-12-23 07:00:00,2016-12-23 07:00:00,464.2672
2016-12-23 08:00:00,2016-12-23 08:00:00,466.3128
2016-12-23 09:00:00,2016-12-23 09:00:00,471.4525
2016-12-23 10:00:00,2016-12-23 10:00:00,473.8067
2016-12-23 11:00:00,2016-12-23 11:00:00,472.3328
2016-12-23 12:00:00,2016-12-23 12:00:00,474.4205
2016-12-23 13:00:00,2016-12-23 13:00:00,475.5955
2016-12-23 14:00:00,2016-12-23 14:00:00,475.0903
2016-12-23 15:00:00,2016-12-23 15:00:00,476.6837
2016-12-23 16:00:00,2016-12-23 16:00:00,477.2198
2016-12-23 17:00:00,2016-12-23 17:00:00,476.6358
2016-12-23 18:00:00,2016-12-23 18:00:00,464.788
2016-12-23 19:00:00,2016-12-23 19:00:00,460.4048
2016-12-23 20:00:00,2016-12-23 20:00:00,461.748
2016-12-23 21:00:00,2016-12-23 21:00:00,458.1955
2016-12-23 22:00:00,2016-12-23 22:00:00,459.5155
2016-12-23 23:00:00,2016-12-23 23:00:00,460.043
2016-12-24 00:00:00,2016-12-24 00:00:00,457.8588
2016-12-24 01:00:00,2016-12-24 01:00:00,457.301
2016-12-24 02:00:00,2016-12-24 02:00:00,457.065
2016-12-24 03:00:00,2016-12-24 03:00:00,454.2563
2016-12-24 04:00:00,2016-12-24 04:00:00,452.4672
2016-12-24 05:00:00,2016-12-24 05:00:00,452.6815
2016-12-24 06:00:00,2016-12-24 06:00:00,464.5793
2016-12-24 07:00:00,2016-12-24 07:00:00,468.1042
2016-12-24 08:00:00,2016-12-24 08:00:00,467.128
2016-12-24 09:00:00,2016-12-24 09:00:00,467.6558
2016-12-24 10:00:00,2016-12-24 10:00:00,466.7582
2016-12-24 11:00:00,2016-12-24 11:00:00,463.9613
2016-12-24 12:00:00,2016-12-24 12:00:00,465.7307
2016-12-24 13:00:00,2016-12-24 13:00:00,466.8863
2016-12-24 14:00:00,2016-12-24 14:00:00,468.5435
2016-12-24 15:00:00,2016-12-24 15:00:00,469.6932
2016-12-24 16:00:00,2016-12-24 16:00:00,468.6452
2016-12-24 17:00:00,2016-12-24 17:00:00,466.3015
2016-12-24 18:00:00,2016-12-24 18:00:00,453.9614
2016-12-24 19:00:00,2016-12-24 19:00:00,451.5143
2016-12-24 20:00:00,2016-12-24 20:00:00,450.973
2016-12-24 21:00:00,2016-12-24 21:00:00,449.9806
2016-12-24 22:00:00,2016-12-24 22:00:00,451.3915
2016-12-24 23:00:00,2016-12-24 23:00:00,449.9688
2016-12-25 00:00:00,2016-12-25 00:00:00,448.2017
2016-12-25 01:00:00,2016-12-25 01:00:00,449.3173
2016-12-25 02:00:00,2016-12-25 02:00:00,449.543
2016-12-25 03:00:00,2016-12-25 03:00:00,450.4075
2016-12-25 04:00:00,2016-12-25 04:00:00,450.5503
2016-12-25 05:00:00,2016-12-25 05:00:00,450.5363
2016-12-25 06:00:00,2016-12-25 06:00:00,461.323
2016-12-25 07:00:00,2016-12-25 07:00:00,463.6723
2016-12-25 08:00:00,2016-12-25 08:00:00,461.9443
2016-12-25 09:00:00,2016-12-25 09:00:00,461.9685
2016-12-25 10:00:00,2016-12-25 10:00:00,460.8165
2016-12-25 11:00:00,2016-12-25 11:00:00,461.1823
2016-12-25 12:00:00,2016-12-25 12:00:00,461.2555
2016-12-25 13:00:00,2016-12-25 13:00:00,461.5825
2016-12-25 14:00:00,2016-12-25 14:00:00,461.6152
2016-12-25 15:00:00,2016-12-25 15:00:00,461.9005
2016-12-25 16:00:00,2016-12-25 16:00:00,465.0582
2016-12-25 17:00:00,2016-12-25 17:00:00,465.4907
2016-12-25 18:00:00,2016-12-25 18:00:00,455.314
2016-12-25 19:00:00,2016-12-25 19:00:00,454.2398
2016-12-25 20:00:00,2016-12-25 20:00:00,454.8765
2016-12-25 21:00:00,2016-12-25 21:00:00,455.5938
2016-12-25 22:00:00,2016-12-25 22:00:00,455.0288
2016-12-25 23:00:00,2016-12-25 23:00:00,455.899
2016-12-26 00:00:00,2016-12-26 00:00:00,454.2683
2016-12-26 01:00:00,2016-12-26 01:00:00,454.1305
2016-12-26 02:00:00,2016-12-26 02:00:00,452.135
2016-12-26 03:00:00,2016-12-26 03:00:00,452.2865
2016-12-26 04:00:00,2016-12-26 04:00:00,451.6215
2016-12-26 05:00:00,2016-12-26 05:00:00,451.271
2016-12-26 06:00:00,2016-12-26 06:00:00,460.125
2016-12-26 07:00:00,2016-12-26 07:00:00,466.5352
2016-12-26 08:00:00,2016-12-26 08:00:00,468.3305
2016-12-26 09:00:00,2016-12-26 09:00:00,465.9255
2016-12-26 10:00:00,2016-12-26 10:00:00,467.7255
2016-12-26 11:00:00,2016-12-26 11:00:00,471.9418
2016-12-26 12:00:00,2016-12-26 12:00:00,473.7738
2016-12-26 13:00:00,2016-12-26 13:00:00,472.8435
2016-12-26 14:00:00,2016-12-26 14:00:00,475.139
2016-12-26 15:00:00,2016-12-26 15:00:00,471.3742
2016-12-26 16:00:00,2016-12-26 16:00:00,472.2095
2016-12-26 17:00:00,2016-12-26 17:00:00,471.7367
2016-12-26 18:00:00,2016-12-26 18:00:00,461.4255
2016-12-26 19:00:00,2016-12-26 19:00:00,458.0893
2016-12-26 20:00:00,2016-12-26 20:00:00,458.9177
2016-12-26 21:00:00,2016-12-26 21:00:00,458.846
2016-12-26 22:00:00,2016-12-26 22:00:00,453.9198
2016-12-26 23:00:00,2016-12-26 23:00:00,456.1882
2016-12-27 00:00:00,2016-12-27 00:00:00,455.7402
2016-12-27 01:00:00,2016-12-27 01:00:00,455.6125
2016-12-27 02:00:00,2016-12-27 02:00:00,455.0358
2016-12-27 03:00:00,2016-12-27 03:00:00,454.4997
2016-12-27 04:00:00,2016-12-27 04:00:00,454.0215
2016-12-27 05:00:00,2016-12-27 05:00:00,453.667
2016-12-27 06:00:00,2016-12-27 06:00:00,467.6735
2016-12-27 07:00:00,2016-12-27 07:00:00,470.5762
2016-12-27 08:00:00,2016-12-27 08:00:00,471.8222
2016-12-27 09:00:00,2016-12-27 09:00:00,470.7008
2016-12-27 10:00:00,2016-12-27 10:00:00,474.201
2016-12-27 11:00:00,2016-12-27 11:00:00,476.8625
2016-12-27 12:00:00,2016-12-27 12:00:00,476.4605
2016-12-27 13:00:00,2016-12-27 13:00:00,483.5637
2016-12-27 14:00:00,2016-12-27 14:00:00,477.6827
2016-12-27 15:00:00,2016-12-27 15:00:00,478.533
2016-12-27 16:00:00,2016-12-27 16:00:00,479.241
2016-12-27 17:00:00,2016-12-27 17:00:00,475.8862
2016-12-27 18:00:00,2016-12-27 18:00:00,467.1268
2016-12-27 19:00:00,2016-12-27 19:00:00,459.382
2016-12-27 20:00:00,2016-12-27 20:00:00,460.3792
2016-12-27 21:00:00,2016-12-27 21:00:00,461.5045
2016-12-27 22:00:00,2016-12-27 22:00:00,458.5033
2016-12-27 23:00:00,2016-12-27 23:00:00,456.9018
2016-12-28 00:00:00,2016-12-28 00:00:00,456.16
2016-12-28 01:00:00,2016-12-28 01:00:00,455.6903
2016-12-28 02:00:00,2016-12-28 02:00:00,455.8375
2016-12-28 03:00:00,2016-12-28 03:00:00,455.1502
2016-12-28 04:00:00,2016-12-28 04:00:00,455.7652
2016-12-28 05:00:00,2016-12-28 05:00:00,456.749
2016-12-28 06:00:00,2016-12-28 06:00:00,468.1477
2016-12-28 07:00:00,2016-12-28 07:00:00,472.8957
2016-12-28 08:00:00,2016-12-28 08:00:00,472.8868
2016-12-28 09:00:00,2016-12-28 09:00:00,471.1508
2016-12-28 10:00:00,2016-12-28 10:00:00,470.4973
2016-12-28 11:00:00,2016-12-28 11:00:00,471.7242
2016-12-28 12:00:00,2016-12-28 12:00:00,473.258
2016-12-28 13:00:00,2016-12-28 13:00:00,474.9935
2016-12-28 14:00:00,2016-12-28 14:00:00,473.155
2016-12-28 15:00:00,2016-12-28 15:00:00,473.1935
2016-12-28 16:00:00,2016-12-28 16:00:00,472.3942
2016-12-28 17:00:00,2016-12-28 17:00:00,474.1772
2016-12-28 18:00:00,2016-12-28 18:00:00,463.2036
2016-12-28 19:00:00,2016-12-28 19:00:00,459.387
2016-12-28 20:00:00,2016-12-28 20:00:00,456.7662
2016-12-28 21:00:00,2016-12-28 21:00:00,457.6622
2016-12-28 22:00:00,2016-12-28 22:00:00,457.0547
2016-12-28 23:00:00,2016-12-28 23:00:00,455.2922
2016-12-29 00:00:00,2016-12-29 00:00:00,453.5788
2016-12-29 01:00:00,2016-12-29 01:00:00,450.013
2016-12-29 02:00:00,2016-12-29 02:00:00,448.671
2016-12-29 03:00:00,2016-12-29 03:00:00,449.6193
2016-12-29 04:00:00,2016-12-29 04:00:00,447.9898
2016-12-29 05:00:00,2016-12-29 05:00:00,448.4222
2016-12-29 06:00:00,2016-12-29 06:00:00,459.5802
2016-12-29 07:00:00,2016-12-29 07:00:00,464.186
2016-12-29 08:00:00,2016-12-29 08:00:00,466.2162
2016-12-29 09:00:00,2016-12-29 09:00:00,465.0168
2016-12-29 10:00:00,2016-12-29 10:00:00,468.8993
2016-12-29 11:00:00,2016-12-29 11:00:00,465.541
2016-12-29 12:00:00,2016-12-29 12:00:00,478.5975
2016-12-29 13:00:00,2016-12-29 13:00:00,467.1025
2016-12-29 14:00:00,2016-12-29 14:00:00,498.5097
2016-12-29 15:00:00,2016-12-29 15:00:00,468.5535
2016-12-29 16:00:00,2016-12-29 16:00:00,468.377
2016-12-29 17:00:00,2016-12-29 17:00:00,466.3223
2016-12-29 18:00:00,2016-12-29 18:00:00,457.6262
2016-12-29 19:00:00,2016-12-29 19:00:00,449.3918
2016-12-29 20:00:00,2016-12-29 20:00:00,450.239
2016-12-29 21:00:00,2016-12-29 21:00:00,449.1443
2016-12-29 22:00:00,2016-12-29 22:00:00,446.498
2016-12-29 23:00:00,2016-12-29 23:00:00,446.5125
2016-12-30 00:00:00,2016-12-30 00:00:00,443.5218
2016-12-30 01:00:00,2016-12-30 01:00:00,444.0065
2016-12-30 02:00:00,2016-12-30 02:00:00,445.07
2016-12-30 03:00:00,2016-12-30 03:00:00,444.2607
2016-12-30 04:00:00,2016-12-30 04:00:00,445.0998
2016-12-30 05:00:00,2016-12-30 05:00:00,443.027
2016-12-30 06:00:00,2016-12-30 06:00:00,455.83
2016-12-30 07:00:00,2016-12-30 07:00:00,461.072
2016-12-30 08:00:00,2016-12-30 08:00:00,460.195
2016-12-30 09:00:00,2016-12-30 09:00:00,464.7705
2016-12-30 10:00:00,2016-12-30 10:00:00,460.1365
2016-12-30 11:00:00,2016-12-30 11:00:00,460.2775
2016-12-30 12:00:00,2016-12-30 12:00:00,465.1802
2016-12-30 13:00:00,2016-12-30 13:00:00,466.713
2016-12-30 14:00:00,2016-12-30 14:00:00,476.3182
2016-12-30 15:00:00,2016-12-30 15:00:00,475.7233
2016-12-30 16:00:00,2016-12-30 16:00:00,475.1745
2016-12-30 17:00:00,2016-12-30 17:00:00,468.743
2016-12-30 18:00:00,2016-12-30 18:00:00,458.0585
2016-12-30 19:00:00,2016-12-30 19:00:00,450.1668
2016-12-30 20:00:00,2016-12-30 20:00:00,449.2448
2016-12-30 21:00:00,2016-12-30 21:00:00,449.1915
2016-12-30 22:00:00,2016-12-30 22:00:00,448.9215
2016-12-30 23:00:00,2016-12-30 23:00:00,444.206
2016-12-31 00:00:00,2016-12-31 00:00:00,442.8922
2016-12-31 01:00:00,2016-12-31 01:00:00,441.424
2016-12-31 02:00:00,2016-12-31 02:00:00,442.8585
2016-12-31 03:00:00,2016-12-31 03:00:00,443.2035
2016-12-31 04:00:00,2016-12-31 04:00:00,441.2975
2016-12-31 05:00:00,2016-12-31 05:00:00,439.5268
2016-12-31 06:00:00,2016-12-31 06:00:00,451.3225
2016-12-31 07:00:00,2016-12-31 07:00:00,458.8915
2016-12-31 08:00:00,2016-12-31 08:00:00,456.745
2016-12-31 09:00:00,2016-12-31 09:00:00,454.386
2016-12-31 10:00:00,2016-12-31 10:00:00,458.8905
2016-12-31 11:00:00,2016-12-31 11:00:00,453.8848
2016-12-31 12:00:00,2016-12-31 12:00:00,458.3035
2016-12-31 13:00:00,2016-12-31 13:00:00,457.6942
2016-12-31 14:00:00,2016-12-31 14:00:00,457.7345
2016-12-31 15:00:00,2016-12-31 15:00:00,457.744
2016-12-31 16:00:00,2016-12-31 16:00:00,461.8938
2016-12-31 17:00:00,2016-12-31 17:00:00,462.3555
2016-12-31 18:00:00,2016-12-31 18:00:00,450.4445
2016-12-31 19:00:00,2016-12-31 19:00:00,449.821
2016-12-31 20:00:00,2016-12-31 20:00:00,446.7672
2016-12-31 21:00:00,2016-12-31 21:00:00,445.4405
2016-12-31 22:00:00,2016-12-31 22:00:00,445.569
2016-12-31 23:00:00,2016-12-31 23:00:00,441.7465
2017-01-01 00:00:00,2017-01-01 00:00:00,440.2743
2017-01-01 01:00:00,2017-01-01 01:00:00,439.59
2017-01-01 02:00:00,2017-01-01 02:00:00,440.6505
2017-01-01 03:00:00,2017-01-01 03:00:00,440.4965
2017-01-01 04:00:00,2017-01-01 04:00:00,443.1545
2017-01-01 05:00:00,2017-01-01 05:00:00,440.4002
2017-01-01 06:00:00,2017-01-01 06:00:00,451.2712
2017-01-01 07:00:00,2017-01-01 07:00:00,454.06
2017-01-01 08:00:00,2017-01-01 08:00:00,456.5313
2017-01-01 09:00:00,2017-01-01 09:00:00,459.2535
2017-01-01 10:00:00,2017-01-01 10:00:00,456.4287
2017-01-01 11:00:00,2017-01-01 11:00:00,456.0685
2017-01-01 12:00:00,2017-01-01 12:00:00,455.884
2017-01-01 13:00:00,2017-01-01 13:00:00,452.278
2017-01-01 14:00:00,2017-01-01 14:00:00,451.411
2017-01-01 15:00:00,2017-01-01 15:00:00,453.4508
2017-01-01 16:00:00,2017-01-01 16:00:00,457.5118
2017-01-01 17:00:00,2017-01-01 17:00:00,457.2012
2017-01-01 18:00:00,2017-01-01 18:00:00,447.5257
2017-01-01 19:00:00,2017-01-01 19:00:00,445.3008
2017-01-01 20:00:00,2017-01-01 20:00:00,442.611
2017-01-01 21:00:00,2017-01-01 21:00:00,443.4222
2017-01-01 22:00:00,2017-01-01 22:00:00,445.6773
2017-01-01 23:00:00,2017-01-01 23:00:00,441.4927
2017-01-02 00:00:00,2017-01-02 00:00:00,438.6965
2017-01-02 01:00:00,2017-01-02 01:00:00,437.9525
2017-01-02 02:00:00,2017-01-02 02:00:00,440.5125
2017-01-02 03:00:00,2017-01-02 03:00:00,440.033
2017-01-02 04:00:00,2017-01-02 04:00:00,440.0198
2017-01-02 05:00:00,2017-01-02 05:00:00,439.1795
2017-01-02 06:00:00,2017-01-02 06:00:00,451.976
2017-01-02 07:00:00,2017-01-02 07:00:00,459.3727
2017-01-02 08:00:00,2017-01-02 08:00:00,455.2645
2017-01-02 09:00:00,2017-01-02 09:00:00,454.126
2017-01-02 10:00:00,2017-01-02 10:00:00,462.934
2017-01-02 11:00:00,2017-01-02 11:00:00,463.2088
2017-01-02 12:00:00,2017-01-02 12:00:00,465.6913
2017-01-02 13:00:00,2017-01-02 13:00:00,466.9407
2017-01-02 14:00:00,2017-01-02 14:00:00,468.8638
2017-01-02 15:00:00,2017-01-02 15:00:00,469.029
2017-01-02 16:00:00,2017-01-02 16:00:00,467.5358
2017-01-02 17:00:00,2017-01-02 17:00:00,468.527
2017-01-02 18:00:00,2017-01-02 18:00:00,450.8167
2017-01-02 19:00:00,2017-01-02 19:00:00,447.2855
2017-01-02 20:00:00,2017-01-02 20:00:00,446.1275
2017-01-02 21:00:00,2017-01-02 21:00:00,446.0198
2017-01-02 22:00:00,2017-01-02 22:00:00,447.36
2017-01-02 23:00:00,2017-01-02 23:00:00,447.907
2017-01-03 00:00:00,2017-01-03 00:00:00,443.19
2017-01-03 01:00:00,2017-01-03 01:00:00,441.3777
2017-01-03 02:00:00,2017-01-03 02:00:00,440.9022
2017-01-03 03:00:00,2017-01-03 03:00:00,440.5648
2017-01-03 04:00:00,2017-01-03 04:00:00,440.907
2017-01-03 05:00:00,2017-01-03 05:00:00,439.5088
2017-01-03 06:00:00,2017-01-03 06:00:00,451.149
2017-01-03 07:00:00,2017-01-03 07:00:00,457.8188
2017-01-03 08:00:00,2017-01-03 08:00:00,462.8605
2017-01-03 09:00:00,2017-01-03 09:00:00,469.5628
2017-01-03 10:00:00,2017-01-03 10:00:00,472.9777
2017-01-03 11:00:00,2017-01-03 11:00:00,471.8217
2017-01-03 12:00:00,2017-01-03 12:00:00,476.5067
2017-01-03 13:00:00,2017-01-03 13:00:00,477.357
2017-01-03 14:00:00,2017-01-03 14:00:00,481.0165
2017-01-03 15:00:00,2017-01-03 15:00:00,482.6253
2017-01-03 16:00:00,2017-01-03 16:00:00,482.566
2017-01-03 17:00:00,2017-01-03 17:00:00,478.7023
2017-01-03 18:00:00,2017-01-03 18:00:00,462.0198
2017-01-03 19:00:00,2017-01-03 19:00:00,454.262
2017-01-03 20:00:00,2017-01-03 20:00:00,452.691
2017-01-03 21:00:00,2017-01-03 21:00:00,450.4978
2017-01-03 22:00:00,2017-01-03 22:00:00,447.725
2017-01-03 23:00:00,2017-01-03 23:00:00,447.4492
2017-01-04 00:00:00,2017-01-04 00:00:00,445.7128
2017-01-04 01:00:00,2017-01-04 01:00:00,444.4733
2017-01-04 02:00:00,2017-01-04 02:00:00,444.2855
2017-01-04 03:00:00,2017-01-04 03:00:00,442.695
2017-01-04 04:00:00,2017-01-04 04:00:00,443.8742
2017-01-04 05:00:00,2017-01-04 05:00:00,445.3525
2017-01-04 06:00:00,2017-01-04 06:00:00,462.0583
2017-01-04 07:00:00,2017-01-04 07:00:00,464.3908
2017-01-04 08:00:00,2017-01-04 08:00:00,471.0613
2017-01-04 09:00:00,2017-01-04 09:00:00,478.9485
2017-01-04 10:00:00,2017-01-04 10:00:00,486.374
2017-01-04 11:00:00,2017-01-04 11:00:00,490.346
2017-01-04 12:00:00,2017-01-04 12:00:00,495.105
2017-01-04 13:00:00,2017-01-04 13:00:00,491.5247
2017-01-04 14:00:00,2017-01-04 14:00:00,496.0055
2017-01-04 15:00:00,2017-01-04 15:00:00,496.5847
2017-01-04 16:00:00,2017-01-04 16:00:00,488.2532
2017-01-04 17:00:00,2017-01-04 17:00:00,485.8018
2017-01-04 18:00:00,2017-01-04 18:00:00,467.8023
2017-01-04 19:00:00,2017-01-04 19:00:00,460.202
2017-01-04 20:00:00,2017-01-04 20:00:00,458.4345
2017-01-04 21:00:00,2017-01-04 21:00:00,460.4793
2017-01-04 22:00:00,2017-01-04 22:00:00,458.6275
2017-01-04 23:00:00,2017-01-04 23:00:00,456.9547
2017-01-05 00:00:00,2017-01-05 00:00:00,454.6458
2017-01-05 01:00:00,2017-01-05 01:00:00,454.5913
2017-01-05 02:00:00,2017-01-05 02:00:00,456.7832
2017-01-05 03:00:00,2017-01-05 03:00:00,455.1072
2017-01-05 04:00:00,2017-01-05 04:00:00,454.4408
2017-01-05 05:00:00,2017-01-05 05:00:00,453.7135
2017-01-05 06:00:00,2017-01-05 06:00:00,466.4568
2017-01-05 07:00:00,2017-01-05 07:00:00,471.9025
2017-01-05 08:00:00,2017-01-05 08:00:00,475.1043
2017-01-05 09:00:00,2017-01-05 09:00:00,484.3533
2017-01-05 10:00:00,2017-01-05 10:00:00,489.2668
2017-01-05 11:00:00,2017-01-05 11:00:00,488.6277
2017-01-05 12:00:00,2017-01-05 12:00:00,485.2893
2017-01-05 13:00:00,2017-01-05 13:00:00,485.4233
2017-01-05 14:00:00,2017-01-05 14:00:00,490.5635
2017-01-05 15:00:00,2017-01-05 15:00:00,494.3413
2017-01-05 16:00:00,2017-01-05 16:00:00,493.2288
2017-01-05 17:00:00,2017-01-05 17:00:00,490.8107
2017-01-05 18:00:00,2017-01-05 18:00:00,475.8805
2017-01-05 19:00:00,2017-01-05 19:00:00,471.679
2017-01-05 20:00:00,2017-01-05 20:00:00,465.7407
2017-01-05 21:00:00,2017-01-05 21:00:00,462.3585
2017-01-05 22:00:00,2017-01-05 22:00:00,460.4707
2017-01-05 23:00:00,2017-01-05 23:00:00,462.4985
2017-01-06 00:00:00,2017-01-06 00:00:00,460.3798
2017-01-06 01:00:00,2017-01-06 01:00:00,459.527
2017-01-06 02:00:00,2017-01-06 02:00:00,459.8778
2017-01-06 03:00:00,2017-01-06 03:00:00,460.718
2017-01-06 04:00:00,2017-01-06 04:00:00,461.3715
2017-01-06 05:00:00,2017-01-06 05:00:00,459.5512
2017-01-06 06:00:00,2017-01-06 06:00:00,471.052
2017-01-06 07:00:00,2017-01-06 07:00:00,474.9865
2017-01-06 08:00:00,2017-01-06 08:00:00,479.4405
2017-01-06 09:00:00,2017-01-06 09:00:00,485.8382
2017-01-06 10:00:00,2017-01-06 10:00:00,492.314
2017-01-06 11:00:00,2017-01-06 11:00:00,497.0238
2017-01-06 12:00:00,2017-01-06 12:00:00,497.6313
2017-01-06 13:00:00,2017-01-06 13:00:00,504.746
2017-01-06 14:00:00,2017-01-06 14:00:00,500.0855
2017-01-06 15:00:00,2017-01-06 15:00:00,500.4107
2017-01-06 16:00:00,2017-01-06 16:00:00,498.7702
2017-01-06 17:00:00,2017-01-06 17:00:00,493.5822
2017-01-06 18:00:00,2017-01-06 18:00:00,476.4717
2017-01-06 19:00:00,2017-01-06 19:00:00,469.4387
2017-01-06 20:00:00,2017-01-06 20:00:00,465.0518
2017-01-06 21:00:00,2017-01-06 21:00:00,463.2315
2017-01-06 22:00:00,2017-01-06 22:00:00,460.1645
2017-01-06 23:00:00,2017-01-06 23:00:00,457.6252
2017-01-07 00:00:00,2017-01-07 00:00:00,454.6122
2017-01-07 01:00:00,2017-01-07 01:00:00,452.8337
2017-01-07 02:00:00,2017-01-07 02:00:00,454.9832
2017-01-07 03:00:00,2017-01-07 03:00:00,455.7544
2017-01-07 04:00:00,2017-01-07 04:00:00,454.338
2017-01-07 05:00:00,2017-01-07 05:00:00,456.416
2017-01-07 06:00:00,2017-01-07 06:00:00,465.5502
2017-01-07 07:00:00,2017-01-07 07:00:00,467.0205
2017-01-07 08:00:00,2017-01-07 08:00:00,468.0007
2017-01-07 09:00:00,2017-01-07 09:00:00,468.3368
2017-01-07 10:00:00,2017-01-07 10:00:00,469.8792
2017-01-07 11:00:00,2017-01-07 11:00:00,467.9813
2017-01-07 12:00:00,2017-01-07 12:00:00,470.4473
2017-01-07 13:00:00,2017-01-07 13:00:00,470.3883
2017-01-07 14:00:00,2017-01-07 14:00:00,475.5445
2017-01-07 15:00:00,2017-01-07 15:00:00,476.058
2017-01-07 16:00:00,2017-01-07 16:00:00,477.8885
2017-01-07 17:00:00,2017-01-07 17:00:00,473.9467
2017-01-07 18:00:00,2017-01-07 18:00:00,462.1592
2017-01-07 19:00:00,2017-01-07 19:00:00,457.2748
2017-01-07 20:00:00,2017-01-07 20:00:00,456.869
2017-01-07 21:00:00,2017-01-07 21:00:00,456.1093
2017-01-07 22:00:00,2017-01-07 22:00:00,456.4378
2017-01-07 23:00:00,2017-01-07 23:00:00,450.513
2017-01-08 00:00:00,2017-01-08 00:00:00,446.5725
2017-01-08 01:00:00,2017-01-08 01:00:00,446.1628
2017-01-08 02:00:00,2017-01-08 02:00:00,447.7477
2017-01-08 03:00:00,2017-01-08 03:00:00,445.8983
2017-01-08 04:00:00,2017-01-08 04:00:00,446.153
2017-01-08 05:00:00,2017-01-08 05:00:00,445.1237
2017-01-08 06:00:00,2017-01-08 06:00:00,455.1727
2017-01-08 07:00:00,2017-01-08 07:00:00,459.7143
2017-01-08 08:00:00,2017-01-08 08:00:00,461.5745
2017-01-08 09:00:00,2017-01-08 09:00:00,462.1572
2017-01-08 10:00:00,2017-01-08 10:00:00,462.1965
2017-01-08 11:00:00,2017-01-08 11:00:00,462.714
2017-01-08 12:00:00,2017-01-08 12:00:00,461.6425
2017-01-08 13:00:00,2017-01-08 13:00:00,463.2193
2017-01-08 14:00:00,2017-01-08 14:00:00,461.6045
2017-01-08 15:00:00,2017-01-08 15:00:00,463.0295
2017-01-08 16:00:00,2017-01-08 16:00:00,467.3893
2017-01-08 17:00:00,2017-01-08 17:00:00,465.8085
2017-01-08 18:00:00,2017-01-08 18:00:00,452.1765
2017-01-08 19:00:00,2017-01-08 19:00:00,449.8078
2017-01-08 20:00:00,2017-01-08 20:00:00,454.7
2017-01-08 21:00:00,2017-01-08 21:00:00,452.2043
2017-01-08 22:00:00,2017-01-08 22:00:00,452.4332
2017-01-08 23:00:00,2017-01-08 23:00:00,452.1363
2017-01-09 00:00:00,2017-01-09 00:00:00,447.3043
2017-01-09 01:00:00,2017-01-09 01:00:00,448.003
2017-01-09 02:00:00,2017-01-09 02:00:00,445.522
2017-01-09 03:00:00,2017-01-09 03:00:00,446.7472
2017-01-09 04:00:00,2017-01-09 04:00:00,446.6095
2017-01-09 05:00:00,2017-01-09 05:00:00,450.5507
2017-01-09 06:00:00,2017-01-09 06:00:00,467.1413
2017-01-09 07:00:00,2017-01-09 07:00:00,463.5955
2017-01-09 08:00:00,2017-01-09 08:00:00,467.7723
2017-01-09 09:00:00,2017-01-09 09:00:00,474.5603
2017-01-09 10:00:00,2017-01-09 10:00:00,488.5435
2017-01-09 11:00:00,2017-01-09 11:00:00,497.0165
2017-01-09 12:00:00,2017-01-09 12:00:00,501.0085
2017-01-09 13:00:00,2017-01-09 13:00:00,504.7913
2017-01-09 14:00:00,2017-01-09 14:00:00,503.3402
2017-01-09 15:00:00,2017-01-09 15:00:00,499.6933
2017-01-09 16:00:00,2017-01-09 16:00:00,502.566
2017-01-09 17:00:00,2017-01-09 17:00:00,495.8825
2017-01-09 18:00:00,2017-01-09 18:00:00,481.0803
2017-01-09 19:00:00,2017-01-09 19:00:00,469.6996
2017-01-09 20:00:00,2017-01-09 20:00:00,463.9741
2017-01-09 21:00:00,2017-01-09 21:00:00,461.3992
2017-01-09 22:00:00,2017-01-09 22:00:00,459.6875
2017-01-09 23:00:00,2017-01-09 23:00:00,457.5843
2017-01-10 00:00:00,2017-01-10 00:00:00,459.7378
2017-01-10 01:00:00,2017-01-10 01:00:00,456.2903
2017-01-10 02:00:00,2017-01-10 02:00:00,455.2353
2017-01-10 03:00:00,2017-01-10 03:00:00,454.3782
2017-01-10 04:00:00,2017-01-10 04:00:00,454.418
2017-01-10 05:00:00,2017-01-10 05:00:00,453.6832
2017-01-10 06:00:00,2017-01-10 06:00:00,465.3768
2017-01-10 07:00:00,2017-01-10 07:00:00,470.555
2017-01-10 08:00:00,2017-01-10 08:00:00,476.8825
2017-01-10 09:00:00,2017-01-10 09:00:00,487.4248
2017-01-10 10:00:00,2017-01-10 10:00:00,492.2398
2017-01-10 11:00:00,2017-01-10 11:00:00,497.4713
2017-01-10 12:00:00,2017-01-10 12:00:00,498.64
2017-01-10 13:00:00,2017-01-10 13:00:00,499.374
2017-01-10 14:00:00,2017-01-10 14:00:00,500.4235
2017-01-10 15:00:00,2017-01-10 15:00:00,499.6135
2017-01-10 16:00:00,2017-01-10 16:00:00,498.4198
2017-01-10 17:00:00,2017-01-10 17:00:00,493.6543
2017-01-10 18:00:00,2017-01-10 18:00:00,477.4312
2017-01-10 19:00:00,2017-01-10 19:00:00,471.182
2017-01-10 20:00:00,2017-01-10 20:00:00,471.992
2017-01-10 21:00:00,2017-01-10 21:00:00,463.7787
2017-01-10 22:00:00,2017-01-10 22:00:00,462.4255
2017-01-24 15:00:00,2017-01-24 15:00:00,527.798
2017-01-24 16:00:00,2017-01-24 16:00:00,525.2602
2017-01-24 17:00:00,2017-01-24 17:00:00,520.195
2017-01-24 18:00:00,2017-01-24 18:00:00,500.003
2017-01-24 19:00:00,2017-01-24 19:00:00,489.8373
2017-01-24 20:00:00,2017-01-24 20:00:00,489.9655
2017-01-24 21:00:00,2017-01-24 21:00:00,489.1457
2017-01-24 22:00:00,2017-01-24 22:00:00,484.0797
2017-01-24 23:00:00,2017-01-24 23:00:00,482.311
2017-01-25 00:00:00,2017-01-25 00:00:00,476.0367
2017-01-25 01:00:00,2017-01-25 01:00:00,476.3465
2017-01-25 02:00:00,2017-01-25 02:00:00,478.513
2017-01-25 03:00:00,2017-01-25 03:00:00,476.88
2017-01-25 04:00:00,2017-01-25 04:00:00,477.3025
2017-01-25 05:00:00,2017-01-25 05:00:00,476.7235
2017-01-25 06:00:00,2017-01-25 06:00:00,488.8188
2017-01-25 07:00:00,2017-01-25 07:00:00,491.2327
2017-01-25 08:00:00,2017-01-25 08:00:00,500.7962
2017-01-25 09:00:00,2017-01-25 09:00:00,512.398
2017-01-25 10:00:00,2017-01-25 10:00:00,518.3555
2017-01-25 11:00:00,2017-01-25 11:00:00,517.7878
2017-01-25 12:00:00,2017-01-25 12:00:00,513.1065
2017-01-25 13:00:00,2017-01-25 13:00:00,516.7407
2017-01-25 14:00:00,2017-01-25 14:00:00,516.1022
2017-01-25 15:00:00,2017-01-25 15:00:00,521.2325
2017-01-25 16:00:00,2017-01-25 16:00:00,518.4745
2017-01-25 17:00:00,2017-01-25 17:00:00,518.2638
2017-01-25 18:00:00,2017-01-25 18:00:00,501.8925
2017-01-25 19:00:00,2017-01-25 19:00:00,491.078
2017-01-25 20:00:00,2017-01-25 20:00:00,485.6962
2017-01-25 21:00:00,2017-01-25 21:00:00,486.7208
2017-01-25 22:00:00,2017-01-25 22:00:00,487.1925
2017-01-25 23:00:00,2017-01-25 23:00:00,484.8128
2017-01-26 00:00:00,2017-01-26 00:00:00,482.8348
2017-01-26 01:00:00,2017-01-26 01:00:00,484.166
2017-01-26 02:00:00,2017-01-26 02:00:00,483.7392
2017-01-26 03:00:00,2017-01-26 03:00:00,483.0312
2017-01-26 04:00:00,2017-01-26 04:00:00,483.2447
2017-01-26 05:00:00,2017-01-26 05:00:00,483.2395
2017-01-26 06:00:00,2017-01-26 06:00:00,494.34
2017-01-26 07:00:00,2017-01-26 07:00:00,495.2585
2017-01-26 08:00:00,2017-01-26 08:00:00,501.5712
2017-01-26 09:00:00,2017-01-26 09:00:00,529.7353
2017-01-26 10:00:00,2017-01-26 10:00:00,523.8612
2017-01-26 11:00:00,2017-01-26 11:00:00,522.6832
2017-01-26 12:00:00,2017-01-26 12:00:00,514.3075
2017-01-26 13:00:00,2017-01-26 13:00:00,515.092
2017-01-26 14:00:00,2017-01-26 14:00:00,519.6535
2017-01-26 15:00:00,2017-01-26 15:00:00,522.233
2017-01-26 16:00:00,2017-01-26 16:00:00,512.3495
2017-01-26 17:00:00,2017-01-26 17:00:00,511.0012
2017-01-26 18:00:00,2017-01-26 18:00:00,497.9712
2017-01-26 19:00:00,2017-01-26 19:00:00,493.0328
2017-01-26 20:00:00,2017-01-26 20:00:00,487.3933
2017-01-26 21:00:00,2017-01-26 21:00:00,485.45
2017-01-26 22:00:00,2017-01-26 22:00:00,483.1008
2017-01-26 23:00:00,2017-01-26 23:00:00,478.4558
2017-01-27 00:00:00,2017-01-27 00:00:00,474.091
2017-01-27 01:00:00,2017-01-27 01:00:00,472.505
2017-01-27 02:00:00,2017-01-27 02:00:00,473.1095
2017-01-27 03:00:00,2017-01-27 03:00:00,473.6298
2017-01-27 04:00:00,2017-01-27 04:00:00,471.796
2017-01-27 05:00:00,2017-01-27 05:00:00,470.8605
2017-01-27 06:00:00,2017-01-27 06:00:00,485.0818
2017-01-27 07:00:00,2017-01-27 07:00:00,488.6018
2017-01-27 08:00:00,2017-01-27 08:00:00,489.0893
2017-01-27 09:00:00,2017-01-27 09:00:00,507.6472
2017-01-27 10:00:00,2017-01-27 10:00:00,509.7057
2017-01-27 11:00:00,2017-01-27 11:00:00,510.9388
2017-01-27 12:00:00,2017-01-27 12:00:00,510.9772
2017-01-27 13:00:00,2017-01-27 13:00:00,512.5868
2017-01-27 14:00:00,2017-01-27 14:00:00,507.9472
2017-01-27 15:00:00,2017-01-27 15:00:00,509.173
2017-01-27 16:00:00,2017-01-27 16:00:00,505.3878
2017-01-27 17:00:00,2017-01-27 17:00:00,504.2813
2017-01-27 18:00:00,2017-01-27 18:00:00,489.782
2017-01-27 19:00:00,2017-01-27 19:00:00,483.291
2017-01-27 20:00:00,2017-01-27 20:00:00,482.9742
2017-01-27 21:00:00,2017-01-27 21:00:00,482.7587
2017-01-27 22:00:00,2017-01-27 22:00:00,481.3815
2017-01-27 23:00:00,2017-01-27 23:00:00,479.9975
2017-01-28 00:00:00,2017-01-28 00:00:00,477.529
2017-01-28 01:00:00,2017-01-28 01:00:00,476.9658
2017-01-28 02:00:00,2017-01-28 02:00:00,476.483
2017-01-28 03:00:00,2017-01-28 03:00:00,477.1015
2017-01-28 04:00:00,2017-01-28 04:00:00,476.5915
2017-01-28 05:00:00,2017-01-28 05:00:00,475.6005
2017-01-28 06:00:00,2017-01-28 06:00:00,490.4687
2017-01-28 07:00:00,2017-01-28 07:00:00,491.8168
2017-01-28 08:00:00,2017-01-28 08:00:00,492.2537
2017-01-28 09:00:00,2017-01-28 09:00:00,491.0817
2017-01-28 10:00:00,2017-01-28 10:00:00,491.3578
2017-01-28 11:00:00,2017-01-28 11:00:00,494.484
2017-01-28 12:00:00,2017-01-28 12:00:00,494.116
2017-01-28 13:00:00,2017-01-28 13:00:00,492.7403
2017-01-28 14:00:00,2017-01-28 14:00:00,495.5965
2017-01-28 15:00:00,2017-01-28 15:00:00,493.3625
2017-01-28 16:00:00,2017-01-28 16:00:00,490.8233
2017-01-28 17:00:00,2017-01-28 17:00:00,488.306
2017-01-28 18:00:00,2017-01-28 18:00:00,477.0205
2017-01-28 19:00:00,2017-01-28 19:00:00,473.3115
2017-01-28 20:00:00,2017-01-28 20:00:00,473.5097
2017-01-28 21:00:00,2017-01-28 21:00:00,473.1233
2017-01-28 22:00:00,2017-01-28 22:00:00,476.021
2017-01-28 23:00:00,2017-01-28 23:00:00,476.7365
2017-01-29 00:00:00,2017-01-29 00:00:00,474.8852
2017-01-29 01:00:00,2017-01-29 01:00:00,474.736
2017-01-29 02:00:00,2017-01-29 02:00:00,473.9185
2017-01-29 03:00:00,2017-01-29 03:00:00,474.0642
2017-01-29 04:00:00,2017-01-29 04:00:00,472.983
2017-01-29 05:00:00,2017-01-29 05:00:00,473.622
2017-01-29 06:00:00,2017-01-29 06:00:00,487.5945
2017-01-29 07:00:00,2017-01-29 07:00:00,489.9125
2017-01-29 08:00:00,2017-01-29 08:00:00,487.9102
2017-01-29 09:00:00,2017-01-29 09:00:00,485.2435
2017-01-29 10:00:00,2017-01-29 10:00:00,483.5595
2017-01-29 11:00:00,2017-01-29 11:00:00,483.485
2017-01-29 12:00:00,2017-01-29 12:00:00,486.8582
2017-01-29 13:00:00,2017-01-29 13:00:00,489.34
2017-01-29 14:00:00,2017-01-29 14:00:00,489.4072
2017-01-29 15:00:00,2017-01-29 15:00:00,485.5758
2017-01-29 16:00:00,2017-01-29 16:00:00,481.6373
2017-01-29 17:00:00,2017-01-29 17:00:00,483.4025
2017-01-29 18:00:00,2017-01-29 18:00:00,475.0554
2017-01-29 19:00:00,2017-01-29 19:00:00,469.426
2017-01-29 20:00:00,2017-01-29 20:00:00,472.2878
2017-01-29 21:00:00,2017-01-29 21:00:00,471.406
2017-01-29 22:00:00,2017-01-29 22:00:00,472.2345
2017-01-29 23:00:00,2017-01-29 23:00:00,469.7498
2017-01-30 00:00:00,2017-01-30 00:00:00,465.926
2017-01-30 01:00:00,2017-01-30 01:00:00,466.8643
2017-01-30 02:00:00,2017-01-30 02:00:00,468.4967
2017-01-30 03:00:00,2017-01-30 03:00:00,467.0185
2017-01-30 04:00:00,2017-01-30 04:00:00,467.1035
2017-01-30 05:00:00,2017-01-30 05:00:00,467.3215
2017-01-30 06:00:00,2017-01-30 06:00:00,481.8463
2017-01-30 07:00:00,2017-01-30 07:00:00,487.2205
2017-01-30 08:00:00,2017-01-30 08:00:00,496.082
2017-01-30 09:00:00,2017-01-30 09:00:00,500.2988
2017-01-30 10:00:00,2017-01-30 10:00:00,510.2823
2017-01-30 11:00:00,2017-01-30 11:00:00,514.6135
2017-01-30 12:00:00,2017-01-30 12:00:00,513.2728
2017-01-30 13:00:00,2017-01-30 13:00:00,506.8775
2017-01-30 14:00:00,2017-01-30 14:00:00,504.678
2017-01-30 15:00:00,2017-01-30 15:00:00,510.8565
2017-01-30 16:00:00,2017-01-30 16:00:00,508.6718
2017-01-30 17:00:00,2017-01-30 17:00:00,509.1955
2017-01-30 18:00:00,2017-01-30 18:00:00,493.1405
2017-01-30 19:00:00,2017-01-30 19:00:00,483.745
2017-01-30 20:00:00,2017-01-30 20:00:00,480.2785
2017-01-30 21:00:00,2017-01-30 21:00:00,478.716
2017-01-30 22:00:00,2017-01-30 22:00:00,474.3447
2017-01-30 23:00:00,2017-01-30 23:00:00,469.79
2017-01-31 00:00:00,2017-01-31 00:00:00,466.4505
2017-01-31 01:00:00,2017-01-31 01:00:00,469.9755
2017-01-31 02:00:00,2017-01-31 02:00:00,469.7545
2017-01-31 03:00:00,2017-01-31 03:00:00,470.042
2017-01-31 04:00:00,2017-01-31 04:00:00,470.8768
2017-01-31 05:00:00,2017-01-31 05:00:00,471.0965
2017-01-31 06:00:00,2017-01-31 06:00:00,482.2108
2017-01-31 07:00:00,2017-01-31 07:00:00,485.307
2017-01-31 08:00:00,2017-01-31 08:00:00,499.3838
2017-01-31 09:00:00,2017-01-31 09:00:00,512.5307
2017-01-31 10:00:00,2017-01-31 10:00:00,514.3465
2017-01-31 11:00:00,2017-01-31 11:00:00,509.9673
2017-01-31 12:00:00,2017-01-31 12:00:00,504.0138
2017-01-31 13:00:00,2017-01-31 13:00:00,516.4293
2017-01-31 14:00:00,2017-01-31 14:00:00,520.1168
2017-01-31 15:00:00,2017-01-31 15:00:00,519.381
2017-01-31 16:00:00,2017-01-31 16:00:00,518.077
2017-01-31 17:00:00,2017-01-31 17:00:00,508.6452
2017-01-31 18:00:00,2017-01-31 18:00:00,492.4558
2017-01-31 19:00:00,2017-01-31 19:00:00,479.7484
2017-01-31 20:00:00,2017-01-31 20:00:00,480.7625
2017-01-31 21:00:00,2017-01-31 21:00:00,480.9185
2017-01-31 22:00:00,2017-01-31 22:00:00,480.8135
2017-01-31 23:00:00,2017-01-31 23:00:00,478.0137
2017-02-01 00:00:00,2017-02-01 00:00:00,473.9418
2017-02-01 01:00:00,2017-02-01 01:00:00,473.2002
2017-02-01 02:00:00,2017-02-01 02:00:00,473.7442
2017-02-01 03:00:00,2017-02-01 03:00:00,473.9895
2017-02-01 04:00:00,2017-02-01 04:00:00,474.0172
2017-02-01 05:00:00,2017-02-01 05:00:00,473.9948
2017-02-01 06:00:00,2017-02-01 06:00:00,488.4515
2017-02-01 07:00:00,2017-02-01 07:00:00,485.2768
2017-02-01 08:00:00,2017-02-01 08:00:00,492.389
2017-02-01 09:00:00,2017-02-01 09:00:00,502.282
2017-02-01 10:00:00,2017-02-01 10:00:00,508.4555
2017-02-01 11:00:00,2017-02-01 11:00:00,512.8105
2017-02-01 12:00:00,2017-02-01 12:00:00,516.0088
2017-02-01 13:00:00,2017-02-01 13:00:00,517.1108
2017-02-01 14:00:00,2017-02-01 14:00:00,515.6085
2017-02-01 15:00:00,2017-02-01 15:00:00,526.7915
2017-02-01 16:00:00,2017-02-01 16:00:00,519.098
2017-02-01 17:00:00,2017-02-01 17:00:00,506.1065
2017-02-01 18:00:00,2017-02-01 18:00:00,491.3489
2017-02-01 19:00:00,2017-02-01 19:00:00,482.9491
2017-02-01 20:00:00,2017-02-01 20:00:00,475.973
2017-02-01 21:00:00,2017-02-01 21:00:00,473.7112
2017-02-01 22:00:00,2017-02-01 22:00:00,473.3975
2017-02-01 23:00:00,2017-02-01 23:00:00,473.2415
2017-02-02 00:00:00,2017-02-02 00:00:00,466.643
2017-02-02 01:00:00,2017-02-02 01:00:00,467.8865
2017-02-02 02:00:00,2017-02-02 02:00:00,468.121
2017-02-02 03:00:00,2017-02-02 03:00:00,469.428
2017-02-02 04:00:00,2017-02-02 04:00:00,469.3438
2017-02-02 05:00:00,2017-02-02 05:00:00,467.4747
2017-02-02 06:00:00,2017-02-02 06:00:00,478.6875
2017-02-02 07:00:00,2017-02-02 07:00:00,481.9508
2017-02-02 08:00:00,2017-02-02 08:00:00,490.1885
2017-02-02 09:00:00,2017-02-02 09:00:00,500.4895
2017-02-02 10:00:00,2017-02-02 10:00:00,513.7915
2017-02-02 11:00:00,2017-02-02 11:00:00,531.3613
2017-02-02 12:00:00,2017-02-02 12:00:00,528.2618
2017-02-02 13:00:00,2017-02-02 13:00:00,518.5172
2017-02-02 14:00:00,2017-02-02 14:00:00,524.7222
2017-02-02 15:00:00,2017-02-02 15:00:00,545.3175
2017-02-02 16:00:00,2017-02-02 16:00:00,549.6292
2017-02-02 17:00:00,2017-02-02 17:00:00,539.4762
2017-02-02 18:00:00,2017-02-02 18:00:00,518.2065
2017-02-02 19:00:00,2017-02-02 19:00:00,507.235
2017-02-02 20:00:00,2017-02-02 20:00:00,503.2563
2017-02-02 21:00:00,2017-02-02 21:00:00,501.6465
2017-02-02 22:00:00,2017-02-02 22:00:00,501.9032
2017-02-02 23:00:00,2017-02-02 23:00:00,499.852
2017-02-03 00:00:00,2017-02-03 00:00:00,498.0762
2017-02-03 01:00:00,2017-02-03 01:00:00,496.8775
2017-02-03 02:00:00,2017-02-03 02:00:00,497.3868
2017-02-03 03:00:00,2017-02-03 03:00:00,495.0312
2017-02-03 04:00:00,2017-02-03 04:00:00,494.5345
2017-02-03 05:00:00,2017-02-03 05:00:00,492.0705
2017-02-03 06:00:00,2017-02-03 06:00:00,505.6032
2017-02-03 07:00:00,2017-02-03 07:00:00,506.144
2017-02-03 08:00:00,2017-02-03 08:00:00,516.2427
2017-02-03 09:00:00,2017-02-03 09:00:00,526.653
2017-02-03 10:00:00,2017-02-03 10:00:00,536.4962
2017-02-03 11:00:00,2017-02-03 11:00:00,531.1797
2017-02-03 12:00:00,2017-02-03 12:00:00,529.8518
2017-02-03 13:00:00,2017-02-03 13:00:00,530.4828
2017-02-03 14:00:00,2017-02-03 14:00:00,536.385
2017-02-03 15:00:00,2017-02-03 15:00:00,531.9608
2017-02-03 16:00:00,2017-02-03 16:00:00,523.3458
2017-02-03 17:00:00,2017-02-03 17:00:00,518.2174
2017-02-03 18:00:00,2017-02-03 18:00:00,501.207
2017-02-03 19:00:00,2017-02-03 19:00:00,490.6397
2017-02-03 20:00:00,2017-02-03 20:00:00,486.4473
2017-02-03 21:00:00,2017-02-03 21:00:00,487.578
2017-02-03 22:00:00,2017-02-03 22:00:00,488.02
2017-02-03 23:00:00,2017-02-03 23:00:00,491.2072
2017-02-04 00:00:00,2017-02-04 00:00:00,488.5762
2017-02-04 01:00:00,2017-02-04 01:00:00,490.3972
2017-02-04 02:00:00,2017-02-04 02:00:00,490.0255
2017-02-04 03:00:00,2017-02-04 03:00:00,490.0815
2017-02-04 04:00:00,2017-02-04 04:00:00,490.0875
2017-02-04 05:00:00,2017-02-04 05:00:00,487.941
2017-02-04 06:00:00,2017-02-04 06:00:00,502.1022
2017-02-04 07:00:00,2017-02-04 07:00:00,502.4088
2017-02-04 08:00:00,2017-02-04 08:00:00,501.0955
2017-02-04 09:00:00,2017-02-04 09:00:00,500.8548
2017-02-04 10:00:00,2017-02-04 10:00:00,502.03
2017-02-04 11:00:00,2017-02-04 11:00:00,504.1337
2017-02-04 12:00:00,2017-02-04 12:00:00,505.6108
2017-02-04 13:00:00,2017-02-04 13:00:00,505.1383
2017-02-04 14:00:00,2017-02-04 14:00:00,507.196
2017-02-04 15:00:00,2017-02-04 15:00:00,507.6668
2017-02-04 16:00:00,2017-02-04 16:00:00,505.923
2017-02-04 17:00:00,2017-02-04 17:00:00,502.7346
2017-02-04 18:00:00,2017-02-04 18:00:00,490.5211
2017-02-04 19:00:00,2017-02-04 19:00:00,489.434
2017-02-04 20:00:00,2017-02-04 20:00:00,494.5605
2017-02-04 21:00:00,2017-02-04 21:00:00,494.0055
2017-02-04 22:00:00,2017-02-04 22:00:00,489.998
2017-02-04 23:00:00,2017-02-04 23:00:00,489.3098
2017-02-05 00:00:00,2017-02-05 00:00:00,489.3458
2017-02-05 01:00:00,2017-02-05 01:00:00,491.586
2017-02-05 02:00:00,2017-02-05 02:00:00,491.7993
2017-02-05 03:00:00,2017-02-05 03:00:00,490.3952
2017-02-05 04:00:00,2017-02-05 04:00:00,491.7772
2017-02-05 05:00:00,2017-02-05 05:00:00,491.9872
2017-02-05 06:00:00,2017-02-05 06:00:00,504.1082
2017-02-05 07:00:00,2017-02-05 07:00:00,504.5008
2017-02-05 08:00:00,2017-02-05 08:00:00,504.0218
2017-02-05 09:00:00,2017-02-05 09:00:00,504.9664
2017-02-05 10:00:00,2017-02-05 10:00:00,506.5669
2017-02-05 11:00:00,2017-02-05 11:00:00,507.541
2017-02-05 12:00:00,2017-02-05 12:00:00,506.089
2017-02-05 13:00:00,2017-02-05 13:00:00,505.145
2017-02-05 14:00:00,2017-02-05 14:00:00,503.8712
2017-02-05 15:00:00,2017-02-05 15:00:00,507.028
2017-02-05 16:00:00,2017-02-05 16:00:00,507.6355
2017-02-05 17:00:00,2017-02-05 17:00:00,508.1445
2017-02-05 18:00:00,2017-02-05 18:00:00,496.413
2017-02-05 19:00:00,2017-02-05 19:00:00,494.1647
2017-02-05 20:00:00,2017-02-05 20:00:00,492.5028
2017-02-05 21:00:00,2017-02-05 21:00:00,489.6635
2017-02-05 22:00:00,2017-02-05 22:00:00,490.8588
2017-02-05 23:00:00,2017-02-05 23:00:00,490.4423
2017-02-06 00:00:00,2017-02-06 00:00:00,485.1695
2017-02-06 01:00:00,2017-02-06 01:00:00,484.4985
2017-02-06 02:00:00,2017-02-06 02:00:00,486.3581
2017-02-06 03:00:00,2017-02-06 03:00:00,485.5141
2017-02-06 04:00:00,2017-02-06 04:00:00,485.969
2017-02-06 05:00:00,2017-02-06 05:00:00,484.9485
2017-02-06 06:00:00,2017-02-06 06:00:00,498.5643
2017-02-06 07:00:00,2017-02-06 07:00:00,496.7737
2017-02-06 08:00:00,2017-02-06 08:00:00,505.1072
2017-02-06 09:00:00,2017-02-06 09:00:00,517.5005
2017-02-06 10:00:00,2017-02-06 10:00:00,521.9807
2017-02-06 11:00:00,2017-02-06 11:00:00,530.642
2017-02-06 12:00:00,2017-02-06 12:00:00,530.0548
2017-02-06 13:00:00,2017-02-06 13:00:00,536.699
2017-02-06 14:00:00,2017-02-06 14:00:00,536.8023
2017-02-06 15:00:00,2017-02-06 15:00:00,536.558
2017-02-06 16:00:00,2017-02-06 16:00:00,536.074
2017-02-06 17:00:00,2017-02-06 17:00:00,530.757
2017-02-06 18:00:00,2017-02-06 18:00:00,512.4478
2017-02-06 19:00:00,2017-02-06 19:00:00,504.9138
2017-02-06 20:00:00,2017-02-06 20:00:00,499.8343
2017-02-06 21:00:00,2017-02-06 21:00:00,498.012
2017-02-06 22:00:00,2017-02-06 22:00:00,496.3747
2017-02-06 23:00:00,2017-02-06 23:00:00,496.5227
2017-02-07 00:00:00,2017-02-07 00:00:00,496.8902
2017-02-07 01:00:00,2017-02-07 01:00:00,496.0837
2017-02-07 02:00:00,2017-02-07 02:00:00,496.0082
2017-02-07 03:00:00,2017-02-07 03:00:00,475.1975
2017-02-07 04:00:00,2017-02-07 04:00:00,470.1073
2017-02-07 05:00:00,2017-02-07 05:00:00,470.6483
2017-02-07 06:00:00,2017-02-07 06:00:00,482.1635
2017-02-07 07:00:00,2017-02-07 07:00:00,485.5887
2017-02-07 08:00:00,2017-02-07 08:00:00,495.7586
2017-02-07 09:00:00,2017-02-07 09:00:00,507.5245
2017-02-07 10:00:00,2017-02-07 10:00:00,511.6015
2017-02-07 11:00:00,2017-02-07 11:00:00,513.0102
2017-02-07 12:00:00,2017-02-07 12:00:00,513.3225
2017-02-07 13:00:00,2017-02-07 13:00:00,517.426
2017-02-07 14:00:00,2017-02-07 14:00:00,517.3405
2017-02-07 15:00:00,2017-02-07 15:00:00,515.3243
2017-02-07 16:00:00,2017-02-07 16:00:00,516.1355
2017-02-07 17:00:00,2017-02-07 17:00:00,510.4778
2017-02-07 18:00:00,2017-02-07 18:00:00,491.8332
2017-02-07 19:00:00,2017-02-07 19:00:00,480.4835
2017-02-07 20:00:00,2017-02-07 20:00:00,477.2198
2017-02-07 21:00:00,2017-02-07 21:00:00,475.298
2017-02-07 22:00:00,2017-02-07 22:00:00,475.4598
2017-02-07 23:00:00,2017-02-07 23:00:00,472.0218
2017-02-08 00:00:00,2017-02-08 00:00:00,470.7548
2017-02-08 01:00:00,2017-02-08 01:00:00,471.0695
2017-02-08 02:00:00,2017-02-08 02:00:00,469.0187
2017-02-08 03:00:00,2017-02-08 03:00:00,468.2595
2017-02-08 04:00:00,2017-02-08 04:00:00,468.2472
2017-02-08 05:00:00,2017-02-08 05:00:00,468.7827
2017-02-08 06:00:00,2017-02-08 06:00:00,480.556
2017-02-08 07:00:00,2017-02-08 07:00:00,479.9902
2017-02-08 08:00:00,2017-02-08 08:00:00,497.3823
2017-02-08 09:00:00,2017-02-08 09:00:00,509.057
2017-02-08 10:00:00,2017-02-08 10:00:00,517.2322
2017-02-08 11:00:00,2017-02-08 11:00:00,520.287
2017-02-08 12:00:00,2017-02-08 12:00:00,522.1382
2017-02-08 13:00:00,2017-02-08 13:00:00,543.8118
2017-02-08 14:00:00,2017-02-08 14:00:00,547.2398
2017-02-08 15:00:00,2017-02-08 15:00:00,533.0232
2017-02-08 16:00:00,2017-02-08 16:00:00,522.1433
2017-02-08 17:00:00,2017-02-08 17:00:00,513.2765
2017-02-08 18:00:00,2017-02-08 18:00:00,496.2502
2017-02-08 19:00:00,2017-02-08 19:00:00,487.685
2017-02-08 20:00:00,2017-02-08 20:00:00,482.2325
2017-02-08 21:00:00,2017-02-08 21:00:00,482.9955
2017-02-08 22:00:00,2017-02-08 22:00:00,480.537
2017-02-08 23:00:00,2017-02-08 23:00:00,480.221
2017-02-09 00:00:00,2017-02-09 00:00:00,475.0432
2017-02-09 01:00:00,2017-02-09 01:00:00,469.4157
2017-02-09 02:00:00,2017-02-09 02:00:00,469.809
2017-02-09 03:00:00,2017-02-09 03:00:00,470.9222
2017-02-09 04:00:00,2017-02-09 04:00:00,471.063
2017-02-09 05:00:00,2017-02-09 05:00:00,469.9577
2017-02-09 06:00:00,2017-02-09 06:00:00,484.2603
2017-02-09 07:00:00,2017-02-09 07:00:00,486.2172
2017-02-09 08:00:00,2017-02-09 08:00:00,495.2368
2017-02-09 09:00:00,2017-02-09 09:00:00,505.1695
2017-02-09 10:00:00,2017-02-09 10:00:00,509.282
2017-02-09 11:00:00,2017-02-09 11:00:00,519.5973
2017-02-09 12:00:00,2017-02-09 12:00:00,524.3783
2017-02-09 13:00:00,2017-02-09 13:00:00,528.5553
2017-02-09 14:00:00,2017-02-09 14:00:00,530.542
2017-02-09 15:00:00,2017-02-09 15:00:00,528.455
2017-02-09 16:00:00,2017-02-09 16:00:00,524.5785
2017-02-09 17:00:00,2017-02-09 17:00:00,517.0592
2017-02-09 18:00:00,2017-02-09 18:00:00,501.6832
2017-02-09 19:00:00,2017-02-09 19:00:00,490.6182
2017-02-09 20:00:00,2017-02-09 20:00:00,488.0865
2017-02-09 21:00:00,2017-02-09 21:00:00,489.6783
2017-02-09 22:00:00,2017-02-09 22:00:00,490.1695
2017-02-09 23:00:00,2017-02-09 23:00:00,490.4085
2017-02-10 00:00:00,2017-02-10 00:00:00,493.201
2017-02-10 01:00:00,2017-02-10 01:00:00,489.942
2017-02-10 02:00:00,2017-02-10 02:00:00,489.471
2017-02-10 03:00:00,2017-02-10 03:00:00,487.2022
2017-02-10 04:00:00,2017-02-10 04:00:00,486.8273
2017-02-10 05:00:00,2017-02-10 05:00:00,488.0432
2017-02-10 06:00:00,2017-02-10 06:00:00,495.7845
2017-02-10 07:00:00,2017-02-10 07:00:00,498.5058
2017-02-10 08:00:00,2017-02-10 08:00:00,503.8023
2017-02-10 09:00:00,2017-02-10 09:00:00,507.9402
2017-02-10 10:00:00,2017-02-10 10:00:00,519.178
2017-02-10 11:00:00,2017-02-10 11:00:00,519.559
2017-02-10 12:00:00,2017-02-10 12:00:00,522.8875
2017-02-10 13:00:00,2017-02-10 13:00:00,521.1795
2017-02-10 14:00:00,2017-02-10 14:00:00,514.7002
2017-02-10 15:00:00,2017-02-10 15:00:00,516.7778
2017-02-10 16:00:00,2017-02-10 16:00:00,515.7232
2017-02-10 17:00:00,2017-02-10 17:00:00,515.143
2017-02-10 18:00:00,2017-02-10 18:00:00,496.8055
2017-02-10 19:00:00,2017-02-10 19:00:00,491.2998
2017-02-10 20:00:00,2017-02-10 20:00:00,491.0082
2017-02-10 21:00:00,2017-02-10 21:00:00,489.6198
2017-02-10 22:00:00,2017-02-10 22:00:00,490.649
2017-02-10 23:00:00,2017-02-10 23:00:00,486.293
2017-02-11 00:00:00,2017-02-11 00:00:00,486.661
2017-02-11 01:00:00,2017-02-11 01:00:00,486.854
2017-02-11 02:00:00,2017-02-11 02:00:00,488.0152
2017-02-11 03:00:00,2017-02-11 03:00:00,486.448
2017-02-11 04:00:00,2017-02-11 04:00:00,487.1028
2017-02-11 05:00:00,2017-02-11 05:00:00,486.6948
2017-02-11 06:00:00,2017-02-11 06:00:00,501.8312
2017-02-11 07:00:00,2017-02-11 07:00:00,504.8428
2017-02-11 08:00:00,2017-02-11 08:00:00,503.3187
2017-02-11 09:00:00,2017-02-11 09:00:00,500.3532
2017-02-11 10:00:00,2017-02-11 10:00:00,497.8288
2017-02-11 11:00:00,2017-02-11 11:00:00,493.5538
2017-02-11 12:00:00,2017-02-11 12:00:00,494.4557
2017-02-11 13:00:00,2017-02-11 13:00:00,495.6695
2017-02-11 14:00:00,2017-02-11 14:00:00,494.5247
2017-02-11 15:00:00,2017-02-11 15:00:00,495.5657
2017-02-11 16:00:00,2017-02-11 16:00:00,496.2122
2017-02-11 17:00:00,2017-02-11 17:00:00,495.5035
2017-02-11 18:00:00,2017-02-11 18:00:00,485.8535
2017-02-11 19:00:00,2017-02-11 19:00:00,485.7933
2017-02-11 20:00:00,2017-02-11 20:00:00,487.9633
2017-02-11 21:00:00,2017-02-11 21:00:00,488.2697
2017-02-11 22:00:00,2017-02-11 22:00:00,487.9922
2017-02-11 23:00:00,2017-02-11 23:00:00,486.9905
2017-02-12 00:00:00,2017-02-12 00:00:00,487.886
2017-02-12 01:00:00,2017-02-12 01:00:00,487.6687
2017-02-12 02:00:00,2017-02-12 02:00:00,489.868
2017-02-12 03:00:00,2017-02-12 03:00:00,490.8115
2017-02-12 04:00:00,2017-02-12 04:00:00,490.8518
2017-02-12 05:00:00,2017-02-12 05:00:00,489.447
2017-02-12 06:00:00,2017-02-12 06:00:00,503.9875
2017-02-12 07:00:00,2017-02-12 07:00:00,508.0715
2017-02-12 08:00:00,2017-02-12 08:00:00,504.9608
2017-02-12 09:00:00,2017-02-12 09:00:00,501.6777
2017-02-12 10:00:00,2017-02-12 10:00:00,496.1435
2017-02-12 11:00:00,2017-02-12 11:00:00,494.167
2017-02-12 12:00:00,2017-02-12 12:00:00,495.991
2017-02-12 13:00:00,2017-02-12 13:00:00,493.4655
2017-02-12 14:00:00,2017-02-12 14:00:00,490.7197
2017-02-12 15:00:00,2017-02-12 15:00:00,494.0193
2017-02-12 16:00:00,2017-02-12 16:00:00,492.8535
2017-02-12 17:00:00,2017-02-12 17:00:00,495.1235
2017-02-12 18:00:00,2017-02-12 18:00:00,484.6595
2017-02-12 19:00:00,2017-02-12 19:00:00,487.0278
2017-02-12 20:00:00,2017-02-12 20:00:00,487.3925
2017-02-12 21:00:00,2017-02-12 21:00:00,486.5207
2017-02-12 22:00:00,2017-02-12 22:00:00,488.1245
2017-02-12 23:00:00,2017-02-12 23:00:00,487.033
2017-02-13 00:00:00,2017-02-13 00:00:00,489.8002
2017-02-13 01:00:00,2017-02-13 01:00:00,488.9143
2017-02-13 02:00:00,2017-02-13 02:00:00,486.795
2017-02-13 03:00:00,2017-02-13 03:00:00,485.2968
2017-02-13 04:00:00,2017-02-13 04:00:00,486.536
2017-02-13 05:00:00,2017-02-13 05:00:00,485.2482
2017-02-13 06:00:00,2017-02-13 06:00:00,498.8652
2017-02-13 07:00:00,2017-02-13 07:00:00,502.7333
2017-02-13 08:00:00,2017-02-13 08:00:00,512.4673
2017-02-13 09:00:00,2017-02-13 09:00:00,522.4163
2017-02-13 10:00:00,2017-02-13 10:00:00,522.9197
2017-02-13 11:00:00,2017-02-13 11:00:00,527.3702
2017-02-13 12:00:00,2017-02-13 12:00:00,527.852
2017-02-13 13:00:00,2017-02-13 13:00:00,531.0445
2017-02-13 14:00:00,2017-02-13 14:00:00,529.431
2017-02-13 15:00:00,2017-02-13 15:00:00,524.194
2017-02-13 16:00:00,2017-02-13 16:00:00,520.9125
2017-02-13 17:00:00,2017-02-13 17:00:00,519.4265
2017-02-13 18:00:00,2017-02-13 18:00:00,502.814
2017-02-13 19:00:00,2017-02-13 19:00:00,497.005
2017-02-13 20:00:00,2017-02-13 20:00:00,494.4005
2017-02-13 21:00:00,2017-02-13 21:00:00,493.4735
2017-02-13 22:00:00,2017-02-13 22:00:00,489.5798
2017-02-13 23:00:00,2017-02-13 23:00:00,486.4005
2017-02-14 00:00:00,2017-02-14 00:00:00,481.9352
2017-02-14 01:00:00,2017-02-14 01:00:00,481.7875
2017-02-14 02:00:00,2017-02-14 02:00:00,483.101
2017-02-14 03:00:00,2017-02-14 03:00:00,481.9785
2017-02-14 04:00:00,2017-02-14 04:00:00,483.0603
2017-02-14 05:00:00,2017-02-14 05:00:00,482.3028
2017-02-14 06:00:00,2017-02-14 06:00:00,497.7715
2017-02-14 07:00:00,2017-02-14 07:00:00,505.708
2017-02-14 08:00:00,2017-02-14 08:00:00,517.4515
2017-02-14 09:00:00,2017-02-14 09:00:00,524.6572
2017-02-14 10:00:00,2017-02-14 10:00:00,522.4522
2017-02-14 11:00:00,2017-02-14 11:00:00,530.0913
2017-02-14 12:00:00,2017-02-14 12:00:00,529.0492
2017-02-14 13:00:00,2017-02-14 13:00:00,529.8642
2017-02-14 14:00:00,2017-02-14 14:00:00,537.1755
2017-02-14 15:00:00,2017-02-14 15:00:00,543.5682
2017-02-14 16:00:00,2017-02-14 16:00:00,538.3868
2017-02-14 17:00:00,2017-02-14 17:00:00,525.9145
2017-02-14 18:00:00,2017-02-14 18:00:00,505.674
2017-02-14 19:00:00,2017-02-14 19:00:00,496.796
2017-02-14 20:00:00,2017-02-14 20:00:00,497.4645
2017-02-14 21:00:00,2017-02-14 21:00:00,492.9062
2017-02-14 22:00:00,2017-02-14 22:00:00,490.0918
2017-02-14 23:00:00,2017-02-14 23:00:00,488.2415
2017-02-15 00:00:00,2017-02-15 00:00:00,490.0392
2017-02-15 01:00:00,2017-02-15 01:00:00,488.574
2017-02-15 02:00:00,2017-02-15 02:00:00,488.8382
2017-02-15 03:00:00,2017-02-15 03:00:00,487.2098
2017-02-15 04:00:00,2017-02-15 04:00:00,487.5088
2017-02-15 05:00:00,2017-02-15 05:00:00,487.0495
2017-02-15 06:00:00,2017-02-15 06:00:00,498.7302
2017-02-15 07:00:00,2017-02-15 07:00:00,501.1675
2017-02-15 08:00:00,2017-02-15 08:00:00,509.0048
2017-02-15 09:00:00,2017-02-15 09:00:00,516.531
2017-02-15 10:00:00,2017-02-15 10:00:00,523.8073
2017-02-15 11:00:00,2017-02-15 11:00:00,529.3992
2017-02-15 12:00:00,2017-02-15 12:00:00,528.8247
2017-02-15 13:00:00,2017-02-15 13:00:00,528.1085
2017-02-15 14:00:00,2017-02-15 14:00:00,532.4227
2017-02-15 15:00:00,2017-02-15 15:00:00,537.5935
2017-02-15 16:00:00,2017-02-15 16:00:00,535.301
2017-02-15 17:00:00,2017-02-15 17:00:00,525.8792
2017-02-15 18:00:00,2017-02-15 18:00:00,508.0698
2017-02-15 19:00:00,2017-02-15 19:00:00,499.4122
2017-02-15 20:00:00,2017-02-15 20:00:00,495.0247
2017-02-15 21:00:00,2017-02-15 21:00:00,490.3245
2017-02-15 22:00:00,2017-02-15 22:00:00,486.4465
2017-02-15 23:00:00,2017-02-15 23:00:00,486.7735
2017-02-16 00:00:00,2017-02-16 00:00:00,486.378
2017-02-16 01:00:00,2017-02-16 01:00:00,484.8653
2017-02-16 02:00:00,2017-02-16 02:00:00,484.2027
2017-02-16 03:00:00,2017-02-16 03:00:00,484.1132
2017-02-16 04:00:00,2017-02-16 04:00:00,487.7267
2017-02-16 05:00:00,2017-02-16 05:00:00,488.9492
2017-02-16 06:00:00,2017-02-16 06:00:00,497.508
2017-02-16 07:00:00,2017-02-16 07:00:00,498.827
2017-02-16 08:00:00,2017-02-16 08:00:00,504.2288
2017-02-16 09:00:00,2017-02-16 09:00:00,521.013
2017-02-16 10:00:00,2017-02-16 10:00:00,535.5428
2017-02-16 11:00:00,2017-02-16 11:00:00,542.4305
2017-02-16 12:00:00,2017-02-16 12:00:00,539.8053
2017-02-16 13:00:00,2017-02-16 13:00:00,540.0593
2017-02-16 14:00:00,2017-02-16 14:00:00,546.399
2017-02-16 15:00:00,2017-02-16 15:00:00,544.4305
2017-02-16 16:00:00,2017-02-16 16:00:00,541.1742
2017-02-16 17:00:00,2017-02-16 17:00:00,538.0915
2017-02-16 18:00:00,2017-02-16 18:00:00,523.724
2017-02-16 19:00:00,2017-02-16 19:00:00,514.7055
2017-02-16 20:00:00,2017-02-16 20:00:00,508.89
2017-02-16 21:00:00,2017-02-16 21:00:00,503.6905
2017-02-16 22:00:00,2017-02-16 22:00:00,492.912
2017-02-16 23:00:00,2017-02-16 23:00:00,490.036
2017-02-17 00:00:00,2017-02-17 00:00:00,495.5795
2017-02-17 01:00:00,2017-02-17 01:00:00,493.0815
2017-02-17 02:00:00,2017-02-17 02:00:00,493.6243
2017-02-17 03:00:00,2017-02-17 03:00:00,493.6572
2017-02-17 04:00:00,2017-02-17 04:00:00,493.8688
2017-02-17 05:00:00,2017-02-17 05:00:00,493.8115
2017-02-17 06:00:00,2017-02-17 06:00:00,505.893
2017-02-17 07:00:00,2017-02-17 07:00:00,506.4933
2017-02-17 08:00:00,2017-02-17 08:00:00,516.0937
2017-02-17 09:00:00,2017-02-17 09:00:00,521.544
2017-02-17 10:00:00,2017-02-17 10:00:00,528.1855
2017-02-17 11:00:00,2017-02-17 11:00:00,530.2725
2017-02-17 12:00:00,2017-02-17 12:00:00,526.2225
2017-02-17 13:00:00,2017-02-17 13:00:00,527.5685
2017-02-17 14:00:00,2017-02-17 14:00:00,524.8975
2017-02-17 15:00:00,2017-02-17 15:00:00,531.2405
2017-02-17 16:00:00,2017-02-17 16:00:00,531.8977
2017-02-17 17:00:00,2017-02-17 17:00:00,525.393
2017-02-17 18:00:00,2017-02-17 18:00:00,510.289
2017-02-17 19:00:00,2017-02-17 19:00:00,502.4342
2017-02-17 20:00:00,2017-02-17 20:00:00,497.303
2017-02-17 21:00:00,2017-02-17 21:00:00,492.1295
2017-02-17 22:00:00,2017-02-17 22:00:00,492.315
2017-02-17 23:00:00,2017-02-17 23:00:00,489.8098
2017-02-18 00:00:00,2017-02-18 00:00:00,488.1632
2017-02-18 01:00:00,2017-02-18 01:00:00,486.87
2017-02-18 02:00:00,2017-02-18 02:00:00,487.5912
2017-02-18 03:00:00,2017-02-18 03:00:00,488.1332
2017-02-18 04:00:00,2017-02-18 04:00:00,488.786
2017-02-18 05:00:00,2017-02-18 05:00:00,489.465
2017-02-18 06:00:00,2017-02-18 06:00:00,501.1745
2017-02-18 07:00:00,2017-02-18 07:00:00,506.6048
2017-02-18 08:00:00,2017-02-18 08:00:00,505.1994
2017-02-18 09:00:00,2017-02-18 09:00:00,503.6523
2017-02-18 10:00:00,2017-02-18 10:00:00,507.7202
2017-02-18 11:00:00,2017-02-18 11:00:00,505.9355
2017-02-18 12:00:00,2017-02-18 12:00:00,508.98
2017-02-18 13:00:00,2017-02-18 13:00:00,507.5188
2017-02-18 14:00:00,2017-02-18 14:00:00,509.388
2017-02-18 15:00:00,2017-02-18 15:00:00,507.246
2017-02-18 16:00:00,2017-02-18 16:00:00,509.7615
2017-02-18 17:00:00,2017-02-18 17:00:00,511.274
2017-02-18 18:00:00,2017-02-18 18:00:00,500.731
2017-02-18 19:00:00,2017-02-18 19:00:00,496.0587
2017-02-18 20:00:00,2017-02-18 20:00:00,496.6695
2017-02-18 21:00:00,2017-02-18 21:00:00,497.5055
2017-02-18 22:00:00,2017-02-18 22:00:00,494.8662
2017-02-18 23:00:00,2017-02-18 23:00:00,493.948
2017-02-19 00:00:00,2017-02-19 00:00:00,486.5265
2017-02-19 01:00:00,2017-02-19 01:00:00,484.4847
2017-02-19 02:00:00,2017-02-19 02:00:00,482.1885
2017-02-19 03:00:00,2017-02-19 03:00:00,482.1415
2017-02-19 04:00:00,2017-02-19 04:00:00,484.9925
2017-02-19 05:00:00,2017-02-19 05:00:00,482.9567
2017-02-19 06:00:00,2017-02-19 06:00:00,497.234
2017-02-19 07:00:00,2017-02-19 07:00:00,499.9302
2017-02-19 08:00:00,2017-02-19 08:00:00,497.1322
2017-02-19 09:00:00,2017-02-19 09:00:00,494.353
2017-02-19 10:00:00,2017-02-19 10:00:00,491.2265
2017-02-19 11:00:00,2017-02-19 11:00:00,497.6305
2017-02-19 12:00:00,2017-02-19 12:00:00,502.7613
2017-02-19 13:00:00,2017-02-19 13:00:00,505.5463
2017-02-19 14:00:00,2017-02-19 14:00:00,506.0897
2017-02-19 15:00:00,2017-02-19 15:00:00,509.5698
2017-02-19 16:00:00,2017-02-19 16:00:00,505.2445
2017-02-19 17:00:00,2017-02-19 17:00:00,505.807
2017-02-19 18:00:00,2017-02-19 18:00:00,493.7795
2017-02-19 19:00:00,2017-02-19 19:00:00,492.5928
2017-02-19 20:00:00,2017-02-19 20:00:00,494.8288
2017-02-19 21:00:00,2017-02-19 21:00:00,493.746
2017-02-19 22:00:00,2017-02-19 22:00:00,489.8032
2017-02-19 23:00:00,2017-02-19 23:00:00,489.321
2017-02-20 00:00:00,2017-02-20 00:00:00,493.7025
2017-02-20 01:00:00,2017-02-20 01:00:00,489.4552
2017-02-20 02:00:00,2017-02-20 02:00:00,490.0038
2017-02-20 03:00:00,2017-02-20 03:00:00,492.942
2017-02-20 04:00:00,2017-02-20 04:00:00,492.0782
2017-02-20 05:00:00,2017-02-20 05:00:00,491.0355
2017-02-20 06:00:00,2017-02-20 06:00:00,501.3432
2017-02-20 07:00:00,2017-02-20 07:00:00,501.4403
2017-02-20 08:00:00,2017-02-20 08:00:00,503.6225
2017-02-20 09:00:00,2017-02-20 09:00:00,512.2013
2017-02-20 10:00:00,2017-02-20 10:00:00,518.9078
2017-02-20 11:00:00,2017-02-20 11:00:00,524.461
2017-02-20 12:00:00,2017-02-20 12:00:00,520.4935
2017-02-20 13:00:00,2017-02-20 13:00:00,524.9948
2017-02-20 14:00:00,2017-02-20 14:00:00,535.243
2017-02-20 15:00:00,2017-02-20 15:00:00,527.263
2017-02-20 16:00:00,2017-02-20 16:00:00,525.2825
2017-02-20 17:00:00,2017-02-20 17:00:00,526.2277
2017-02-20 18:00:00,2017-02-20 18:00:00,506.8153
2017-02-20 19:00:00,2017-02-20 19:00:00,497.302
2017-02-20 20:00:00,2017-02-20 20:00:00,494.5025
2017-02-20 21:00:00,2017-02-20 21:00:00,494.895
2017-02-20 22:00:00,2017-02-20 22:00:00,493.179
2017-02-20 23:00:00,2017-02-20 23:00:00,493.8525
2017-02-21 00:00:00,2017-02-21 00:00:00,492.3698
2017-02-21 01:00:00,2017-02-21 01:00:00,490.9337
2017-02-21 02:00:00,2017-02-21 02:00:00,490.0265
2017-02-21 03:00:00,2017-02-21 03:00:00,488.4598
2017-02-21 04:00:00,2017-02-21 04:00:00,488.9888
2017-02-21 05:00:00,2017-02-21 05:00:00,492.604
2017-02-21 06:00:00,2017-02-21 06:00:00,506.1735
2017-02-21 07:00:00,2017-02-21 07:00:00,511.8255
2017-02-21 08:00:00,2017-02-21 08:00:00,518.3472
2017-02-21 09:00:00,2017-02-21 09:00:00,527.2168
2017-02-21 10:00:00,2017-02-21 10:00:00,537.1695
2017-02-21 11:00:00,2017-02-21 11:00:00,529.9332
2017-02-21 12:00:00,2017-02-21 12:00:00,531.058
2017-02-21 13:00:00,2017-02-21 13:00:00,537.2808
2017-02-21 14:00:00,2017-02-21 14:00:00,534.989
2017-02-21 15:00:00,2017-02-21 15:00:00,541.803
2017-02-21 16:00:00,2017-02-21 16:00:00,541.099
2017-02-21 17:00:00,2017-02-21 17:00:00,535.838
2017-02-21 18:00:00,2017-02-21 18:00:00,517.7593
2017-02-21 19:00:00,2017-02-21 19:00:00,507.9745
2017-02-21 20:00:00,2017-02-21 20:00:00,506.9135
2017-02-21 21:00:00,2017-02-21 21:00:00,505.502
2017-02-21 22:00:00,2017-02-21 22:00:00,499.9783
2017-02-21 23:00:00,2017-02-21 23:00:00,498.3515
2017-02-22 00:00:00,2017-02-22 00:00:00,495.556
2017-02-22 01:00:00,2017-02-22 01:00:00,494.772
2017-02-22 02:00:00,2017-02-22 02:00:00,496.941
2017-02-22 03:00:00,2017-02-22 03:00:00,496.5448
2017-02-22 04:00:00,2017-02-22 04:00:00,499.319
2017-02-22 05:00:00,2017-02-22 05:00:00,500.2125
2017-02-22 06:00:00,2017-02-22 06:00:00,515.5245
2017-02-22 07:00:00,2017-02-22 07:00:00,515.5025
2017-02-22 08:00:00,2017-02-22 08:00:00,522.6393
2017-02-22 09:00:00,2017-02-22 09:00:00,527.4095
2017-02-22 10:00:00,2017-02-22 10:00:00,535.5082
2017-02-22 11:00:00,2017-02-22 11:00:00,534.0167
2017-02-22 12:00:00,2017-02-22 12:00:00,528.6975
2017-02-22 13:00:00,2017-02-22 13:00:00,523.8575
2017-02-22 14:00:00,2017-02-22 14:00:00,529.8527
2017-02-22 15:00:00,2017-02-22 15:00:00,526.7683
2017-02-22 16:00:00,2017-02-22 16:00:00,528.5017
2017-02-22 17:00:00,2017-02-22 17:00:00,533.0718
2017-02-22 18:00:00,2017-02-22 18:00:00,513.8445
2017-02-22 19:00:00,2017-02-22 19:00:00,503.5315
2017-02-22 20:00:00,2017-02-22 20:00:00,503.4655
2017-02-22 21:00:00,2017-02-22 21:00:00,502.3302
2017-02-22 22:00:00,2017-02-22 22:00:00,502.6783
2017-02-22 23:00:00,2017-02-22 23:00:00,502.3667
2017-02-23 00:00:00,2017-02-23 00:00:00,499.2063
2017-02-23 01:00:00,2017-02-23 01:00:00,496.322
2017-02-23 02:00:00,2017-02-23 02:00:00,496.7345
2017-02-23 03:00:00,2017-02-23 03:00:00,498.7182
2017-02-23 04:00:00,2017-02-23 04:00:00,499.051
2017-02-23 05:00:00,2017-02-23 05:00:00,500.9262
2017-02-23 06:00:00,2017-02-23 06:00:00,516.1647
2017-02-23 07:00:00,2017-02-23 07:00:00,508.4495
2017-02-23 08:00:00,2017-02-23 08:00:00,519.938
2017-02-23 09:00:00,2017-02-23 09:00:00,527.6308
2017-02-23 10:00:00,2017-02-23 10:00:00,532.712
2017-02-23 11:00:00,2017-02-23 11:00:00,534.889
2017-02-23 12:00:00,2017-02-23 12:00:00,539.6712
2017-02-23 13:00:00,2017-02-23 13:00:00,537.0305
2017-02-23 14:00:00,2017-02-23 14:00:00,543.654
2017-02-23 15:00:00,2017-02-23 15:00:00,543.756
2017-02-23 16:00:00,2017-02-23 16:00:00,541.3273
2017-02-23 17:00:00,2017-02-23 17:00:00,539.663
2017-02-23 18:00:00,2017-02-23 18:00:00,521.239
2017-02-23 19:00:00,2017-02-23 19:00:00,513.9155
2017-02-23 20:00:00,2017-02-23 20:00:00,518.5712
2017-02-23 21:00:00,2017-02-23 21:00:00,516.3622
2017-02-23 22:00:00,2017-02-23 22:00:00,515.1105
2017-02-23 23:00:00,2017-02-23 23:00:00,515.1852
2017-02-24 00:00:00,2017-02-24 00:00:00,509.0258
2017-02-24 01:00:00,2017-02-24 01:00:00,510.0565
2017-02-24 02:00:00,2017-02-24 02:00:00,508.4998
2017-02-24 03:00:00,2017-02-24 03:00:00,506.2468
2017-02-24 04:00:00,2017-02-24 04:00:00,505.9623
2017-02-24 05:00:00,2017-02-24 05:00:00,506.3337
2017-02-24 06:00:00,2017-02-24 06:00:00,528.4067
2017-02-24 07:00:00,2017-02-24 07:00:00,528.9135
2017-02-24 08:00:00,2017-02-24 08:00:00,532.355
2017-02-24 09:00:00,2017-02-24 09:00:00,538.5243
2017-02-24 10:00:00,2017-02-24 10:00:00,545.6903
2017-02-24 11:00:00,2017-02-24 11:00:00,544.7767
2017-02-24 12:00:00,2017-02-24 12:00:00,534.1285
2017-02-24 13:00:00,2017-02-24 13:00:00,534.0082
2017-02-24 14:00:00,2017-02-24 14:00:00,531.806
2017-02-24 15:00:00,2017-02-24 15:00:00,530.3667
2017-02-24 16:00:00,2017-02-24 16:00:00,532.3125
2017-02-24 17:00:00,2017-02-24 17:00:00,532.005
2017-02-24 18:00:00,2017-02-24 18:00:00,514.1365
2017-02-24 19:00:00,2017-02-24 19:00:00,510.0932
2017-02-24 20:00:00,2017-02-24 20:00:00,508.2913
2017-02-24 21:00:00,2017-02-24 21:00:00,509.2065
2017-02-24 22:00:00,2017-02-24 22:00:00,508.9005
2017-02-24 23:00:00,2017-02-24 23:00:00,507.1485
2017-02-25 00:00:00,2017-02-25 00:00:00,502.3895
2017-02-25 01:00:00,2017-02-25 01:00:00,501.5005
2017-02-25 02:00:00,2017-02-25 02:00:00,501.8748
2017-02-25 03:00:00,2017-02-25 03:00:00,503.1882
2017-02-25 04:00:00,2017-02-25 04:00:00,501.3025
2017-02-25 05:00:00,2017-02-25 05:00:00,503.2485
2017-02-25 06:00:00,2017-02-25 06:00:00,520.5295
2017-02-25 07:00:00,2017-02-25 07:00:00,521.156
2017-02-25 08:00:00,2017-02-25 08:00:00,519.5025
2017-02-25 09:00:00,2017-02-25 09:00:00,517.8192
2017-02-25 10:00:00,2017-02-25 10:00:00,516.9542
2017-02-25 11:00:00,2017-02-25 11:00:00,515.603
2017-02-25 12:00:00,2017-02-25 12:00:00,510.7865
2017-02-25 13:00:00,2017-02-25 13:00:00,505.0985
2017-02-25 14:00:00,2017-02-25 14:00:00,506.3695
2017-02-25 15:00:00,2017-02-25 15:00:00,510.5548
2017-02-25 16:00:00,2017-02-25 16:00:00,515.2877
2017-02-25 17:00:00,2017-02-25 17:00:00,515.3407
2017-02-25 18:00:00,2017-02-25 18:00:00,502.2417
2017-02-25 19:00:00,2017-02-25 19:00:00,501.07
2017-02-25 20:00:00,2017-02-25 20:00:00,503.1142
2017-02-25 21:00:00,2017-02-25 21:00:00,505.1707
2017-02-25 22:00:00,2017-02-25 22:00:00,505.1307
2017-02-25 23:00:00,2017-02-25 23:00:00,505.6125
2017-02-26 00:00:00,2017-02-26 00:00:00,501.96
2017-02-26 01:00:00,2017-02-26 01:00:00,502.9328
2017-02-26 02:00:00,2017-02-26 02:00:00,505.8873
2017-02-26 03:00:00,2017-02-26 03:00:00,506.4982
2017-02-26 04:00:00,2017-02-26 04:00:00,507.2635
2017-02-26 05:00:00,2017-02-26 05:00:00,508.273
2017-02-26 06:00:00,2017-02-26 06:00:00,524.0822
2017-02-26 07:00:00,2017-02-26 07:00:00,525.9443
2017-02-26 08:00:00,2017-02-26 08:00:00,520.7887
2017-02-26 09:00:00,2017-02-26 09:00:00,514.993
2017-02-26 10:00:00,2017-02-26 10:00:00,512.2278
2017-02-26 11:00:00,2017-02-26 11:00:00,508.4595
2017-02-26 12:00:00,2017-02-26 12:00:00,505.3428
2017-02-26 13:00:00,2017-02-26 13:00:00,504.599
2017-02-26 14:00:00,2017-02-26 14:00:00,505.0202
2017-02-26 15:00:00,2017-02-26 15:00:00,505.07
2017-02-26 16:00:00,2017-02-26 16:00:00,505.1818
2017-02-26 17:00:00,2017-02-26 17:00:00,509.9943
2017-02-26 18:00:00,2017-02-26 18:00:00,503.6935
2017-02-26 19:00:00,2017-02-26 19:00:00,502.9802
2017-02-26 20:00:00,2017-02-26 20:00:00,500.9717
2017-02-26 21:00:00,2017-02-26 21:00:00,501.5655
2017-02-26 22:00:00,2017-02-26 22:00:00,496.738
2017-02-26 23:00:00,2017-02-26 23:00:00,498.3858
2017-02-27 00:00:00,2017-02-27 00:00:00,500.0322
2017-02-27 01:00:00,2017-02-27 01:00:00,500.4492
2017-02-27 02:00:00,2017-02-27 02:00:00,500.7298
2017-02-27 03:00:00,2017-02-27 03:00:00,501.6155
2017-02-27 04:00:00,2017-02-27 04:00:00,502.367
2017-02-27 05:00:00,2017-02-27 05:00:00,504.4063
2017-02-27 06:00:00,2017-02-27 06:00:00,520.1918
2017-02-27 07:00:00,2017-02-27 07:00:00,524.6742
2017-02-27 08:00:00,2017-02-27 08:00:00,533.4552
2017-02-27 09:00:00,2017-02-27 09:00:00,532.1023
2017-02-27 10:00:00,2017-02-27 10:00:00,532.2405
2017-02-27 11:00:00,2017-02-27 11:00:00,536.6233
2017-02-27 12:00:00,2017-02-27 12:00:00,527.0315
2017-02-27 13:00:00,2017-02-27 13:00:00,529.1887
2017-02-27 14:00:00,2017-02-27 14:00:00,531.1952
2017-02-27 15:00:00,2017-02-27 15:00:00,531.0402
2017-02-27 16:00:00,2017-02-27 16:00:00,532.3462
2017-02-27 17:00:00,2017-02-27 17:00:00,530.3405
2017-02-27 18:00:00,2017-02-27 18:00:00,521.1983
2017-02-27 19:00:00,2017-02-27 19:00:00,516.938
2017-02-27 20:00:00,2017-02-27 20:00:00,516.6155
2017-02-27 21:00:00,2017-02-27 21:00:00,516.839
2017-02-27 22:00:00,2017-02-27 22:00:00,512.2597
2017-02-27 23:00:00,2017-02-27 23:00:00,511.3295
2017-02-28 00:00:00,2017-02-28 00:00:00,508.1315
2017-02-28 01:00:00,2017-02-28 01:00:00,506.8305
2017-02-28 02:00:00,2017-02-28 02:00:00,505.9228
2017-02-28 03:00:00,2017-02-28 03:00:00,506.4995
2017-02-28 04:00:00,2017-02-28 04:00:00,508.8127
2017-02-28 05:00:00,2017-02-28 05:00:00,508.37
2017-02-28 06:00:00,2017-02-28 06:00:00,527.1088
2017-02-28 07:00:00,2017-02-28 07:00:00,531.307
2017-02-28 08:00:00,2017-02-28 08:00:00,542.9122
2017-02-28 09:00:00,2017-02-28 09:00:00,550.2072
2017-02-28 10:00:00,2017-02-28 10:00:00,544.8948
2017-02-28 11:00:00,2017-02-28 11:00:00,539.7865
2017-02-28 12:00:00,2017-02-28 12:00:00,537.6092
2017-02-28 13:00:00,2017-02-28 13:00:00,543.365
2017-02-28 14:00:00,2017-02-28 14:00:00,543.4025
2017-02-28 15:00:00,2017-02-28 15:00:00,538.9843
2017-02-28 16:00:00,2017-02-28 16:00:00,537.374
2017-02-28 17:00:00,2017-02-28 17:00:00,531.874
2017-02-28 18:00:00,2017-02-28 18:00:00,518.9303
2017-02-28 19:00:00,2017-02-28 19:00:00,512.8453
2017-02-28 20:00:00,2017-02-28 20:00:00,514.4018
2017-02-28 21:00:00,2017-02-28 21:00:00,506.1835
2017-02-28 22:00:00,2017-02-28 22:00:00,505.1262
2017-02-28 23:00:00,2017-02-28 23:00:00,505.512
2017-03-01 00:00:00,2017-03-01 00:00:00,502.6263
2017-03-01 01:00:00,2017-03-01 01:00:00,502.8792
2017-03-01 02:00:00,2017-03-01 02:00:00,503.5962
2017-03-01 03:00:00,2017-03-01 03:00:00,504.4228
2017-03-01 04:00:00,2017-03-01 04:00:00,502.7565
2017-03-01 05:00:00,2017-03-01 05:00:00,501.6678
2017-03-01 06:00:00,2017-03-01 06:00:00,517.0383
2017-03-01 07:00:00,2017-03-01 07:00:00,519.2975
2017-03-01 08:00:00,2017-03-01 08:00:00,525.7415
2017-03-01 09:00:00,2017-03-01 09:00:00,526.9158
2017-03-01 10:00:00,2017-03-01 10:00:00,532.6138
2017-03-01 11:00:00,2017-03-01 11:00:00,540.8585
2017-03-01 12:00:00,2017-03-01 12:00:00,540.2075
2017-03-01 13:00:00,2017-03-01 13:00:00,535.1135
2017-03-01 14:00:00,2017-03-01 14:00:00,541.4982
2017-03-01 15:00:00,2017-03-01 15:00:00,540.4767
2017-03-01 16:00:00,2017-03-01 16:00:00,534.3562
2017-03-01 17:00:00,2017-03-01 17:00:00,529.891
2017-03-01 18:00:00,2017-03-01 18:00:00,518.5877
2017-03-01 19:00:00,2017-03-01 19:00:00,514.6502
2017-03-01 20:00:00,2017-03-01 20:00:00,514.1725
2017-03-01 21:00:00,2017-03-01 21:00:00,506.6472
2017-03-01 22:00:00,2017-03-01 22:00:00,504.4165
2017-03-01 23:00:00,2017-03-01 23:00:00,503.089
2017-03-02 00:00:00,2017-03-02 00:00:00,502.4392
2017-03-02 01:00:00,2017-03-02 01:00:00,501.0255
2017-03-02 02:00:00,2017-03-02 02:00:00,500.9825
2017-03-02 03:00:00,2017-03-02 03:00:00,498.9207
2017-03-02 04:00:00,2017-03-02 04:00:00,497.1443
2017-03-02 05:00:00,2017-03-02 05:00:00,501.549
2017-03-02 06:00:00,2017-03-02 06:00:00,516.9122
2017-03-02 07:00:00,2017-03-02 07:00:00,517.189
2017-03-02 08:00:00,2017-03-02 08:00:00,520.6605
2017-03-02 09:00:00,2017-03-02 09:00:00,525.099
2017-03-02 10:00:00,2017-03-02 10:00:00,525.5462
2017-03-02 11:00:00,2017-03-02 11:00:00,528.4988
2017-03-02 12:00:00,2017-03-02 12:00:00,528.8645
2017-03-02 13:00:00,2017-03-02 13:00:00,528.4342
2017-03-02 14:00:00,2017-03-02 14:00:00,533.3235
2017-03-02 15:00:00,2017-03-02 15:00:00,534.7373
2017-03-02 16:00:00,2017-03-02 16:00:00,528.7267
2017-03-02 17:00:00,2017-03-02 17:00:00,531.4047
2017-03-02 18:00:00,2017-03-02 18:00:00,515.3735
2017-03-02 19:00:00,2017-03-02 19:00:00,503.0762
2017-03-02 20:00:00,2017-03-02 20:00:00,493.889
2017-03-02 21:00:00,2017-03-02 21:00:00,485.1355
2017-03-02 22:00:00,2017-03-02 22:00:00,487.0058
2017-03-02 23:00:00,2017-03-02 23:00:00,487.1877
2017-03-03 00:00:00,2017-03-03 00:00:00,482.6367
2017-03-03 01:00:00,2017-03-03 01:00:00,482.884
2017-03-03 02:00:00,2017-03-03 02:00:00,483.2848
2017-03-03 03:00:00,2017-03-03 03:00:00,483.3838
2017-03-03 04:00:00,2017-03-03 04:00:00,481.8262
2017-03-03 05:00:00,2017-03-03 05:00:00,482.5957
2017-03-03 06:00:00,2017-03-03 06:00:00,496.2645
2017-03-03 07:00:00,2017-03-03 07:00:00,500.7322
2017-03-03 08:00:00,2017-03-03 08:00:00,505.7428
2017-03-03 09:00:00,2017-03-03 09:00:00,514.1298
2017-03-03 10:00:00,2017-03-03 10:00:00,520.7455
2017-03-03 11:00:00,2017-03-03 11:00:00,527.848
2017-03-03 12:00:00,2017-03-03 12:00:00,526.133
2017-03-03 13:00:00,2017-03-03 13:00:00,538.0542
2017-03-03 14:00:00,2017-03-03 14:00:00,534.8002
2017-03-03 15:00:00,2017-03-03 15:00:00,530.4968
2017-03-03 16:00:00,2017-03-03 16:00:00,522.4363
2017-03-03 17:00:00,2017-03-03 17:00:00,516.9865
2017-03-03 18:00:00,2017-03-03 18:00:00,499.9508
2017-03-03 19:00:00,2017-03-03 19:00:00,497.2905
2017-03-03 20:00:00,2017-03-03 20:00:00,496.4522
2017-03-03 21:00:00,2017-03-03 21:00:00,493.0438
2017-03-03 22:00:00,2017-03-03 22:00:00,488.343
2017-03-03 23:00:00,2017-03-03 23:00:00,485.5815
2017-03-04 00:00:00,2017-03-04 00:00:00,488.271
2017-03-04 01:00:00,2017-03-04 01:00:00,486.0038
2017-03-04 02:00:00,2017-03-04 02:00:00,485.6263
2017-03-04 03:00:00,2017-03-04 03:00:00,486.9522
2017-03-04 04:00:00,2017-03-04 04:00:00,486.318
2017-03-04 05:00:00,2017-03-04 05:00:00,485.4368
2017-03-04 06:00:00,2017-03-04 06:00:00,495.8795
2017-03-04 07:00:00,2017-03-04 07:00:00,498.232
2017-03-04 08:00:00,2017-03-04 08:00:00,497.8413
2017-03-04 09:00:00,2017-03-04 09:00:00,499.0965
2017-03-04 10:00:00,2017-03-04 10:00:00,499.553
2017-03-04 11:00:00,2017-03-04 11:00:00,500.2668
2017-03-04 12:00:00,2017-03-04 12:00:00,499.0442
2017-03-04 13:00:00,2017-03-04 13:00:00,501.8155
2017-03-04 14:00:00,2017-03-04 14:00:00,503.1852
2017-03-04 15:00:00,2017-03-04 15:00:00,503.834
2017-03-04 16:00:00,2017-03-04 16:00:00,503.7252
2017-03-04 17:00:00,2017-03-04 17:00:00,506.2605
2017-03-04 18:00:00,2017-03-04 18:00:00,493.7547
2017-03-04 19:00:00,2017-03-04 19:00:00,495.081
2017-03-04 20:00:00,2017-03-04 20:00:00,494.897
2017-03-04 21:00:00,2017-03-04 21:00:00,496.1545
2017-03-04 22:00:00,2017-03-04 22:00:00,491.721
2017-03-04 23:00:00,2017-03-04 23:00:00,489.4095
2017-03-05 00:00:00,2017-03-05 00:00:00,488.1363
2017-03-05 01:00:00,2017-03-05 01:00:00,487.9672
2017-03-05 02:00:00,2017-03-05 02:00:00,486.614
2017-03-05 03:00:00,2017-03-05 03:00:00,489.1474
2017-03-05 04:00:00,2017-03-05 04:00:00,491.9547
2017-03-05 05:00:00,2017-03-05 05:00:00,491.604
2017-03-05 06:00:00,2017-03-05 06:00:00,512.252
2017-03-05 07:00:00,2017-03-05 07:00:00,514.3524
2017-03-05 08:00:00,2017-03-05 08:00:00,512.0167
2017-03-05 09:00:00,2017-03-05 09:00:00,508.5482
2017-03-05 10:00:00,2017-03-05 10:00:00,507.4313
2017-03-05 11:00:00,2017-03-05 11:00:00,513.261
2017-03-05 12:00:00,2017-03-05 12:00:00,512.5885
2017-03-05 13:00:00,2017-03-05 13:00:00,511.563
2017-03-05 14:00:00,2017-03-05 14:00:00,508.3487
2017-03-05 15:00:00,2017-03-05 15:00:00,511.5858
2017-03-05 16:00:00,2017-03-05 16:00:00,512.9137
2017-03-05 17:00:00,2017-03-05 17:00:00,513.4862
2017-03-05 18:00:00,2017-03-05 18:00:00,505.5015
2017-03-05 19:00:00,2017-03-05 19:00:00,504.2095
2017-03-05 20:00:00,2017-03-05 20:00:00,504.6178
2017-03-05 21:00:00,2017-03-05 21:00:00,502.6795
2017-03-05 22:00:00,2017-03-05 22:00:00,501.3777
2017-03-05 23:00:00,2017-03-05 23:00:00,497.2955
2017-03-06 00:00:00,2017-03-06 00:00:00,485.4512
2017-03-06 01:00:00,2017-03-06 01:00:00,486.8235
2017-03-06 02:00:00,2017-03-06 02:00:00,486.4245
2017-03-06 03:00:00,2017-03-06 03:00:00,486.966
2017-03-06 04:00:00,2017-03-06 04:00:00,486.931
2017-03-06 05:00:00,2017-03-06 05:00:00,487.0212
2017-03-06 06:00:00,2017-03-06 06:00:00,505.246
2017-03-06 07:00:00,2017-03-06 07:00:00,512.1912
2017-03-06 08:00:00,2017-03-06 08:00:00,519.7387
2017-03-06 09:00:00,2017-03-06 09:00:00,529.2742
2017-03-06 10:00:00,2017-03-06 10:00:00,531.9822
2017-03-06 11:00:00,2017-03-06 11:00:00,538.7725
2017-03-06 12:00:00,2017-03-06 12:00:00,541.2938
2017-03-06 13:00:00,2017-03-06 13:00:00,565.44
2017-03-06 14:00:00,2017-03-06 14:00:00,584.3872
2017-03-06 15:00:00,2017-03-06 15:00:00,583.1315
2017-03-06 16:00:00,2017-03-06 16:00:00,548.03
2017-03-06 17:00:00,2017-03-06 17:00:00,533.5635
2017-03-06 18:00:00,2017-03-06 18:00:00,513.577
2017-03-06 19:00:00,2017-03-06 19:00:00,504.9125
2017-03-06 20:00:00,2017-03-06 20:00:00,502.752
2017-03-06 21:00:00,2017-03-06 21:00:00,500.3015
2017-03-06 22:00:00,2017-03-06 22:00:00,496.3322
2017-03-06 23:00:00,2017-03-06 23:00:00,495.1005
2017-03-07 00:00:00,2017-03-07 00:00:00,495.1253
2017-03-07 01:00:00,2017-03-07 01:00:00,491.43
2017-03-07 02:00:00,2017-03-07 02:00:00,489.5675
2017-03-07 03:00:00,2017-03-07 03:00:00,488.7013
2017-03-07 04:00:00,2017-03-07 04:00:00,488.6983
2017-03-07 05:00:00,2017-03-07 05:00:00,489.965
2017-03-07 06:00:00,2017-03-07 06:00:00,505.3138
2017-03-07 07:00:00,2017-03-07 07:00:00,509.0707
2017-03-07 08:00:00,2017-03-07 08:00:00,522.4727
2017-03-07 09:00:00,2017-03-07 09:00:00,530.5268
2017-03-07 10:00:00,2017-03-07 10:00:00,537.2955
2017-03-07 11:00:00,2017-03-07 11:00:00,539.171
2017-03-07 12:00:00,2017-03-07 12:00:00,543.1985
2017-03-07 13:00:00,2017-03-07 13:00:00,549.6225
2017-03-07 14:00:00,2017-03-07 14:00:00,545.8077
2017-03-07 15:00:00,2017-03-07 15:00:00,547.729
2017-03-07 16:00:00,2017-03-07 16:00:00,533.2138
2017-03-07 17:00:00,2017-03-07 17:00:00,532.5905
2017-03-07 18:00:00,2017-03-07 18:00:00,523.1164
2017-03-07 19:00:00,2017-03-07 19:00:00,512.3022
2017-03-07 20:00:00,2017-03-07 20:00:00,503.7815
2017-03-07 21:00:00,2017-03-07 21:00:00,498.2982
2017-03-07 22:00:00,2017-03-07 22:00:00,496.2348
2017-03-07 23:00:00,2017-03-07 23:00:00,492.2573
2017-03-08 00:00:00,2017-03-08 00:00:00,489.7605
2017-03-08 01:00:00,2017-03-08 01:00:00,488.1702
2017-03-08 02:00:00,2017-03-08 02:00:00,487.7292
2017-03-08 03:00:00,2017-03-08 03:00:00,485.7717
2017-03-08 04:00:00,2017-03-08 04:00:00,485.0593
2017-03-08 05:00:00,2017-03-08 05:00:00,484.9515
2017-03-08 06:00:00,2017-03-08 06:00:00,499.78
2017-03-08 07:00:00,2017-03-08 07:00:00,502.3415
2017-03-08 08:00:00,2017-03-08 08:00:00,504.971
2017-03-08 09:00:00,2017-03-08 09:00:00,515.155
2017-03-08 10:00:00,2017-03-08 10:00:00,524.6347
2017-03-08 11:00:00,2017-03-08 11:00:00,526.536
2017-03-08 12:00:00,2017-03-08 12:00:00,532.6998
2017-03-08 13:00:00,2017-03-08 13:00:00,538.241
2017-03-08 14:00:00,2017-03-08 14:00:00,550.274
2017-03-08 15:00:00,2017-03-08 15:00:00,550.9203
2017-03-08 16:00:00,2017-03-08 16:00:00,542.196
2017-03-08 17:00:00,2017-03-08 17:00:00,537.8117
2017-03-08 18:00:00,2017-03-08 18:00:00,518.4752
2017-03-08 19:00:00,2017-03-08 19:00:00,514.2548
2017-03-08 20:00:00,2017-03-08 20:00:00,509.2148
2017-03-08 21:00:00,2017-03-08 21:00:00,500.4455
2017-03-08 22:00:00,2017-03-08 22:00:00,496.3578
2017-03-08 23:00:00,2017-03-08 23:00:00,490.501
2017-03-09 00:00:00,2017-03-09 00:00:00,487.2555
2017-03-09 01:00:00,2017-03-09 01:00:00,484.1793
2017-03-09 02:00:00,2017-03-09 02:00:00,483.1432
2017-03-09 03:00:00,2017-03-09 03:00:00,483.7508
2017-03-09 04:00:00,2017-03-09 04:00:00,486.3285
2017-03-09 05:00:00,2017-03-09 05:00:00,485.646
2017-03-09 06:00:00,2017-03-09 06:00:00,499.3072
2017-03-09 07:00:00,2017-03-09 07:00:00,501.437
2017-03-09 08:00:00,2017-03-09 08:00:00,509.873
2017-03-09 09:00:00,2017-03-09 09:00:00,524.211
2017-03-09 10:00:00,2017-03-09 10:00:00,530.5598
2017-03-09 11:00:00,2017-03-09 11:00:00,549.1647
2017-03-09 12:00:00,2017-03-09 12:00:00,548.826
2017-03-09 13:00:00,2017-03-09 13:00:00,548.5825
2017-03-09 14:00:00,2017-03-09 14:00:00,554.505
2017-03-09 15:00:00,2017-03-09 15:00:00,554.991
2017-03-09 16:00:00,2017-03-09 16:00:00,553.7492
2017-03-09 17:00:00,2017-03-09 17:00:00,546.9485
2017-03-09 18:00:00,2017-03-09 18:00:00,528.8187
2017-03-09 19:00:00,2017-03-09 19:00:00,520.342
2017-03-09 20:00:00,2017-03-09 20:00:00,516.226
2017-03-09 21:00:00,2017-03-09 21:00:00,517.2775
2017-03-09 22:00:00,2017-03-09 22:00:00,504.4492
2017-03-09 23:00:00,2017-03-09 23:00:00,500.6692
2017-03-10 00:00:00,2017-03-10 00:00:00,497.2438
2017-03-10 01:00:00,2017-03-10 01:00:00,497.641
2017-03-10 02:00:00,2017-03-10 02:00:00,497.614
2017-03-10 03:00:00,2017-03-10 03:00:00,497.127
2017-03-10 04:00:00,2017-03-10 04:00:00,495.538
2017-03-10 05:00:00,2017-03-10 05:00:00,495.1185
2017-03-10 06:00:00,2017-03-10 06:00:00,505.9367
2017-03-10 07:00:00,2017-03-10 07:00:00,511.2195
2017-03-10 08:00:00,2017-03-10 08:00:00,526.591
2017-03-10 09:00:00,2017-03-10 09:00:00,536.009
2017-03-10 10:00:00,2017-03-10 10:00:00,541.7415
2017-03-10 11:00:00,2017-03-10 11:00:00,545.476
2017-03-10 12:00:00,2017-03-10 12:00:00,549.7163
2017-03-10 13:00:00,2017-03-10 13:00:00,551.8855
2017-03-10 14:00:00,2017-03-10 14:00:00,550.737
2017-03-10 15:00:00,2017-03-10 15:00:00,556.334
2017-03-10 16:00:00,2017-03-10 16:00:00,554.4027
2017-03-10 17:00:00,2017-03-10 17:00:00,549.2595
2017-03-10 18:00:00,2017-03-10 18:00:00,522.804
2017-03-10 19:00:00,2017-03-10 19:00:00,518.388
2017-03-10 20:00:00,2017-03-10 20:00:00,514.724
2017-03-10 21:00:00,2017-03-10 21:00:00,514.366
2017-03-10 22:00:00,2017-03-10 22:00:00,511.6545
2017-03-10 23:00:00,2017-03-10 23:00:00,508.3465
2017-03-11 00:00:00,2017-03-11 00:00:00,509.175
2017-03-11 01:00:00,2017-03-11 01:00:00,496.6355
2017-03-11 02:00:00,2017-03-11 02:00:00,494.3612
2017-03-11 03:00:00,2017-03-11 03:00:00,493.7302
2017-03-11 04:00:00,2017-03-11 04:00:00,491.259
2017-03-11 05:00:00,2017-03-11 05:00:00,491.833
2017-03-11 06:00:00,2017-03-11 06:00:00,505.3845
2017-03-11 07:00:00,2017-03-11 07:00:00,506.7975
2017-03-11 08:00:00,2017-03-11 08:00:00,507.5317
2017-03-11 09:00:00,2017-03-11 09:00:00,508.9262
2017-03-11 10:00:00,2017-03-11 10:00:00,518.029
2017-03-11 11:00:00,2017-03-11 11:00:00,527.3327
2017-03-11 12:00:00,2017-03-11 12:00:00,530.0838
2017-03-11 13:00:00,2017-03-11 13:00:00,529.7025
2017-03-11 14:00:00,2017-03-11 14:00:00,526.1748
2017-03-11 15:00:00,2017-03-11 15:00:00,531.128
2017-03-11 16:00:00,2017-03-11 16:00:00,522.5397
2017-03-11 17:00:00,2017-03-11 17:00:00,521.7535
2017-03-11 18:00:00,2017-03-11 18:00:00,506.2595
2017-03-11 19:00:00,2017-03-11 19:00:00,503.1583
2017-03-11 20:00:00,2017-03-11 20:00:00,501.874
2017-03-11 21:00:00,2017-03-11 21:00:00,500.7382
2017-03-11 22:00:00,2017-03-11 22:00:00,502.534
2017-03-11 23:00:00,2017-03-11 23:00:00,503.076
2017-03-12 00:00:00,2017-03-12 00:00:00,498.0507
2017-03-12 01:00:00,2017-03-12 01:00:00,495.9875
2017-03-12 03:00:00,2017-03-12 03:00:00,494.8515
2017-03-12 04:00:00,2017-03-12 04:00:00,499.4895
2017-03-12 05:00:00,2017-03-12 05:00:00,499.0437
2017-03-12 06:00:00,2017-03-12 06:00:00,511.7933
2017-03-12 07:00:00,2017-03-12 07:00:00,514.96
2017-03-12 08:00:00,2017-03-12 08:00:00,513.7738
2017-03-12 09:00:00,2017-03-12 09:00:00,512.5995
2017-03-12 10:00:00,2017-03-12 10:00:00,515.0775
2017-03-12 11:00:00,2017-03-12 11:00:00,518.1992
2017-03-12 12:00:00,2017-03-12 12:00:00,522.8605
2017-03-12 13:00:00,2017-03-12 13:00:00,524.0015
2017-03-12 14:00:00,2017-03-12 14:00:00,523.8268
2017-03-12 15:00:00,2017-03-12 15:00:00,525.0885
2017-03-12 16:00:00,2017-03-12 16:00:00,525.215
2017-03-12 17:00:00,2017-03-12 17:00:00,529.2193
2017-03-12 18:00:00,2017-03-12 18:00:00,510.0897
2017-03-12 19:00:00,2017-03-12 19:00:00,503.7982
2017-03-12 20:00:00,2017-03-12 20:00:00,507.9087
2017-03-12 21:00:00,2017-03-12 21:00:00,507.368
2017-03-12 22:00:00,2017-03-12 22:00:00,502.7852
2017-03-12 23:00:00,2017-03-12 23:00:00,499.8333
2017-03-13 00:00:00,2017-03-13 00:00:00,495.509
2017-03-13 01:00:00,2017-03-13 01:00:00,492.6207
2017-03-13 02:00:00,2017-03-13 02:00:00,491.9418
2017-03-13 03:00:00,2017-03-13 03:00:00,489.507
2017-03-13 04:00:00,2017-03-13 04:00:00,487.2275
2017-03-13 05:00:00,2017-03-13 05:00:00,475.2737
2017-03-13 06:00:00,2017-03-13 06:00:00,480.0625
2017-03-13 07:00:00,2017-03-13 07:00:00,485.2192
2017-03-13 08:00:00,2017-03-13 08:00:00,520.4557
2017-03-13 09:00:00,2017-03-13 09:00:00,523.6375
2017-03-13 10:00:00,2017-03-13 10:00:00,531.079
2017-03-13 11:00:00,2017-03-13 11:00:00,549.9905
2017-03-13 12:00:00,2017-03-13 12:00:00,551.482
2017-03-13 13:00:00,2017-03-13 13:00:00,554.1893
2017-03-13 14:00:00,2017-03-13 14:00:00,563.8248
2017-03-13 15:00:00,2017-03-13 15:00:00,564.7628
2017-03-13 16:00:00,2017-03-13 16:00:00,562.5815
2017-03-13 17:00:00,2017-03-13 17:00:00,566.138
2017-03-13 18:00:00,2017-03-13 18:00:00,535.9072
2017-03-13 19:00:00,2017-03-13 19:00:00,522.8934
2017-03-13 20:00:00,2017-03-13 20:00:00,523.561
2017-03-13 21:00:00,2017-03-13 21:00:00,512.7032
2017-03-13 22:00:00,2017-03-13 22:00:00,506.2868
2017-03-13 23:00:00,2017-03-13 23:00:00,506.1103
2017-03-14 00:00:00,2017-03-14 00:00:00,500.995
2017-03-14 01:00:00,2017-03-14 01:00:00,498.287
2017-03-14 02:00:00,2017-03-14 02:00:00,495.5518
2017-03-14 03:00:00,2017-03-14 03:00:00,494.425
2017-03-14 04:00:00,2017-03-14 04:00:00,492.0423
2017-03-14 05:00:00,2017-03-14 05:00:00,491.95
2017-03-14 06:00:00,2017-03-14 06:00:00,509.252
2017-03-14 07:00:00,2017-03-14 07:00:00,510.305
2017-03-14 08:00:00,2017-03-14 08:00:00,528.3797
2017-03-14 09:00:00,2017-03-14 09:00:00,540.5392
2017-03-14 10:00:00,2017-03-14 10:00:00,552.2798
2017-03-14 11:00:00,2017-03-14 11:00:00,560.1145
2017-03-14 12:00:00,2017-03-14 12:00:00,559.1848
2017-03-14 13:00:00,2017-03-14 13:00:00,568.2865
2017-03-14 14:00:00,2017-03-14 14:00:00,573.481
2017-03-14 15:00:00,2017-03-14 15:00:00,574.3965
2017-03-14 16:00:00,2017-03-14 16:00:00,568.1153
2017-03-14 17:00:00,2017-03-14 17:00:00,594.805
2017-03-14 18:00:00,2017-03-14 18:00:00,587.919
2017-03-14 19:00:00,2017-03-14 19:00:00,599.257
2017-03-14 20:00:00,2017-03-14 20:00:00,604.5153
2017-03-14 21:00:00,2017-03-14 21:00:00,587.1542
2017-03-14 22:00:00,2017-03-14 22:00:00,588.194
2017-03-14 23:00:00,2017-03-14 23:00:00,586.1125
2017-03-15 00:00:00,2017-03-15 00:00:00,561.98
2017-03-15 01:00:00,2017-03-15 01:00:00,537.5735
2017-03-15 02:00:00,2017-03-15 02:00:00,536.6795
2017-03-15 03:00:00,2017-03-15 03:00:00,533.8747
2017-03-15 04:00:00,2017-03-15 04:00:00,529.0517
2017-03-15 05:00:00,2017-03-15 05:00:00,521.3828
2017-03-15 06:00:00,2017-03-15 06:00:00,545.6363
2017-03-15 07:00:00,2017-03-15 07:00:00,532.612
2017-03-15 08:00:00,2017-03-15 08:00:00,566.1968
2017-03-15 09:00:00,2017-03-15 09:00:00,573.3543
2017-03-15 10:00:00,2017-03-15 10:00:00,579.905
2017-03-15 11:00:00,2017-03-15 11:00:00,586.9965
2017-03-15 12:00:00,2017-03-15 12:00:00,591.8465
2017-03-15 13:00:00,2017-03-15 13:00:00,592.2577
2017-03-15 14:00:00,2017-03-15 14:00:00,598.5072
2017-03-15 15:00:00,2017-03-15 15:00:00,613.3495
2017-03-15 16:00:00,2017-03-15 16:00:00,605.7807
2017-03-15 17:00:00,2017-03-15 17:00:00,597.5458
2017-03-15 18:00:00,2017-03-15 18:00:00,577.8077
2017-03-15 19:00:00,2017-03-15 19:00:00,567.265
2017-03-15 20:00:00,2017-03-15 20:00:00,563.8303
2017-03-15 21:00:00,2017-03-15 21:00:00,559.4128
2017-03-15 22:00:00,2017-03-15 22:00:00,555.4015
2017-03-15 23:00:00,2017-03-15 23:00:00,556.3667
2017-03-16 00:00:00,2017-03-16 00:00:00,553.9015
2017-03-16 01:00:00,2017-03-16 01:00:00,553.6483
2017-03-16 02:00:00,2017-03-16 02:00:00,555.1415
2017-03-16 03:00:00,2017-03-16 03:00:00,551.7337
2017-03-16 04:00:00,2017-03-16 04:00:00,550.0587
2017-03-16 05:00:00,2017-03-16 05:00:00,551.8565
2017-03-16 06:00:00,2017-03-16 06:00:00,566.3502
2017-03-16 07:00:00,2017-03-16 07:00:00,572.3833
2017-03-16 08:00:00,2017-03-16 08:00:00,584.3422
2017-03-16 09:00:00,2017-03-16 09:00:00,589.2855
2017-03-16 10:00:00,2017-03-16 10:00:00,578.1225
2017-03-16 11:00:00,2017-03-16 11:00:00,620.7485
2017-03-16 12:00:00,2017-03-16 12:00:00,636.786
2017-03-16 13:00:00,2017-03-16 13:00:00,640.3065
2017-03-16 14:00:00,2017-03-16 14:00:00,647.0993
2017-03-16 15:00:00,2017-03-16 15:00:00,631.7125
2017-03-16 16:00:00,2017-03-16 16:00:00,561.777
2017-03-16 17:00:00,2017-03-16 17:00:00,544.0948
2017-03-16 18:00:00,2017-03-16 18:00:00,530.8437
2017-03-16 19:00:00,2017-03-16 19:00:00,524.964
2017-03-16 20:00:00,2017-03-16 20:00:00,519.3355
2017-03-16 21:00:00,2017-03-16 21:00:00,514.3233
2017-03-16 22:00:00,2017-03-16 22:00:00,510.3008
2017-03-16 23:00:00,2017-03-16 23:00:00,505.8492
2017-03-17 00:00:00,2017-03-17 00:00:00,500.2275
2017-03-17 01:00:00,2017-03-17 01:00:00,495.034
2017-03-17 02:00:00,2017-03-17 02:00:00,494.0882
2017-03-17 03:00:00,2017-03-17 03:00:00,491.7272
2017-03-17 04:00:00,2017-03-17 04:00:00,492.1932
2017-03-17 05:00:00,2017-03-17 05:00:00,488.4347
2017-03-17 06:00:00,2017-03-17 06:00:00,501.5405
2017-03-17 07:00:00,2017-03-17 07:00:00,505.6398
2017-03-17 08:00:00,2017-03-17 08:00:00,513.3313
2017-03-17 09:00:00,2017-03-17 09:00:00,527.6515
2017-03-17 10:00:00,2017-03-17 10:00:00,541.864
2017-03-17 11:00:00,2017-03-17 11:00:00,544.7185
2017-03-17 12:00:00,2017-03-17 12:00:00,537.9727
2017-03-17 13:00:00,2017-03-17 13:00:00,530.2407
2017-03-17 14:00:00,2017-03-17 14:00:00,541.1625
2017-03-17 15:00:00,2017-03-17 15:00:00,552.5655
2017-03-17 16:00:00,2017-03-17 16:00:00,549.3922
2017-03-17 17:00:00,2017-03-17 17:00:00,542.1665
2017-03-17 18:00:00,2017-03-17 18:00:00,512.9938
2017-03-17 19:00:00,2017-03-17 19:00:00,505.8758
2017-03-17 20:00:00,2017-03-17 20:00:00,496.9822
2017-03-17 21:00:00,2017-03-17 21:00:00,489.666
2017-03-17 22:00:00,2017-03-17 22:00:00,490.1613
2017-03-17 23:00:00,2017-03-17 23:00:00,489.4098
2017-03-18 00:00:00,2017-03-18 00:00:00,479.0762
2017-03-18 01:00:00,2017-03-18 01:00:00,482.1415
2017-03-18 02:00:00,2017-03-18 02:00:00,479.0698
2017-03-18 03:00:00,2017-03-18 03:00:00,472.667
2017-03-18 04:00:00,2017-03-18 04:00:00,469.3335
2017-03-18 05:00:00,2017-03-18 05:00:00,470.3112
2017-03-18 06:00:00,2017-03-18 06:00:00,483.4348
2017-03-18 07:00:00,2017-03-18 07:00:00,484.2027
2017-03-18 08:00:00,2017-03-18 08:00:00,484.4597
2017-03-18 09:00:00,2017-03-18 09:00:00,489.2115
2017-03-18 10:00:00,2017-03-18 10:00:00,490.4292
2017-03-18 11:00:00,2017-03-18 11:00:00,491.6332
2017-03-18 12:00:00,2017-03-18 12:00:00,492.6938
2017-03-18 13:00:00,2017-03-18 13:00:00,495.6957
2017-03-18 14:00:00,2017-03-18 14:00:00,493.822
2017-03-18 15:00:00,2017-03-18 15:00:00,496.363
2017-03-18 16:00:00,2017-03-18 16:00:00,496.7922
2017-03-18 17:00:00,2017-03-18 17:00:00,499.1315
2017-03-18 18:00:00,2017-03-18 18:00:00,487.1075
2017-03-18 19:00:00,2017-03-18 19:00:00,483.9117
2017-03-18 20:00:00,2017-03-18 20:00:00,484.5302
2017-03-18 21:00:00,2017-03-18 21:00:00,486.1082
2017-03-18 22:00:00,2017-03-18 22:00:00,485.3827
2017-03-18 23:00:00,2017-03-18 23:00:00,482.3073
2017-03-19 00:00:00,2017-03-19 00:00:00,480.3235
2017-03-19 01:00:00,2017-03-19 01:00:00,479.5937
2017-03-19 02:00:00,2017-03-19 02:00:00,478.8475
2017-03-19 03:00:00,2017-03-19 03:00:00,479.3442
2017-03-19 04:00:00,2017-03-19 04:00:00,478.6992
2017-03-19 05:00:00,2017-03-19 05:00:00,479.1892
2017-03-19 06:00:00,2017-03-19 06:00:00,490.202
2017-03-19 07:00:00,2017-03-19 07:00:00,493.4217
2017-03-19 08:00:00,2017-03-19 08:00:00,493.3268
2017-03-19 09:00:00,2017-03-19 09:00:00,498.4548
2017-03-19 10:00:00,2017-03-19 10:00:00,501.715
2017-03-19 11:00:00,2017-03-19 11:00:00,501.2942
2017-03-19 12:00:00,2017-03-19 12:00:00,502.0
2017-03-19 13:00:00,2017-03-19 13:00:00,501.7448
2017-03-19 14:00:00,2017-03-19 14:00:00,504.2035
2017-03-19 15:00:00,2017-03-19 15:00:00,505.0095
2017-03-19 16:00:00,2017-03-19 16:00:00,503.8812
2017-03-19 17:00:00,2017-03-19 17:00:00,504.2833
2017-03-19 18:00:00,2017-03-19 18:00:00,492.813
2017-03-19 19:00:00,2017-03-19 19:00:00,490.0202
2017-03-19 20:00:00,2017-03-19 20:00:00,487.2852
2017-03-19 21:00:00,2017-03-19 21:00:00,484.9125
2017-03-19 22:00:00,2017-03-19 22:00:00,481.428
2017-03-19 23:00:00,2017-03-19 23:00:00,478.8705
2017-03-20 00:00:00,2017-03-20 00:00:00,475.6392
2017-03-20 01:00:00,2017-03-20 01:00:00,477.595
2017-03-20 02:00:00,2017-03-20 02:00:00,478.108
2017-03-20 03:00:00,2017-03-20 03:00:00,476.3538
2017-03-20 04:00:00,2017-03-20 04:00:00,474.3265
2017-03-20 05:00:00,2017-03-20 05:00:00,475.1978
2017-03-20 06:00:00,2017-03-20 06:00:00,486.9593
2017-03-20 07:00:00,2017-03-20 07:00:00,489.0195
2017-03-20 08:00:00,2017-03-20 08:00:00,500.9593
2017-03-20 09:00:00,2017-03-20 09:00:00,511.9417
2017-03-20 10:00:00,2017-03-20 10:00:00,536.617
2017-03-20 11:00:00,2017-03-20 11:00:00,553.5375
2017-03-20 12:00:00,2017-03-20 12:00:00,564.9125
2017-03-20 13:00:00,2017-03-20 13:00:00,559.1485
2017-03-20 14:00:00,2017-03-20 14:00:00,561.5365
2017-03-20 15:00:00,2017-03-20 15:00:00,568.871
2017-03-20 16:00:00,2017-03-20 16:00:00,562.864
2017-03-20 17:00:00,2017-03-20 17:00:00,561.2755
2017-03-20 18:00:00,2017-03-20 18:00:00,537.3335
2017-03-20 19:00:00,2017-03-20 19:00:00,525.7557
2017-03-20 20:00:00,2017-03-20 20:00:00,518.0932
2017-03-20 21:00:00,2017-03-20 21:00:00,521.086
2017-03-20 22:00:00,2017-03-20 22:00:00,518.331
2017-03-20 23:00:00,2017-03-20 23:00:00,514.1905
2017-03-21 00:00:00,2017-03-21 00:00:00,510.7772
2017-03-21 01:00:00,2017-03-21 01:00:00,508.5385
2017-03-21 02:00:00,2017-03-21 02:00:00,512.5807
2017-03-21 03:00:00,2017-03-21 03:00:00,517.3895
2017-03-21 04:00:00,2017-03-21 04:00:00,518.2203
2017-03-21 05:00:00,2017-03-21 05:00:00,532.9327
2017-03-21 06:00:00,2017-03-21 06:00:00,541.922
2017-03-21 07:00:00,2017-03-21 07:00:00,538.294
2017-03-21 08:00:00,2017-03-21 08:00:00,570.4085
2017-03-21 09:00:00,2017-03-21 09:00:00,559.4915
2017-03-21 10:00:00,2017-03-21 10:00:00,543.916
2017-03-21 11:00:00,2017-03-21 11:00:00,560.555
2017-03-21 12:00:00,2017-03-21 12:00:00,583.6958
2017-03-21 13:00:00,2017-03-21 13:00:00,594.4117
2017-03-21 14:00:00,2017-03-21 14:00:00,619.4608
2017-03-21 15:00:00,2017-03-21 15:00:00,648.5435
2017-03-21 16:00:00,2017-03-21 16:00:00,615.7825
2017-03-21 17:00:00,2017-03-21 17:00:00,590.8352
2017-03-21 18:00:00,2017-03-21 18:00:00,568.5642
2017-03-21 19:00:00,2017-03-21 19:00:00,557.3884
2017-03-21 20:00:00,2017-03-21 20:00:00,548.8977
2017-03-21 21:00:00,2017-03-21 21:00:00,541.718
2017-03-21 22:00:00,2017-03-21 22:00:00,535.3587
2017-03-21 23:00:00,2017-03-21 23:00:00,533.261
2017-03-22 00:00:00,2017-03-22 00:00:00,526.5325
2017-03-22 01:00:00,2017-03-22 01:00:00,522.0295
2017-03-22 02:00:00,2017-03-22 02:00:00,518.5615
2017-03-22 03:00:00,2017-03-22 03:00:00,508.3042
2017-03-22 04:00:00,2017-03-22 04:00:00,506.5278
2017-03-22 05:00:00,2017-03-22 05:00:00,506.3222
2017-03-22 06:00:00,2017-03-22 06:00:00,523.8702
2017-03-22 07:00:00,2017-03-22 07:00:00,524.8552
2017-03-22 08:00:00,2017-03-22 08:00:00,536.6218
2017-03-22 09:00:00,2017-03-22 09:00:00,544.9707
2017-03-22 10:00:00,2017-03-22 10:00:00,551.3177
2017-03-22 11:00:00,2017-03-22 11:00:00,560.5838
2017-03-22 12:00:00,2017-03-22 12:00:00,568.1072
2017-03-22 13:00:00,2017-03-22 13:00:00,574.3628
2017-03-22 14:00:00,2017-03-22 14:00:00,580.5508
2017-03-22 15:00:00,2017-03-22 15:00:00,578.5525
2017-03-22 16:00:00,2017-03-22 16:00:00,574.2595
2017-03-22 17:00:00,2017-03-22 17:00:00,570.987
2017-03-22 18:00:00,2017-03-22 18:00:00,542.717
2017-03-22 19:00:00,2017-03-22 19:00:00,519.7657
2017-03-22 20:00:00,2017-03-22 20:00:00,515.266
2017-03-22 21:00:00,2017-03-22 21:00:00,507.9272
2017-03-22 22:00:00,2017-03-22 22:00:00,504.235
2017-03-22 23:00:00,2017-03-22 23:00:00,500.885
2017-03-23 00:00:00,2017-03-23 00:00:00,499.521
2017-03-23 01:00:00,2017-03-23 01:00:00,497.2845
2017-03-23 02:00:00,2017-03-23 02:00:00,497.1338
2017-03-23 03:00:00,2017-03-23 03:00:00,496.8755
2017-03-23 04:00:00,2017-03-23 04:00:00,496.3995
2017-03-23 05:00:00,2017-03-23 05:00:00,495.3438
2017-03-23 06:00:00,2017-03-23 06:00:00,506.9118
2017-03-23 07:00:00,2017-03-23 07:00:00,508.282
2017-03-23 08:00:00,2017-03-23 08:00:00,514.4825
2017-03-23 09:00:00,2017-03-23 09:00:00,535.4168
2017-03-23 10:00:00,2017-03-23 10:00:00,547.6928
2017-03-23 11:00:00,2017-03-23 11:00:00,547.8643
2017-03-23 12:00:00,2017-03-23 12:00:00,561.1552
2017-03-23 13:00:00,2017-03-23 13:00:00,567.4905
2017-03-23 14:00:00,2017-03-23 14:00:00,572.737
2017-03-23 15:00:00,2017-03-23 15:00:00,570.134
2017-03-23 16:00:00,2017-03-23 16:00:00,567.0425
2017-03-23 17:00:00,2017-03-23 17:00:00,555.6817
2017-03-23 18:00:00,2017-03-23 18:00:00,526.4235
2017-03-23 19:00:00,2017-03-23 19:00:00,521.5373
2017-03-23 20:00:00,2017-03-23 20:00:00,517.4718
2017-03-23 21:00:00,2017-03-23 21:00:00,514.4178
2017-03-23 22:00:00,2017-03-23 22:00:00,510.2685
2017-03-23 23:00:00,2017-03-23 23:00:00,505.8902
2017-03-24 00:00:00,2017-03-24 00:00:00,502.907
2017-03-24 01:00:00,2017-03-24 01:00:00,501.905
2017-03-24 02:00:00,2017-03-24 02:00:00,504.6307
2017-03-24 03:00:00,2017-03-24 03:00:00,503.9145
2017-03-24 04:00:00,2017-03-24 04:00:00,501.2382
2017-03-24 05:00:00,2017-03-24 05:00:00,499.609
2017-03-24 06:00:00,2017-03-24 06:00:00,513.4803
2017-03-24 07:00:00,2017-03-24 07:00:00,512.4543
2017-03-24 08:00:00,2017-03-24 08:00:00,513.9887
2017-03-24 09:00:00,2017-03-24 09:00:00,521.963
2017-03-24 10:00:00,2017-03-24 10:00:00,532.7343
2017-03-24 11:00:00,2017-03-24 11:00:00,538.1592
2017-03-24 12:00:00,2017-03-24 12:00:00,544.1897
2017-03-24 13:00:00,2017-03-24 13:00:00,546.9785
2017-03-24 14:00:00,2017-03-24 14:00:00,547.699
2017-03-24 15:00:00,2017-03-24 15:00:00,548.9695
2017-03-24 16:00:00,2017-03-24 16:00:00,552.0285
2017-03-24 17:00:00,2017-03-24 17:00:00,542.158
2017-03-24 18:00:00,2017-03-24 18:00:00,526.751
2017-03-24 19:00:00,2017-03-24 19:00:00,520.6825
2017-03-24 20:00:00,2017-03-24 20:00:00,514.1205
2017-03-24 21:00:00,2017-03-24 21:00:00,512.7697
2017-03-24 22:00:00,2017-03-24 22:00:00,512.2402
2017-03-24 23:00:00,2017-03-24 23:00:00,511.57
2017-03-25 00:00:00,2017-03-25 00:00:00,508.2203
2017-03-25 01:00:00,2017-03-25 01:00:00,507.0872
2017-03-25 02:00:00,2017-03-25 02:00:00,506.794
2017-03-25 03:00:00,2017-03-25 03:00:00,506.8585
2017-03-25 04:00:00,2017-03-25 04:00:00,505.6627
2017-03-25 05:00:00,2017-03-25 05:00:00,505.2648
2017-03-25 06:00:00,2017-03-25 06:00:00,518.806
2017-03-25 07:00:00,2017-03-25 07:00:00,520.8678
2017-03-25 08:00:00,2017-03-25 08:00:00,521.6868
2017-03-25 09:00:00,2017-03-25 09:00:00,521.2462
2017-03-25 10:00:00,2017-03-25 10:00:00,529.5633
2017-03-25 11:00:00,2017-03-25 11:00:00,535.3365
2017-03-25 12:00:00,2017-03-25 12:00:00,545.3022
2017-03-25 13:00:00,2017-03-25 13:00:00,554.7582
2017-03-25 14:00:00,2017-03-25 14:00:00,559.4958
2017-03-25 15:00:00,2017-03-25 15:00:00,557.7963
2017-03-25 16:00:00,2017-03-25 16:00:00,554.7265
2017-03-25 17:00:00,2017-03-25 17:00:00,548.4682
2017-03-25 18:00:00,2017-03-25 18:00:00,527.622
2017-03-25 19:00:00,2017-03-25 19:00:00,522.1965
2017-03-25 20:00:00,2017-03-25 20:00:00,513.5588
2017-03-25 21:00:00,2017-03-25 21:00:00,506.2807
2017-03-25 22:00:00,2017-03-25 22:00:00,503.4927
2017-03-25 23:00:00,2017-03-25 23:00:00,501.2605
2017-03-26 00:00:00,2017-03-26 00:00:00,499.2168
2017-03-26 01:00:00,2017-03-26 01:00:00,499.3439
2017-03-26 02:00:00,2017-03-26 02:00:00,498.3709
2017-03-26 03:00:00,2017-03-26 03:00:00,498.1695
2017-03-26 04:00:00,2017-03-26 04:00:00,496.158
2017-03-26 05:00:00,2017-03-26 05:00:00,494.046
2017-03-26 06:00:00,2017-03-26 06:00:00,507.8937
2017-03-26 07:00:00,2017-03-26 07:00:00,508.8717
2017-03-26 08:00:00,2017-03-26 08:00:00,510.2168
2017-03-26 09:00:00,2017-03-26 09:00:00,509.4232
2017-03-26 10:00:00,2017-03-26 10:00:00,515.2343
2017-03-26 11:00:00,2017-03-26 11:00:00,519.4555
2017-03-26 12:00:00,2017-03-26 12:00:00,530.5418
2017-03-26 13:00:00,2017-03-26 13:00:00,534.6515
2017-03-26 14:00:00,2017-03-26 14:00:00,537.8535
2017-03-26 15:00:00,2017-03-26 15:00:00,542.784
2017-03-26 16:00:00,2017-03-26 16:00:00,540.4865
2017-03-26 17:00:00,2017-03-26 17:00:00,537.2773
2017-03-26 18:00:00,2017-03-26 18:00:00,520.4162
2017-03-26 19:00:00,2017-03-26 19:00:00,513.499
2017-03-26 20:00:00,2017-03-26 20:00:00,514.4613
2017-03-26 21:00:00,2017-03-26 21:00:00,510.5883
2017-03-26 22:00:00,2017-03-26 22:00:00,501.8517
2017-03-26 23:00:00,2017-03-26 23:00:00,498.0608
2017-03-27 00:00:00,2017-03-27 00:00:00,494.9968
2017-03-27 01:00:00,2017-03-27 01:00:00,495.6113
2017-03-27 02:00:00,2017-03-27 02:00:00,494.919
2017-03-27 03:00:00,2017-03-27 03:00:00,495.603
2017-03-27 04:00:00,2017-03-27 04:00:00,493.2792
2017-03-27 05:00:00,2017-03-27 05:00:00,494.3158
2017-03-27 06:00:00,2017-03-27 06:00:00,511.7377
2017-03-27 07:00:00,2017-03-27 07:00:00,512.8296
2017-03-27 08:00:00,2017-03-27 08:00:00,518.3788
2017-03-27 09:00:00,2017-03-27 09:00:00,521.9237
2017-03-27 10:00:00,2017-03-27 10:00:00,529.8458
2017-03-27 11:00:00,2017-03-27 11:00:00,546.6075
2017-03-27 12:00:00,2017-03-27 12:00:00,555.5275
2017-03-27 13:00:00,2017-03-27 13:00:00,558.433
2017-03-27 14:00:00,2017-03-27 14:00:00,565.25
2017-03-27 15:00:00,2017-03-27 15:00:00,559.0045
2017-03-27 16:00:00,2017-03-27 16:00:00,559.4172
2017-03-27 17:00:00,2017-03-27 17:00:00,558.7932
2017-03-27 18:00:00,2017-03-27 18:00:00,540.5032
2017-03-27 19:00:00,2017-03-27 19:00:00,527.173
2017-03-27 20:00:00,2017-03-27 20:00:00,513.8543
2017-03-27 21:00:00,2017-03-27 21:00:00,509.4152
2017-03-27 22:00:00,2017-03-27 22:00:00,507.4348
2017-03-27 23:00:00,2017-03-27 23:00:00,504.3865
2017-03-28 00:00:00,2017-03-28 00:00:00,496.8932
2017-03-28 01:00:00,2017-03-28 01:00:00,495.853
2017-03-28 02:00:00,2017-03-28 02:00:00,494.4287
2017-03-28 03:00:00,2017-03-28 03:00:00,494.2468
2017-03-28 04:00:00,2017-03-28 04:00:00,494.9215
2017-03-28 05:00:00,2017-03-28 05:00:00,495.1032
2017-03-28 06:00:00,2017-03-28 06:00:00,509.9058
2017-03-28 07:00:00,2017-03-28 07:00:00,512.7262
2017-03-28 08:00:00,2017-03-28 08:00:00,519.5233
2017-03-28 09:00:00,2017-03-28 09:00:00,527.56
2017-03-28 10:00:00,2017-03-28 10:00:00,543.2695
2017-03-28 11:00:00,2017-03-28 11:00:00,564.9045
2017-03-28 12:00:00,2017-03-28 12:00:00,584.132
2017-03-28 13:00:00,2017-03-28 13:00:00,611.8155
2017-03-28 14:00:00,2017-03-28 14:00:00,643.8225
2017-03-28 15:00:00,2017-03-28 15:00:00,652.516
2017-03-28 16:00:00,2017-03-28 16:00:00,652.2335
2017-03-28 17:00:00,2017-03-28 17:00:00,646.4527
2017-03-28 18:00:00,2017-03-28 18:00:00,612.7546
2017-03-28 19:00:00,2017-03-28 19:00:00,589.9933
2017-03-28 20:00:00,2017-03-28 20:00:00,549.1843
2017-03-28 21:00:00,2017-03-28 21:00:00,533.584
2017-03-28 22:00:00,2017-03-28 22:00:00,540.6847
2017-03-28 23:00:00,2017-03-28 23:00:00,538.0563
2017-03-29 00:00:00,2017-03-29 00:00:00,524.712
2017-03-29 01:00:00,2017-03-29 01:00:00,523.8415
2017-03-29 02:00:00,2017-03-29 02:00:00,518.0015
2017-03-29 03:00:00,2017-03-29 03:00:00,510.204
2017-03-29 04:00:00,2017-03-29 04:00:00,509.4683
2017-03-29 05:00:00,2017-03-29 05:00:00,507.487
2017-03-29 06:00:00,2017-03-29 06:00:00,517.0763
2017-03-29 07:00:00,2017-03-29 07:00:00,517.4565
2017-03-29 08:00:00,2017-03-29 08:00:00,525.6395
2017-03-29 09:00:00,2017-03-29 09:00:00,546.289
2017-03-29 10:00:00,2017-03-29 10:00:00,564.632
2017-03-29 11:00:00,2017-03-29 11:00:00,587.0883
2017-03-29 12:00:00,2017-03-29 12:00:00,629.1107
2017-03-29 13:00:00,2017-03-29 13:00:00,633.885
2017-03-29 14:00:00,2017-03-29 14:00:00,646.9852
2017-03-29 15:00:00,2017-03-29 15:00:00,653.229
2017-03-29 16:00:00,2017-03-29 16:00:00,652.696
2017-03-29 17:00:00,2017-03-29 17:00:00,634.6023
2017-03-29 18:00:00,2017-03-29 18:00:00,599.2597
2017-03-29 19:00:00,2017-03-29 19:00:00,556.192
2017-03-29 20:00:00,2017-03-29 20:00:00,542.6587
2017-03-29 21:00:00,2017-03-29 21:00:00,532.1445
2017-03-29 22:00:00,2017-03-29 22:00:00,525.3522
2017-03-29 23:00:00,2017-03-29 23:00:00,524.0088
2017-03-30 00:00:00,2017-03-30 00:00:00,517.4555
2017-03-30 01:00:00,2017-03-30 01:00:00,520.4635
2017-03-30 02:00:00,2017-03-30 02:00:00,526.0048
2017-03-30 03:00:00,2017-03-30 03:00:00,528.154
2017-03-30 04:00:00,2017-03-30 04:00:00,522.8717
2017-03-30 05:00:00,2017-03-30 05:00:00,516.0182
2017-03-30 06:00:00,2017-03-30 06:00:00,518.2725
2017-03-30 07:00:00,2017-03-30 07:00:00,518.542
2017-03-30 08:00:00,2017-03-30 08:00:00,523.4162
2017-03-30 09:00:00,2017-03-30 09:00:00,524.877
2017-03-30 10:00:00,2017-03-30 10:00:00,540.525
2017-03-30 11:00:00,2017-03-30 11:00:00,555.326
2017-03-30 12:00:00,2017-03-30 12:00:00,567.5037
2017-03-30 13:00:00,2017-03-30 13:00:00,586.534
2017-03-30 14:00:00,2017-03-30 14:00:00,614.8148
2017-03-30 15:00:00,2017-03-30 15:00:00,587.0435
2017-03-30 16:00:00,2017-03-30 16:00:00,594.639
2017-03-30 17:00:00,2017-03-30 17:00:00,591.6037
2017-03-30 18:00:00,2017-03-30 18:00:00,545.2686
2017-03-30 19:00:00,2017-03-30 19:00:00,527.1643
2017-03-30 20:00:00,2017-03-30 20:00:00,515.1215
2017-03-30 21:00:00,2017-03-30 21:00:00,511.1638
2017-03-30 22:00:00,2017-03-30 22:00:00,507.1272
2017-03-30 23:00:00,2017-03-30 23:00:00,504.5968
2017-03-31 00:00:00,2017-03-31 00:00:00,500.0275
2017-03-31 01:00:00,2017-03-31 01:00:00,500.7852
2017-03-31 02:00:00,2017-03-31 02:00:00,498.9042
2017-03-31 03:00:00,2017-03-31 03:00:00,498.1493
2017-03-31 04:00:00,2017-03-31 04:00:00,496.1398
2017-03-31 05:00:00,2017-03-31 05:00:00,496.5537
2017-03-31 06:00:00,2017-03-31 06:00:00,509.244
2017-03-31 07:00:00,2017-03-31 07:00:00,510.2295
2017-03-31 08:00:00,2017-03-31 08:00:00,512.5313
2017-03-31 09:00:00,2017-03-31 09:00:00,524.856
2017-03-31 10:00:00,2017-03-31 10:00:00,540.748
2017-03-31 11:00:00,2017-03-31 11:00:00,558.2205
2017-03-31 12:00:00,2017-03-31 12:00:00,588.8648
2017-03-31 13:00:00,2017-03-31 13:00:00,628.819
2017-03-31 14:00:00,2017-03-31 14:00:00,628.7268
2017-03-31 15:00:00,2017-03-31 15:00:00,638.9945
2017-03-31 16:00:00,2017-03-31 16:00:00,642.3008
2017-03-31 17:00:00,2017-03-31 17:00:00,640.664
2017-03-31 18:00:00,2017-03-31 18:00:00,616.3015
2017-03-31 19:00:00,2017-03-31 19:00:00,603.7175
2017-03-31 20:00:00,2017-03-31 20:00:00,580.7645
2017-03-31 21:00:00,2017-03-31 21:00:00,553.6068
2017-03-31 22:00:00,2017-03-31 22:00:00,570.459
2017-03-31 23:00:00,2017-03-31 23:00:00,546.2585
2017-04-01 00:00:00,2017-04-01 00:00:00,532.6473
2017-04-01 01:00:00,2017-04-01 01:00:00,532.4985
2017-04-01 02:00:00,2017-04-01 02:00:00,530.479
2017-04-01 03:00:00,2017-04-01 03:00:00,533.3833
2017-04-01 04:00:00,2017-04-01 04:00:00,522.8917
2017-04-01 05:00:00,2017-04-01 05:00:00,526.376
2017-04-01 06:00:00,2017-04-01 06:00:00,529.827
2017-04-01 07:00:00,2017-04-01 07:00:00,541.4314
2017-04-01 08:00:00,2017-04-01 08:00:00,548.202
2017-04-01 09:00:00,2017-04-01 09:00:00,557.2587
2017-04-01 10:00:00,2017-04-01 10:00:00,570.4237
2017-04-01 11:00:00,2017-04-01 11:00:00,616.8353
2017-04-01 12:00:00,2017-04-01 12:00:00,629.0022
2017-04-01 13:00:00,2017-04-01 13:00:00,639.595
2017-04-01 14:00:00,2017-04-01 14:00:00,634.1737
2017-04-01 15:00:00,2017-04-01 15:00:00,636.369
2017-04-01 16:00:00,2017-04-01 16:00:00,639.745
2017-04-01 17:00:00,2017-04-01 17:00:00,624.6042
2017-04-01 18:00:00,2017-04-01 18:00:00,602.4358
2017-04-01 19:00:00,2017-04-01 19:00:00,586.1222
2017-04-01 20:00:00,2017-04-01 20:00:00,529.5915
2017-04-01 21:00:00,2017-04-01 21:00:00,524.6207
2017-04-01 22:00:00,2017-04-01 22:00:00,525.937
2017-04-01 23:00:00,2017-04-01 23:00:00,525.8373
2017-04-02 00:00:00,2017-04-02 00:00:00,516.0357
2017-04-02 01:00:00,2017-04-02 01:00:00,509.7008
2017-04-02 02:00:00,2017-04-02 02:00:00,509.241
2017-04-02 03:00:00,2017-04-02 03:00:00,508.194
2017-04-02 04:00:00,2017-04-02 04:00:00,506.6297
2017-04-02 05:00:00,2017-04-02 05:00:00,503.7645
2017-04-02 06:00:00,2017-04-02 06:00:00,517.4955
2017-04-02 07:00:00,2017-04-02 07:00:00,515.4198
2017-04-02 08:00:00,2017-04-02 08:00:00,516.1942
2017-04-02 09:00:00,2017-04-02 09:00:00,527.6727
2017-04-02 10:00:00,2017-04-02 10:00:00,535.844
2017-04-02 11:00:00,2017-04-02 11:00:00,556.6955
2017-04-02 12:00:00,2017-04-02 12:00:00,570.8622
2017-04-02 13:00:00,2017-04-02 13:00:00,599.6532
2017-04-02 14:00:00,2017-04-02 14:00:00,598.7818
2017-04-02 15:00:00,2017-04-02 15:00:00,600.5232
2017-04-02 16:00:00,2017-04-02 16:00:00,601.147
2017-04-02 17:00:00,2017-04-02 17:00:00,601.4635
2017-04-02 18:00:00,2017-04-02 18:00:00,583.3485
2017-04-02 19:00:00,2017-04-02 19:00:00,579.8355
2017-04-02 20:00:00,2017-04-02 20:00:00,567.0355
2017-04-02 21:00:00,2017-04-02 21:00:00,538.288
2017-04-02 22:00:00,2017-04-02 22:00:00,530.5725
2017-04-02 23:00:00,2017-04-02 23:00:00,528.0387
2017-04-03 00:00:00,2017-04-03 00:00:00,520.8603
2017-04-03 01:00:00,2017-04-03 01:00:00,524.4547
2017-04-03 02:00:00,2017-04-03 02:00:00,515.8387
2017-04-03 03:00:00,2017-04-03 03:00:00,499.0138
2017-04-03 04:00:00,2017-04-03 04:00:00,500.2462
2017-04-03 05:00:00,2017-04-03 05:00:00,498.4775
2017-04-03 06:00:00,2017-04-03 06:00:00,513.9353
2017-04-03 07:00:00,2017-04-03 07:00:00,511.9592
2017-04-03 08:00:00,2017-04-03 08:00:00,520.9273
2017-04-03 09:00:00,2017-04-03 09:00:00,533.8175
2017-04-03 10:00:00,2017-04-03 10:00:00,554.826
2017-04-03 11:00:00,2017-04-03 11:00:00,575.7518
2017-04-03 12:00:00,2017-04-03 12:00:00,599.1612
2017-04-03 13:00:00,2017-04-03 13:00:00,620.4942
2017-04-03 14:00:00,2017-04-03 14:00:00,646.5897
2017-04-03 15:00:00,2017-04-03 15:00:00,648.0817
2017-04-03 16:00:00,2017-04-03 16:00:00,635.061
2017-04-03 17:00:00,2017-04-03 17:00:00,600.0992
2017-04-03 18:00:00,2017-04-03 18:00:00,566.886
2017-04-03 19:00:00,2017-04-03 19:00:00,545.6878
2017-04-03 20:00:00,2017-04-03 20:00:00,532.566
2017-04-03 21:00:00,2017-04-03 21:00:00,526.5295
2017-04-03 22:00:00,2017-04-03 22:00:00,524.3672
2017-04-03 23:00:00,2017-04-03 23:00:00,509.5308
2017-04-04 00:00:00,2017-04-04 00:00:00,502.3022
2017-04-04 01:00:00,2017-04-04 01:00:00,500.2478
2017-04-04 02:00:00,2017-04-04 02:00:00,500.6302
2017-04-04 03:00:00,2017-04-04 03:00:00,498.8752
2017-04-04 04:00:00,2017-04-04 04:00:00,499.8822
2017-04-04 05:00:00,2017-04-04 05:00:00,504.7095
2017-04-04 06:00:00,2017-04-04 06:00:00,515.1002
2017-04-04 07:00:00,2017-04-04 07:00:00,517.8472
2017-04-04 08:00:00,2017-04-04 08:00:00,529.5145
2017-04-04 09:00:00,2017-04-04 09:00:00,541.6375
2017-04-04 10:00:00,2017-04-04 10:00:00,557.7878
2017-04-04 11:00:00,2017-04-04 11:00:00,588.0653
2017-04-04 12:00:00,2017-04-04 12:00:00,605.1265
2017-04-04 13:00:00,2017-04-04 13:00:00,609.6128
2017-04-04 14:00:00,2017-04-04 14:00:00,652.8533
2017-04-04 15:00:00,2017-04-04 15:00:00,639.854
2017-04-04 16:00:00,2017-04-04 16:00:00,596.84
2017-04-04 17:00:00,2017-04-04 17:00:00,578.14
2017-04-04 18:00:00,2017-04-04 18:00:00,550.6062
2017-04-04 19:00:00,2017-04-04 19:00:00,539.8575
2017-04-04 20:00:00,2017-04-04 20:00:00,533.9462
2017-04-04 21:00:00,2017-04-04 21:00:00,528.0507
2017-04-04 22:00:00,2017-04-04 22:00:00,522.2515
2017-04-04 23:00:00,2017-04-04 23:00:00,513.1905
2017-04-05 00:00:00,2017-04-05 00:00:00,505.0278
2017-04-05 01:00:00,2017-04-05 01:00:00,501.5247
2017-04-05 02:00:00,2017-04-05 02:00:00,502.7193
2017-04-05 03:00:00,2017-04-05 03:00:00,502.3382
2017-04-05 04:00:00,2017-04-05 04:00:00,502.2908
2017-04-05 05:00:00,2017-04-05 05:00:00,502.4332
2017-04-05 06:00:00,2017-04-05 06:00:00,516.5548
2017-04-05 07:00:00,2017-04-05 07:00:00,518.221
2017-04-05 08:00:00,2017-04-05 08:00:00,530.3428
2017-04-05 09:00:00,2017-04-05 09:00:00,551.9883
2017-04-05 10:00:00,2017-04-05 10:00:00,575.912
2017-04-05 11:00:00,2017-04-05 11:00:00,609.957
2017-04-05 12:00:00,2017-04-05 12:00:00,651.5197
2017-04-05 13:00:00,2017-04-05 13:00:00,662.9762
2017-04-05 14:00:00,2017-04-05 14:00:00,678.0708
2017-04-05 15:00:00,2017-04-05 15:00:00,670.57
2017-04-05 16:00:00,2017-04-05 16:00:00,639.423
2017-04-05 17:00:00,2017-04-05 17:00:00,617.5335
2017-04-05 18:00:00,2017-04-05 18:00:00,516.1098
2017-04-05 19:00:00,2017-04-05 19:00:00,569.4617
2017-04-05 20:00:00,2017-04-05 20:00:00,535.083
2017-04-05 21:00:00,2017-04-05 21:00:00,509.8365
2017-04-05 22:00:00,2017-04-05 22:00:00,583.9875
2017-04-05 23:00:00,2017-04-05 23:00:00,483.7092
2017-04-06 00:00:00,2017-04-06 00:00:00,566.9548
2017-04-06 01:00:00,2017-04-06 01:00:00,502.9985
2017-04-06 02:00:00,2017-04-06 02:00:00,532.3227
2017-04-06 03:00:00,2017-04-06 03:00:00,551.3973
2017-04-06 04:00:00,2017-04-06 04:00:00,513.0602
2017-04-06 05:00:00,2017-04-06 05:00:00,514.8045
2017-04-06 06:00:00,2017-04-06 06:00:00,531.705
2017-04-06 07:00:00,2017-04-06 07:00:00,522.6327
2017-04-06 08:00:00,2017-04-06 08:00:00,537.0155
2017-04-06 09:00:00,2017-04-06 09:00:00,549.9158
2017-04-06 10:00:00,2017-04-06 10:00:00,558.1852
2017-04-06 11:00:00,2017-04-06 11:00:00,576.7895
2017-04-06 12:00:00,2017-04-06 12:00:00,586.6695
2017-04-06 13:00:00,2017-04-06 13:00:00,608.6028
2017-04-06 14:00:00,2017-04-06 14:00:00,599.0742
2017-04-06 15:00:00,2017-04-06 15:00:00,583.2728
2017-04-06 16:00:00,2017-04-06 16:00:00,599.0883
2017-04-06 17:00:00,2017-04-06 17:00:00,608.1103
2017-04-06 18:00:00,2017-04-06 18:00:00,547.456
2017-04-06 19:00:00,2017-04-06 19:00:00,520.099
2017-04-06 20:00:00,2017-04-06 20:00:00,517.18
2017-04-06 21:00:00,2017-04-06 21:00:00,515.767
2017-04-06 22:00:00,2017-04-06 22:00:00,510.041
2017-04-06 23:00:00,2017-04-06 23:00:00,508.3193
2017-04-07 00:00:00,2017-04-07 00:00:00,507.7093
2017-04-07 01:00:00,2017-04-07 01:00:00,504.5217
2017-04-07 02:00:00,2017-04-07 02:00:00,506.0435
2017-04-07 03:00:00,2017-04-07 03:00:00,511.315
2017-04-07 04:00:00,2017-04-07 04:00:00,509.2705
2017-04-07 05:00:00,2017-04-07 05:00:00,510.9522
2017-04-07 06:00:00,2017-04-07 06:00:00,529.1103
2017-04-07 07:00:00,2017-04-07 07:00:00,531.734
2017-04-07 08:00:00,2017-04-07 08:00:00,545.5308
2017-04-07 09:00:00,2017-04-07 09:00:00,559.3857
2017-04-07 10:00:00,2017-04-07 10:00:00,575.2202
2017-04-07 11:00:00,2017-04-07 11:00:00,583.0822
2017-04-07 12:00:00,2017-04-07 12:00:00,583.0088
2017-04-07 13:00:00,2017-04-07 13:00:00,583.202
2017-04-07 14:00:00,2017-04-07 14:00:00,581.026
2017-04-07 15:00:00,2017-04-07 15:00:00,585.8312
2017-04-07 16:00:00,2017-04-07 16:00:00,582.294
2017-04-07 17:00:00,2017-04-07 17:00:00,575.4775
2017-04-07 18:00:00,2017-04-07 18:00:00,551.591
2017-04-07 19:00:00,2017-04-07 19:00:00,535.7422
2017-04-07 20:00:00,2017-04-07 20:00:00,525.6273
2017-04-07 21:00:00,2017-04-07 21:00:00,525.5685
2017-04-07 22:00:00,2017-04-07 22:00:00,514.4325
2017-04-07 23:00:00,2017-04-07 23:00:00,510.7477
2017-04-08 00:00:00,2017-04-08 00:00:00,510.4208
2017-04-08 01:00:00,2017-04-08 01:00:00,508.929
2017-04-08 02:00:00,2017-04-08 02:00:00,507.9327
2017-04-08 03:00:00,2017-04-08 03:00:00,508.0537
2017-04-08 04:00:00,2017-04-08 04:00:00,506.3642
2017-04-08 05:00:00,2017-04-08 05:00:00,504.6935
2017-04-08 06:00:00,2017-04-08 06:00:00,518.5892
2017-04-08 07:00:00,2017-04-08 07:00:00,519.3642
2017-04-08 08:00:00,2017-04-08 08:00:00,519.5483
2017-04-08 09:00:00,2017-04-08 09:00:00,520.654
2017-04-08 10:00:00,2017-04-08 10:00:00,523.1812
2017-04-08 11:00:00,2017-04-08 11:00:00,528.9735
2017-04-08 12:00:00,2017-04-08 12:00:00,529.1815
2017-04-08 13:00:00,2017-04-08 13:00:00,527.0022
2017-04-08 14:00:00,2017-04-08 14:00:00,529.2837
2017-04-08 15:00:00,2017-04-08 15:00:00,529.3307
2017-04-08 16:00:00,2017-04-08 16:00:00,535.2593
2017-04-08 17:00:00,2017-04-08 17:00:00,533.3346
2017-04-08 18:00:00,2017-04-08 18:00:00,514.3865
2017-04-08 19:00:00,2017-04-08 19:00:00,510.0488
2017-04-08 20:00:00,2017-04-08 20:00:00,510.532
2017-04-08 21:00:00,2017-04-08 21:00:00,510.2315
2017-04-08 22:00:00,2017-04-08 22:00:00,511.4748
2017-04-08 23:00:00,2017-04-08 23:00:00,514.6428
2017-04-09 00:00:00,2017-04-09 00:00:00,512.6925
2017-04-09 01:00:00,2017-04-09 01:00:00,506.278
2017-04-09 02:00:00,2017-04-09 02:00:00,509.1995
2017-04-09 03:00:00,2017-04-09 03:00:00,508.0845
2017-04-09 04:00:00,2017-04-09 04:00:00,505.8835
2017-04-09 05:00:00,2017-04-09 05:00:00,503.5418
2017-04-09 06:00:00,2017-04-09 06:00:00,517.0157
2017-04-09 07:00:00,2017-04-09 07:00:00,519.3423
2017-04-09 08:00:00,2017-04-09 08:00:00,517.9698
2017-04-09 09:00:00,2017-04-09 09:00:00,513.5638
2017-04-09 10:00:00,2017-04-09 10:00:00,516.883
2017-04-09 11:00:00,2017-04-09 11:00:00,520.3185
2017-04-09 12:00:00,2017-04-09 12:00:00,527.1935
2017-04-09 13:00:00,2017-04-09 13:00:00,542.4295
2017-04-09 14:00:00,2017-04-09 14:00:00,541.832
2017-04-09 15:00:00,2017-04-09 15:00:00,545.7405
2017-04-09 16:00:00,2017-04-09 16:00:00,540.7935
2017-04-09 17:00:00,2017-04-09 17:00:00,538.191
2017-04-09 18:00:00,2017-04-09 18:00:00,521.31
2017-04-09 19:00:00,2017-04-09 19:00:00,515.736
2017-04-09 20:00:00,2017-04-09 20:00:00,512.1835
2017-04-09 21:00:00,2017-04-09 21:00:00,513.1975
2017-04-09 22:00:00,2017-04-09 22:00:00,510.8368
2017-04-09 23:00:00,2017-04-09 23:00:00,509.8492
2017-04-10 00:00:00,2017-04-10 00:00:00,509.4333
2017-04-10 01:00:00,2017-04-10 01:00:00,508.1775
2017-04-10 02:00:00,2017-04-10 02:00:00,505.7037
2017-04-10 03:00:00,2017-04-10 03:00:00,504.027
2017-04-10 04:00:00,2017-04-10 04:00:00,502.848
2017-04-10 05:00:00,2017-04-10 05:00:00,503.7887
2017-04-10 06:00:00,2017-04-10 06:00:00,518.5065
2017-04-10 07:00:00,2017-04-10 07:00:00,520.988
2017-04-10 08:00:00,2017-04-10 08:00:00,527.1005
2017-04-10 09:00:00,2017-04-10 09:00:00,537.8325
2017-04-10 10:00:00,2017-04-10 10:00:00,552.791
2017-04-10 11:00:00,2017-04-10 11:00:00,571.0425
2017-04-10 12:00:00,2017-04-10 12:00:00,589.1942
2017-04-10 13:00:00,2017-04-10 13:00:00,625.4065
2017-04-10 14:00:00,2017-04-10 14:00:00,619.779
2017-04-10 15:00:00,2017-04-10 15:00:00,603.7647
2017-04-10 16:00:00,2017-04-10 16:00:00,618.7683
2017-04-10 17:00:00,2017-04-10 17:00:00,602.7143
2017-04-10 18:00:00,2017-04-10 18:00:00,561.4075
2017-04-10 19:00:00,2017-04-10 19:00:00,544.3805
2017-04-10 20:00:00,2017-04-10 20:00:00,536.4367
2017-04-10 21:00:00,2017-04-10 21:00:00,526.9408
2017-04-10 22:00:00,2017-04-10 22:00:00,526.6588
2017-04-10 23:00:00,2017-04-10 23:00:00,527.566
2017-04-11 00:00:00,2017-04-11 00:00:00,524.248
2017-04-11 01:00:00,2017-04-11 01:00:00,523.1995
2017-04-11 02:00:00,2017-04-11 02:00:00,517.1535
2017-04-11 03:00:00,2017-04-11 03:00:00,515.8488
2017-04-11 04:00:00,2017-04-11 04:00:00,514.177
2017-04-11 05:00:00,2017-04-11 05:00:00,516.7172
2017-04-11 06:00:00,2017-04-11 06:00:00,533.0508
2017-04-11 07:00:00,2017-04-11 07:00:00,537.3048
2017-04-11 08:00:00,2017-04-11 08:00:00,547.31
2017-04-11 09:00:00,2017-04-11 09:00:00,563.0045
2017-04-11 10:00:00,2017-04-11 10:00:00,578.0308
2017-04-11 11:00:00,2017-04-11 11:00:00,587.1598
2017-04-11 12:00:00,2017-04-11 12:00:00,588.6785
2017-04-11 13:00:00,2017-04-11 13:00:00,619.955
2017-04-11 14:00:00,2017-04-11 14:00:00,618.532
2017-04-11 15:00:00,2017-04-11 15:00:00,623.5122
2017-04-11 16:00:00,2017-04-11 16:00:00,637.277
2017-04-11 17:00:00,2017-04-11 17:00:00,601.4508
2017-04-11 18:00:00,2017-04-11 18:00:00,571.315
2017-04-11 19:00:00,2017-04-11 19:00:00,553.7645
2017-04-11 20:00:00,2017-04-11 20:00:00,550.6652
2017-04-11 21:00:00,2017-04-11 21:00:00,546.1115
2017-04-11 22:00:00,2017-04-11 22:00:00,540.0528
2017-04-11 23:00:00,2017-04-11 23:00:00,531.2088
2017-04-12 00:00:00,2017-04-12 00:00:00,528.9305
2017-04-12 01:00:00,2017-04-12 01:00:00,530.7922
2017-04-12 02:00:00,2017-04-12 02:00:00,532.9643
2017-04-12 03:00:00,2017-04-12 03:00:00,528.8135
2017-04-12 04:00:00,2017-04-12 04:00:00,528.7248
2017-04-12 05:00:00,2017-04-12 05:00:00,529.0586
2017-04-12 06:00:00,2017-04-12 06:00:00,534.6999
2017-04-12 07:00:00,2017-04-12 07:00:00,528.5142
2017-04-12 08:00:00,2017-04-12 08:00:00,534.6447
2017-04-12 09:00:00,2017-04-12 09:00:00,546.5222
2017-04-12 10:00:00,2017-04-12 10:00:00,558.952
2017-04-12 11:00:00,2017-04-12 11:00:00,557.9827
2017-04-12 12:00:00,2017-04-12 12:00:00,559.8402
2017-04-12 13:00:00,2017-04-12 13:00:00,573.7295
2017-04-12 14:00:00,2017-04-12 14:00:00,587.5985
2017-04-12 15:00:00,2017-04-12 15:00:00,607.0825
2017-04-12 16:00:00,2017-04-12 16:00:00,620.5173
2017-04-12 17:00:00,2017-04-12 17:00:00,587.0268
2017-04-12 18:00:00,2017-04-12 18:00:00,569.8932
2017-04-12 19:00:00,2017-04-12 19:00:00,546.6937
2017-04-12 20:00:00,2017-04-12 20:00:00,540.1095
2017-04-12 21:00:00,2017-04-12 21:00:00,535.5392
2017-04-12 22:00:00,2017-04-12 22:00:00,527.4142
2017-04-12 23:00:00,2017-04-12 23:00:00,521.8398
2017-04-13 00:00:00,2017-04-13 00:00:00,514.6698
2017-04-13 01:00:00,2017-04-13 01:00:00,512.3525
2017-04-13 02:00:00,2017-04-13 02:00:00,506.9145
2017-04-13 03:00:00,2017-04-13 03:00:00,506.1865
2017-04-13 04:00:00,2017-04-13 04:00:00,504.6475
2017-04-13 05:00:00,2017-04-13 05:00:00,505.3248
2017-04-13 06:00:00,2017-04-13 06:00:00,514.46
2017-04-13 07:00:00,2017-04-13 07:00:00,516.4685
2017-04-13 08:00:00,2017-04-13 08:00:00,524.7055
2017-04-13 09:00:00,2017-04-13 09:00:00,538.2487
2017-04-13 10:00:00,2017-04-13 10:00:00,548.7968
2017-04-13 11:00:00,2017-04-13 11:00:00,557.0968
2017-04-13 12:00:00,2017-04-13 12:00:00,568.2343
2017-04-13 13:00:00,2017-04-13 13:00:00,573.634
2017-04-13 14:00:00,2017-04-13 14:00:00,574.7227
2017-04-13 15:00:00,2017-04-13 15:00:00,574.5863
2017-04-13 16:00:00,2017-04-13 16:00:00,570.665
2017-04-13 17:00:00,2017-04-13 17:00:00,560.7548
2017-04-13 18:00:00,2017-04-13 18:00:00,541.2432
2017-04-13 19:00:00,2017-04-13 19:00:00,521.7832
2017-04-13 20:00:00,2017-04-13 20:00:00,513.4492
2017-04-13 21:00:00,2017-04-13 21:00:00,503.9367
2017-04-13 22:00:00,2017-04-13 22:00:00,499.4008
2017-04-13 23:00:00,2017-04-13 23:00:00,498.8533
2017-04-14 00:00:00,2017-04-14 00:00:00,496.123
2017-04-14 01:00:00,2017-04-14 01:00:00,494.8125
2017-04-14 02:00:00,2017-04-14 02:00:00,493.9962
2017-04-14 03:00:00,2017-04-14 03:00:00,493.0398
2017-04-14 04:00:00,2017-04-14 04:00:00,494.0988
2017-04-14 05:00:00,2017-04-14 05:00:00,495.5885
2017-04-14 06:00:00,2017-04-14 06:00:00,508.4067
2017-04-14 07:00:00,2017-04-14 07:00:00,509.925
2017-04-14 08:00:00,2017-04-14 08:00:00,518.0645
2017-04-14 09:00:00,2017-04-14 09:00:00,526.5775
2017-04-14 10:00:00,2017-04-14 10:00:00,535.1568
2017-04-14 11:00:00,2017-04-14 11:00:00,537.9587
2017-04-14 12:00:00,2017-04-14 12:00:00,555.282
2017-04-14 13:00:00,2017-04-14 13:00:00,569.8712
2017-04-14 14:00:00,2017-04-14 14:00:00,568.8445
2017-04-14 15:00:00,2017-04-14 15:00:00,570.2837
2017-04-14 16:00:00,2017-04-14 16:00:00,590.9915
2017-04-14 17:00:00,2017-04-14 17:00:00,563.5397
2017-04-14 18:00:00,2017-04-14 18:00:00,544.2392
2017-04-14 19:00:00,2017-04-14 19:00:00,528.2798
2017-04-14 20:00:00,2017-04-14 20:00:00,508.4623
2017-04-14 21:00:00,2017-04-14 21:00:00,501.5145
2017-04-14 22:00:00,2017-04-14 22:00:00,497.4192
2017-04-14 23:00:00,2017-04-14 23:00:00,497.511
2017-04-15 00:00:00,2017-04-15 00:00:00,497.8865
2017-04-15 01:00:00,2017-04-15 01:00:00,497.2448
2017-04-15 02:00:00,2017-04-15 02:00:00,493.9492
2017-04-15 03:00:00,2017-04-15 03:00:00,495.14
2017-04-15 04:00:00,2017-04-15 04:00:00,494.0067
2017-04-15 05:00:00,2017-04-15 05:00:00,495.042
2017-04-15 06:00:00,2017-04-15 06:00:00,510.4622
2017-04-15 07:00:00,2017-04-15 07:00:00,510.7553
2017-04-15 08:00:00,2017-04-15 08:00:00,508.7722
2017-04-15 09:00:00,2017-04-15 09:00:00,511.8888
2017-04-15 10:00:00,2017-04-15 10:00:00,526.0282
2017-04-15 11:00:00,2017-04-15 11:00:00,539.9742
2017-04-15 12:00:00,2017-04-15 12:00:00,552.998
2017-04-15 13:00:00,2017-04-15 13:00:00,591.6385
2017-04-15 14:00:00,2017-04-15 14:00:00,590.1377
2017-04-15 15:00:00,2017-04-15 15:00:00,583.8082
2017-04-15 16:00:00,2017-04-15 16:00:00,584.4358
2017-04-15 17:00:00,2017-04-15 17:00:00,580.5963
2017-04-15 18:00:00,2017-04-15 18:00:00,567.7195
2017-04-15 19:00:00,2017-04-15 19:00:00,539.1353
2017-04-15 20:00:00,2017-04-15 20:00:00,523.61
2017-04-15 21:00:00,2017-04-15 21:00:00,519.3758
2017-04-15 22:00:00,2017-04-15 22:00:00,516.5498
2017-04-15 23:00:00,2017-04-15 23:00:00,514.2708
2017-04-16 00:00:00,2017-04-16 00:00:00,507.8113
2017-04-16 01:00:00,2017-04-16 01:00:00,501.0945
2017-04-16 02:00:00,2017-04-16 02:00:00,496.0443
2017-04-16 03:00:00,2017-04-16 03:00:00,493.038
2017-04-16 04:00:00,2017-04-16 04:00:00,494.8112
2017-04-16 05:00:00,2017-04-16 05:00:00,494.6435
2017-04-16 06:00:00,2017-04-16 06:00:00,503.3562
2017-04-16 07:00:00,2017-04-16 07:00:00,506.019
2017-04-16 08:00:00,2017-04-16 08:00:00,513.449
2017-04-16 09:00:00,2017-04-16 09:00:00,520.9037
2017-04-16 10:00:00,2017-04-16 10:00:00,521.8955
2017-04-16 11:00:00,2017-04-16 11:00:00,518.9548
2017-04-16 12:00:00,2017-04-16 12:00:00,525.09
2017-04-16 13:00:00,2017-04-16 13:00:00,517.21
2017-04-16 14:00:00,2017-04-16 14:00:00,515.0693
2017-04-16 15:00:00,2017-04-16 15:00:00,515.944
2017-04-16 16:00:00,2017-04-16 16:00:00,518.7287
2017-04-16 17:00:00,2017-04-16 17:00:00,520.6497
2017-04-16 18:00:00,2017-04-16 18:00:00,514.074
2017-04-16 19:00:00,2017-04-16 19:00:00,514.575
2017-04-16 20:00:00,2017-04-16 20:00:00,514.8777
2017-04-16 21:00:00,2017-04-16 21:00:00,517.726
2017-04-16 22:00:00,2017-04-16 22:00:00,518.1048
2017-04-16 23:00:00,2017-04-16 23:00:00,517.4742
2017-04-17 00:00:00,2017-04-17 00:00:00,515.1335
2017-04-17 01:00:00,2017-04-17 01:00:00,515.477
2017-04-17 02:00:00,2017-04-17 02:00:00,516.1737
2017-04-17 03:00:00,2017-04-17 03:00:00,514.2628
2017-04-17 04:00:00,2017-04-17 04:00:00,515.3308
2017-04-17 05:00:00,2017-04-17 05:00:00,514.8505
2017-04-17 06:00:00,2017-04-17 06:00:00,529.9405
2017-04-17 07:00:00,2017-04-17 07:00:00,543.5595
2017-04-17 08:00:00,2017-04-17 08:00:00,549.3702
2017-04-17 09:00:00,2017-04-17 09:00:00,552.6377
2017-04-17 10:00:00,2017-04-17 10:00:00,571.832
2017-04-17 11:00:00,2017-04-17 11:00:00,572.9772
2017-04-17 12:00:00,2017-04-17 12:00:00,590.825
2017-04-17 13:00:00,2017-04-17 13:00:00,593.241
2017-04-17 14:00:00,2017-04-17 14:00:00,586.4105
2017-04-17 15:00:00,2017-04-17 15:00:00,594.3957
2017-04-17 16:00:00,2017-04-17 16:00:00,590.2413
2017-04-17 17:00:00,2017-04-17 17:00:00,572.7148
2017-04-17 18:00:00,2017-04-17 18:00:00,543.3354
2017-04-17 19:00:00,2017-04-17 19:00:00,522.7108
2017-04-17 20:00:00,2017-04-17 20:00:00,514.889
2017-04-17 21:00:00,2017-04-17 21:00:00,514.471
2017-04-17 22:00:00,2017-04-17 22:00:00,510.239
2017-04-17 23:00:00,2017-04-17 23:00:00,510.955
2017-04-18 00:00:00,2017-04-18 00:00:00,508.791
2017-04-18 01:00:00,2017-04-18 01:00:00,509.2708
2017-04-18 02:00:00,2017-04-18 02:00:00,507.358
2017-04-18 03:00:00,2017-04-18 03:00:00,507.0003
2017-04-18 04:00:00,2017-04-18 04:00:00,506.6825
2017-04-18 05:00:00,2017-04-18 05:00:00,508.7433
2017-04-18 06:00:00,2017-04-18 06:00:00,522.3588
2017-04-18 07:00:00,2017-04-18 07:00:00,523.3055
2017-04-18 08:00:00,2017-04-18 08:00:00,541.0582
2017-04-18 09:00:00,2017-04-18 09:00:00,552.2756
2017-04-18 10:00:00,2017-04-18 10:00:00,561.6582
2017-04-18 11:00:00,2017-04-18 11:00:00,566.3922
2017-04-18 12:00:00,2017-04-18 12:00:00,577.3165
2017-04-18 13:00:00,2017-04-18 13:00:00,589.8518
2017-04-18 14:00:00,2017-04-18 14:00:00,602.4015
2017-04-18 15:00:00,2017-04-18 15:00:00,599.349
2017-04-18 16:00:00,2017-04-18 16:00:00,597.2758
2017-04-18 17:00:00,2017-04-18 17:00:00,586.3212
2017-04-18 18:00:00,2017-04-18 18:00:00,561.9955
2017-04-18 19:00:00,2017-04-18 19:00:00,543.9785
2017-04-18 20:00:00,2017-04-18 20:00:00,534.4482
2017-04-18 21:00:00,2017-04-18 21:00:00,526.6627
2017-04-18 22:00:00,2017-04-18 22:00:00,518.208
2017-04-18 23:00:00,2017-04-18 23:00:00,517.867
2017-04-19 00:00:00,2017-04-19 00:00:00,511.144
2017-04-19 01:00:00,2017-04-19 01:00:00,514.8632
2017-04-19 02:00:00,2017-04-19 02:00:00,515.756
2017-04-19 03:00:00,2017-04-19 03:00:00,508.9638
2017-04-19 04:00:00,2017-04-19 04:00:00,506.6378
2017-04-19 05:00:00,2017-04-19 05:00:00,510.0375
2017-04-19 06:00:00,2017-04-19 06:00:00,520.2647
2017-04-19 07:00:00,2017-04-19 07:00:00,522.1393
2017-04-19 08:00:00,2017-04-19 08:00:00,530.0178
2017-04-19 09:00:00,2017-04-19 09:00:00,545.552
2017-04-19 10:00:00,2017-04-19 10:00:00,563.6982
2017-04-19 11:00:00,2017-04-19 11:00:00,577.3165
2017-04-19 12:00:00,2017-04-19 12:00:00,600.6625
2017-04-19 13:00:00,2017-04-19 13:00:00,606.5045
2017-04-19 14:00:00,2017-04-19 14:00:00,611.131
2017-04-19 15:00:00,2017-04-19 15:00:00,602.2625
2017-04-19 16:00:00,2017-04-19 16:00:00,609.295
2017-04-19 17:00:00,2017-04-19 17:00:00,597.1646
2017-04-19 18:00:00,2017-04-19 18:00:00,576.033
2017-04-19 19:00:00,2017-04-19 19:00:00,564.4463
2017-04-19 20:00:00,2017-04-19 20:00:00,548.8845
2017-04-19 21:00:00,2017-04-19 21:00:00,546.0752
2017-04-19 22:00:00,2017-04-19 22:00:00,542.6805
2017-04-19 23:00:00,2017-04-19 23:00:00,544.4252
2017-04-20 00:00:00,2017-04-20 00:00:00,547.2025
2017-04-20 01:00:00,2017-04-20 01:00:00,540.4092
2017-04-20 02:00:00,2017-04-20 02:00:00,532.4895
2017-04-20 03:00:00,2017-04-20 03:00:00,528.8495
2017-04-20 04:00:00,2017-04-20 04:00:00,519.5205
2017-04-20 05:00:00,2017-04-20 05:00:00,507.3278
2017-04-20 06:00:00,2017-04-20 06:00:00,518.0575
2017-04-20 07:00:00,2017-04-20 07:00:00,519.7395
2017-04-20 08:00:00,2017-04-20 08:00:00,527.4228
2017-04-20 09:00:00,2017-04-20 09:00:00,545.8375
2017-04-20 10:00:00,2017-04-20 10:00:00,562.3335
2017-04-20 11:00:00,2017-04-20 11:00:00,579.7373
2017-04-20 12:00:00,2017-04-20 12:00:00,594.8492
2017-04-20 13:00:00,2017-04-20 13:00:00,604.5165
2017-04-20 14:00:00,2017-04-20 14:00:00,623.0182
2017-04-20 15:00:00,2017-04-20 15:00:00,615.873
2017-04-20 16:00:00,2017-04-20 16:00:00,618.598
2017-04-20 17:00:00,2017-04-20 17:00:00,609.8165
2017-04-20 18:00:00,2017-04-20 18:00:00,582.9748
2017-04-20 19:00:00,2017-04-20 19:00:00,569.72
2017-04-20 20:00:00,2017-04-20 20:00:00,559.5882
2017-04-20 21:00:00,2017-04-20 21:00:00,545.5532
2017-04-20 22:00:00,2017-04-20 22:00:00,532.8728
2017-04-20 23:00:00,2017-04-20 23:00:00,524.7748
2017-04-21 00:00:00,2017-04-21 00:00:00,517.9478
2017-04-21 01:00:00,2017-04-21 01:00:00,512.843
2017-04-21 02:00:00,2017-04-21 02:00:00,509.0945
2017-04-21 03:00:00,2017-04-21 03:00:00,501.8437
2017-04-21 04:00:00,2017-04-21 04:00:00,499.6668
2017-04-21 05:00:00,2017-04-21 05:00:00,499.2477
2017-04-21 06:00:00,2017-04-21 06:00:00,514.1555
2017-04-21 07:00:00,2017-04-21 07:00:00,521.0445
2017-04-21 08:00:00,2017-04-21 08:00:00,534.873
2017-04-21 09:00:00,2017-04-21 09:00:00,557.0367
2017-04-21 10:00:00,2017-04-21 10:00:00,581.6452
2017-04-21 11:00:00,2017-04-21 11:00:00,600.861
2017-04-21 12:00:00,2017-04-21 12:00:00,615.346
2017-04-21 13:00:00,2017-04-21 13:00:00,629.99
2017-04-21 14:00:00,2017-04-21 14:00:00,633.8517
2017-04-21 15:00:00,2017-04-21 15:00:00,635.2633
2017-04-21 16:00:00,2017-04-21 16:00:00,625.4392
2017-04-21 17:00:00,2017-04-21 17:00:00,616.9515
2017-04-21 18:00:00,2017-04-21 18:00:00,574.3973
2017-04-21 19:00:00,2017-04-21 19:00:00,562.4908
2017-04-21 20:00:00,2017-04-21 20:00:00,555.908
2017-04-21 21:00:00,2017-04-21 21:00:00,548.1765
2017-04-21 22:00:00,2017-04-21 22:00:00,534.312
2017-04-21 23:00:00,2017-04-21 23:00:00,518.8032
2017-04-22 00:00:00,2017-04-22 00:00:00,504.148
2017-04-22 01:00:00,2017-04-22 01:00:00,495.0765
2017-04-22 02:00:00,2017-04-22 02:00:00,494.8338
2017-04-22 03:00:00,2017-04-22 03:00:00,492.6175
2017-04-22 04:00:00,2017-04-22 04:00:00,492.1268
2017-04-22 05:00:00,2017-04-22 05:00:00,490.7723
2017-04-22 06:00:00,2017-04-22 06:00:00,505.7315
2017-04-22 07:00:00,2017-04-22 07:00:00,508.0983
2017-04-22 08:00:00,2017-04-22 08:00:00,520.6702
2017-04-22 09:00:00,2017-04-22 09:00:00,533.0418
2017-04-22 10:00:00,2017-04-22 10:00:00,544.3717
2017-04-22 11:00:00,2017-04-22 11:00:00,554.5137
2017-04-22 12:00:00,2017-04-22 12:00:00,562.2592
2017-04-22 13:00:00,2017-04-22 13:00:00,562.7556
2017-04-22 14:00:00,2017-04-22 14:00:00,563.0265
2017-04-22 15:00:00,2017-04-22 15:00:00,562.4102
2017-04-22 16:00:00,2017-04-22 16:00:00,568.1298
2017-04-22 17:00:00,2017-04-22 17:00:00,564.3075
2017-04-22 18:00:00,2017-04-22 18:00:00,550.77
2017-04-22 19:00:00,2017-04-22 19:00:00,543.5755
2017-04-22 20:00:00,2017-04-22 20:00:00,528.3177
2017-04-22 21:00:00,2017-04-22 21:00:00,490.0117
2017-04-22 22:00:00,2017-04-22 22:00:00,512.2338
2017-04-22 23:00:00,2017-04-22 23:00:00,505.6335
2017-04-23 00:00:00,2017-04-23 00:00:00,499.4535
2017-04-23 01:00:00,2017-04-23 01:00:00,498.699
2017-04-23 02:00:00,2017-04-23 02:00:00,498.089
2017-04-23 03:00:00,2017-04-23 03:00:00,497.599
2017-04-23 04:00:00,2017-04-23 04:00:00,501.4978
2017-04-23 05:00:00,2017-04-23 05:00:00,499.2967
2017-04-23 06:00:00,2017-04-23 06:00:00,511.519
2017-04-23 07:00:00,2017-04-23 07:00:00,512.4778
2017-04-23 08:00:00,2017-04-23 08:00:00,514.081
2017-04-23 09:00:00,2017-04-23 09:00:00,527.1743
2017-04-23 10:00:00,2017-04-23 10:00:00,536.4917
2017-04-23 11:00:00,2017-04-23 11:00:00,550.0397
2017-04-23 12:00:00,2017-04-23 12:00:00,565.1647
2017-04-23 13:00:00,2017-04-23 13:00:00,570.616
2017-04-23 14:00:00,2017-04-23 14:00:00,570.372
2017-04-23 15:00:00,2017-04-23 15:00:00,568.3347
2017-04-23 16:00:00,2017-04-23 16:00:00,567.0798
2017-04-23 17:00:00,2017-04-23 17:00:00,567.1945
2017-04-23 18:00:00,2017-04-23 18:00:00,550.2665
2017-04-23 19:00:00,2017-04-23 19:00:00,540.6485
2017-04-23 20:00:00,2017-04-23 20:00:00,528.2878
2017-04-23 21:00:00,2017-04-23 21:00:00,522.451
2017-04-23 22:00:00,2017-04-23 22:00:00,515.653
2017-04-23 23:00:00,2017-04-23 23:00:00,508.7348
2017-04-24 00:00:00,2017-04-24 00:00:00,501.8117
2017-04-24 01:00:00,2017-04-24 01:00:00,500.8302
2017-04-24 02:00:00,2017-04-24 02:00:00,498.714
2017-04-24 03:00:00,2017-04-24 03:00:00,497.5367
2017-04-24 04:00:00,2017-04-24 04:00:00,498.5132
2017-04-24 05:00:00,2017-04-24 05:00:00,502.5578
2017-04-24 06:00:00,2017-04-24 06:00:00,517.5865
2017-04-24 07:00:00,2017-04-24 07:00:00,524.8572
2017-04-24 08:00:00,2017-04-24 08:00:00,537.2558
2017-04-24 09:00:00,2017-04-24 09:00:00,547.307
2017-04-24 10:00:00,2017-04-24 10:00:00,557.2575
2017-04-24 11:00:00,2017-04-24 11:00:00,567.9423
2017-04-24 12:00:00,2017-04-24 12:00:00,571.2735
2017-04-24 13:00:00,2017-04-24 13:00:00,574.4538
2017-04-24 14:00:00,2017-04-24 14:00:00,578.303
2017-04-24 15:00:00,2017-04-24 15:00:00,572.081
2017-04-24 16:00:00,2017-04-24 16:00:00,571.701
2017-04-24 17:00:00,2017-04-24 17:00:00,569.3608
2017-04-24 18:00:00,2017-04-24 18:00:00,551.1765
2017-04-24 19:00:00,2017-04-24 19:00:00,536.089
2017-04-24 20:00:00,2017-04-24 20:00:00,527.7312
2017-04-24 21:00:00,2017-04-24 21:00:00,522.5975
2017-04-24 22:00:00,2017-04-24 22:00:00,519.646
2017-04-24 23:00:00,2017-04-24 23:00:00,514.0595
2017-04-25 00:00:00,2017-04-25 00:00:00,509.354
2017-04-25 01:00:00,2017-04-25 01:00:00,504.7745
2017-04-25 02:00:00,2017-04-25 02:00:00,501.2593
2017-04-25 03:00:00,2017-04-25 03:00:00,489.0185
2017-04-25 04:00:00,2017-04-25 04:00:00,483.193
2017-04-25 05:00:00,2017-04-25 05:00:00,481.6907
2017-04-25 06:00:00,2017-04-25 06:00:00,496.8208
2017-04-25 07:00:00,2017-04-25 07:00:00,500.684
2017-04-25 08:00:00,2017-04-25 08:00:00,514.2345
2017-04-25 09:00:00,2017-04-25 09:00:00,527.3235
2017-04-25 10:00:00,2017-04-25 10:00:00,534.03
2017-04-25 11:00:00,2017-04-25 11:00:00,545.6252
2017-04-25 12:00:00,2017-04-25 12:00:00,558.8505
2017-04-25 13:00:00,2017-04-25 13:00:00,564.695
2017-04-25 14:00:00,2017-04-25 14:00:00,572.5845
2017-04-25 15:00:00,2017-04-25 15:00:00,570.6427
2017-04-25 16:00:00,2017-04-25 16:00:00,566.0295
2017-04-25 17:00:00,2017-04-25 17:00:00,559.6678
2017-04-25 18:00:00,2017-04-25 18:00:00,538.5315
2017-04-25 19:00:00,2017-04-25 19:00:00,530.4468
2017-04-25 20:00:00,2017-04-25 20:00:00,525.1553
2017-04-25 21:00:00,2017-04-25 21:00:00,520.357
2017-04-25 22:00:00,2017-04-25 22:00:00,512.1235
2017-04-25 23:00:00,2017-04-25 23:00:00,510.4275
2017-04-26 00:00:00,2017-04-26 00:00:00,507.6505
2017-04-26 01:00:00,2017-04-26 01:00:00,504.8637
2017-04-26 02:00:00,2017-04-26 02:00:00,503.7902
2017-04-26 03:00:00,2017-04-26 03:00:00,503.8925
2017-04-26 04:00:00,2017-04-26 04:00:00,506.0357
2017-04-26 05:00:00,2017-04-26 05:00:00,508.8283
2017-04-26 06:00:00,2017-04-26 06:00:00,525.1002
2017-04-26 07:00:00,2017-04-26 07:00:00,531.0913
2017-04-26 08:00:00,2017-04-26 08:00:00,540.7162
2017-04-26 09:00:00,2017-04-26 09:00:00,557.0333
2017-04-26 10:00:00,2017-04-26 10:00:00,570.8922
2017-04-26 11:00:00,2017-04-26 11:00:00,579.0997
2017-04-26 12:00:00,2017-04-26 12:00:00,588.44
2017-04-26 13:00:00,2017-04-26 13:00:00,591.8817
2017-04-26 14:00:00,2017-04-26 14:00:00,595.6062
2017-04-26 15:00:00,2017-04-26 15:00:00,592.8653
2017-04-26 16:00:00,2017-04-26 16:00:00,585.9617
2017-04-26 17:00:00,2017-04-26 17:00:00,586.5065
2017-04-26 18:00:00,2017-04-26 18:00:00,568.7535
2017-04-26 19:00:00,2017-04-26 19:00:00,557.9755
2017-04-26 20:00:00,2017-04-26 20:00:00,542.98
2017-04-26 21:00:00,2017-04-26 21:00:00,531.6212
2017-04-26 22:00:00,2017-04-26 22:00:00,533.277
2017-04-26 23:00:00,2017-04-26 23:00:00,512.2222
2017-04-27 00:00:00,2017-04-27 00:00:00,502.373
2017-04-27 01:00:00,2017-04-27 01:00:00,495.555
2017-04-27 02:00:00,2017-04-27 02:00:00,495.5195
2017-04-27 03:00:00,2017-04-27 03:00:00,495.732
2017-04-27 04:00:00,2017-04-27 04:00:00,495.3818
2017-04-27 05:00:00,2017-04-27 05:00:00,493.2865
2017-04-27 06:00:00,2017-04-27 06:00:00,508.278
2017-04-27 07:00:00,2017-04-27 07:00:00,511.151
2017-04-27 08:00:00,2017-04-27 08:00:00,523.631
2017-04-27 09:00:00,2017-04-27 09:00:00,542.6862
2017-04-27 10:00:00,2017-04-27 10:00:00,558.1738
2017-04-27 11:00:00,2017-04-27 11:00:00,577.7043
2017-04-27 12:00:00,2017-04-27 12:00:00,591.9485
2017-04-27 13:00:00,2017-04-27 13:00:00,601.7935
2017-04-27 14:00:00,2017-04-27 14:00:00,607.6482
2017-04-27 15:00:00,2017-04-27 15:00:00,604.8778
2017-04-27 16:00:00,2017-04-27 16:00:00,608.1095
2017-04-27 17:00:00,2017-04-27 17:00:00,595.9382
2017-04-27 18:00:00,2017-04-27 18:00:00,561.751
2017-04-27 19:00:00,2017-04-27 19:00:00,546.0758
2017-04-27 20:00:00,2017-04-27 20:00:00,526.1935
2017-04-27 21:00:00,2017-04-27 21:00:00,518.365
2017-04-27 22:00:00,2017-04-27 22:00:00,511.1675
2017-04-27 23:00:00,2017-04-27 23:00:00,504.1425
2017-04-28 00:00:00,2017-04-28 00:00:00,500.1425
2017-04-28 01:00:00,2017-04-28 01:00:00,493.9258
2017-04-28 02:00:00,2017-04-28 02:00:00,491.4475
2017-04-28 03:00:00,2017-04-28 03:00:00,490.7637
2017-04-28 04:00:00,2017-04-28 04:00:00,488.757
2017-04-28 05:00:00,2017-04-28 05:00:00,487.1382
2017-04-28 06:00:00,2017-04-28 06:00:00,501.4752
2017-04-28 07:00:00,2017-04-28 07:00:00,502.5117
2017-04-28 08:00:00,2017-04-28 08:00:00,510.6212
2017-04-28 09:00:00,2017-04-28 09:00:00,535.908
2017-04-28 10:00:00,2017-04-28 10:00:00,558.0938
2017-04-28 11:00:00,2017-04-28 11:00:00,587.186
2017-04-28 12:00:00,2017-04-28 12:00:00,610.2707
2017-04-28 13:00:00,2017-04-28 13:00:00,618.3098
2017-04-28 14:00:00,2017-04-28 14:00:00,623.061
2017-04-28 15:00:00,2017-04-28 15:00:00,623.3558
2017-04-28 16:00:00,2017-04-28 16:00:00,615.698
2017-04-28 17:00:00,2017-04-28 17:00:00,614.1748
2017-04-28 18:00:00,2017-04-28 18:00:00,582.745
2017-04-28 19:00:00,2017-04-28 19:00:00,565.9523
2017-04-28 20:00:00,2017-04-28 20:00:00,550.3397
2017-04-28 21:00:00,2017-04-28 21:00:00,546.9908
2017-04-28 22:00:00,2017-04-28 22:00:00,546.9245
2017-04-28 23:00:00,2017-04-28 23:00:00,540.2445
2017-04-29 00:00:00,2017-04-29 00:00:00,532.4203
2017-04-29 01:00:00,2017-04-29 01:00:00,529.568
2017-04-29 02:00:00,2017-04-29 02:00:00,526.546
2017-04-29 03:00:00,2017-04-29 03:00:00,521.26
2017-04-29 04:00:00,2017-04-29 04:00:00,518.1943
2017-04-29 05:00:00,2017-04-29 05:00:00,522.7518
2017-04-29 06:00:00,2017-04-29 06:00:00,539.6228
2017-04-29 07:00:00,2017-04-29 07:00:00,539.7652
2017-04-29 08:00:00,2017-04-29 08:00:00,542.893
2017-04-29 09:00:00,2017-04-29 09:00:00,559.0322
2017-04-29 10:00:00,2017-04-29 10:00:00,569.0965
2017-04-29 11:00:00,2017-04-29 11:00:00,584.6275
2017-04-29 12:00:00,2017-04-29 12:00:00,589.109
2017-04-29 13:00:00,2017-04-29 13:00:00,633.9058
2017-04-29 14:00:00,2017-04-29 14:00:00,649.842
2017-04-29 15:00:00,2017-04-29 15:00:00,642.2017
2017-04-29 16:00:00,2017-04-29 16:00:00,594.1827
2017-04-29 17:00:00,2017-04-29 17:00:00,592.8995
2017-04-29 18:00:00,2017-04-29 18:00:00,568.1242
2017-04-29 19:00:00,2017-04-29 19:00:00,552.138
2017-04-29 20:00:00,2017-04-29 20:00:00,541.973
2017-04-29 21:00:00,2017-04-29 21:00:00,531.6333
2017-04-29 22:00:00,2017-04-29 22:00:00,516.7163
2017-04-29 23:00:00,2017-04-29 23:00:00,511.4445
2017-04-30 00:00:00,2017-04-30 00:00:00,509.4385
2017-04-30 01:00:00,2017-04-30 01:00:00,508.6245
2017-04-30 02:00:00,2017-04-30 02:00:00,503.677
2017-04-30 03:00:00,2017-04-30 03:00:00,502.9085
2017-04-30 04:00:00,2017-04-30 04:00:00,500.2677
2017-04-30 05:00:00,2017-04-30 05:00:00,498.6542
2017-04-30 06:00:00,2017-04-30 06:00:00,507.5217
2017-04-30 07:00:00,2017-04-30 07:00:00,510.8008
2017-04-30 08:00:00,2017-04-30 08:00:00,519.0255
2017-04-30 09:00:00,2017-04-30 09:00:00,537.2188
2017-04-30 10:00:00,2017-04-30 10:00:00,557.155
2017-04-30 11:00:00,2017-04-30 11:00:00,571.5325
2017-04-30 12:00:00,2017-04-30 12:00:00,584.5138
2017-04-30 13:00:00,2017-04-30 13:00:00,588.507
2017-04-30 14:00:00,2017-04-30 14:00:00,591.8537
2017-04-30 15:00:00,2017-04-30 15:00:00,592.6095
2017-04-30 16:00:00,2017-04-30 16:00:00,588.9772
2017-04-30 17:00:00,2017-04-30 17:00:00,594.2765
2017-04-30 18:00:00,2017-04-30 18:00:00,574.2498
2017-04-30 19:00:00,2017-04-30 19:00:00,552.6893
2017-04-30 20:00:00,2017-04-30 20:00:00,540.2862
2017-04-30 21:00:00,2017-04-30 21:00:00,537.106
2017-04-30 22:00:00,2017-04-30 22:00:00,533.4037
2017-04-30 23:00:00,2017-04-30 23:00:00,528.1942
2017-05-01 00:00:00,2017-05-01 00:00:00,516.8612
2017-05-01 01:00:00,2017-05-01 01:00:00,510.501
2017-05-01 02:00:00,2017-05-01 02:00:00,505.3077
2017-05-01 03:00:00,2017-05-01 03:00:00,502.469
2017-05-01 04:00:00,2017-05-01 04:00:00,503.1025
2017-05-01 05:00:00,2017-05-01 05:00:00,499.1818
2017-05-01 06:00:00,2017-05-01 06:00:00,519.1472
2017-05-01 07:00:00,2017-05-01 07:00:00,525.7885
2017-05-01 08:00:00,2017-05-01 08:00:00,542.6112
2017-05-01 09:00:00,2017-05-01 09:00:00,580.0075
2017-05-01 10:00:00,2017-05-01 10:00:00,605.8823
2017-05-01 11:00:00,2017-05-01 11:00:00,668.204
2017-05-01 12:00:00,2017-05-01 12:00:00,674.4435
2017-05-01 13:00:00,2017-05-01 13:00:00,678.4603
2017-05-01 14:00:00,2017-05-01 14:00:00,678.0795
2017-05-01 15:00:00,2017-05-01 15:00:00,677.1835
2017-05-01 16:00:00,2017-05-01 16:00:00,674.714
2017-05-01 17:00:00,2017-05-01 17:00:00,672.5418
2017-05-01 18:00:00,2017-05-01 18:00:00,540.3965
2017-05-01 19:00:00,2017-05-01 19:00:00,611.1513
2017-05-01 20:00:00,2017-05-01 20:00:00,501.9828
2017-05-01 21:00:00,2017-05-01 21:00:00,607.3642
2017-05-01 22:00:00,2017-05-01 22:00:00,530.068
2017-05-01 23:00:00,2017-05-01 23:00:00,554.676
2017-05-02 00:00:00,2017-05-02 00:00:00,585.1498
2017-05-02 01:00:00,2017-05-02 01:00:00,497.1268
2017-05-02 02:00:00,2017-05-02 02:00:00,620.9195
2017-05-02 03:00:00,2017-05-02 03:00:00,496.4318
2017-05-02 04:00:00,2017-05-02 04:00:00,595.2167
2017-05-02 05:00:00,2017-05-02 05:00:00,518.339
2017-05-02 06:00:00,2017-05-02 06:00:00,577.853
2017-05-02 07:00:00,2017-05-02 07:00:00,573.8483
2017-05-02 08:00:00,2017-05-02 08:00:00,560.4498
2017-05-02 09:00:00,2017-05-02 09:00:00,624.02
2017-05-02 10:00:00,2017-05-02 10:00:00,532.6355
2017-05-02 11:00:00,2017-05-02 11:00:00,682.7093
2017-05-02 12:00:00,2017-05-02 12:00:00,675.8077
2017-05-02 13:00:00,2017-05-02 13:00:00,679.1675
2017-05-02 14:00:00,2017-05-02 14:00:00,680.7293
2017-05-02 15:00:00,2017-05-02 15:00:00,684.1192
2017-05-02 16:00:00,2017-05-02 16:00:00,679.6863
2017-05-02 17:00:00,2017-05-02 17:00:00,679.8005
2017-05-02 18:00:00,2017-05-02 18:00:00,660.7043
2017-05-02 19:00:00,2017-05-02 19:00:00,505.9263
2017-05-02 20:00:00,2017-05-02 20:00:00,641.0718
2017-05-02 21:00:00,2017-05-02 21:00:00,508.81
2017-05-02 22:00:00,2017-05-02 22:00:00,587.5975
2017-05-02 23:00:00,2017-05-02 23:00:00,551.573
2017-05-03 00:00:00,2017-05-03 00:00:00,534.0255
2017-05-03 01:00:00,2017-05-03 01:00:00,574.2208
2017-05-03 02:00:00,2017-05-03 02:00:00,489.9132
2017-05-03 03:00:00,2017-05-03 03:00:00,585.993
2017-05-03 04:00:00,2017-05-03 04:00:00,517.8632
2017-05-03 05:00:00,2017-05-03 05:00:00,547.022
2017-05-03 06:00:00,2017-05-03 06:00:00,572.5362
2017-05-03 07:00:00,2017-05-03 07:00:00,519.145
2017-05-03 08:00:00,2017-05-03 08:00:00,614.7132
2017-05-03 09:00:00,2017-05-03 09:00:00,536.6073
2017-05-03 14:00:00,2017-05-03 14:00:00,657.905
2017-05-03 19:00:00,2017-05-03 19:00:00,680.0263
2017-05-03 20:00:00,2017-05-03 20:00:00,655.2835
2017-05-03 21:00:00,2017-05-03 21:00:00,640.277
2017-05-03 22:00:00,2017-05-03 22:00:00,626.1917
2017-05-03 23:00:00,2017-05-03 23:00:00,614.4225
2017-05-04 00:00:00,2017-05-04 00:00:00,610.3325
2017-05-04 01:00:00,2017-05-04 01:00:00,354.9472
2017-05-04 02:00:00,2017-05-04 02:00:00,603.2432
2017-05-04 03:00:00,2017-05-04 03:00:00,597.9098
2017-05-04 04:00:00,2017-05-04 04:00:00,596.1025
2017-05-04 05:00:00,2017-05-04 05:00:00,597.248
2017-05-04 06:00:00,2017-05-04 06:00:00,605.5805
2017-05-04 07:00:00,2017-05-04 07:00:00,610.27
2017-05-04 08:00:00,2017-05-04 08:00:00,621.9968
2017-05-04 09:00:00,2017-05-04 09:00:00,590.7872
2017-05-04 10:00:00,2017-05-04 10:00:00,628.349
2017-05-04 11:00:00,2017-05-04 11:00:00,651.7315
2017-05-04 12:00:00,2017-05-04 12:00:00,664.465
2017-05-04 13:00:00,2017-05-04 13:00:00,665.797
2017-05-04 14:00:00,2017-05-04 14:00:00,662.3495
2017-05-04 15:00:00,2017-05-04 15:00:00,687.0222
2017-05-04 16:00:00,2017-05-04 16:00:00,651.941
2017-05-04 17:00:00,2017-05-04 17:00:00,632.6995
2017-05-04 18:00:00,2017-05-04 18:00:00,604.8438
2017-05-04 19:00:00,2017-05-04 19:00:00,591.36
2017-05-04 20:00:00,2017-05-04 20:00:00,581.3305
2017-05-04 21:00:00,2017-05-04 21:00:00,576.3908
2017-05-04 22:00:00,2017-05-04 22:00:00,570.2292
2017-05-04 23:00:00,2017-05-04 23:00:00,568.262
2017-05-05 00:00:00,2017-05-05 00:00:00,564.6982
2017-05-05 01:00:00,2017-05-05 01:00:00,562.7887
2017-05-05 02:00:00,2017-05-05 02:00:00,562.5655
2017-05-05 03:00:00,2017-05-05 03:00:00,557.0448
2017-05-05 04:00:00,2017-05-05 04:00:00,557.3408
2017-05-05 05:00:00,2017-05-05 05:00:00,555.878
2017-05-05 06:00:00,2017-05-05 06:00:00,568.5658
2017-05-05 07:00:00,2017-05-05 07:00:00,572.4685
2017-05-05 08:00:00,2017-05-05 08:00:00,534.9632
2017-05-05 09:00:00,2017-05-05 09:00:00,548.0608
2017-05-05 10:00:00,2017-05-05 10:00:00,562.0178
2017-05-05 11:00:00,2017-05-05 11:00:00,594.5993
2017-05-05 12:00:00,2017-05-05 12:00:00,623.7205
2017-05-05 13:00:00,2017-05-05 13:00:00,631.0657
2017-05-05 14:00:00,2017-05-05 14:00:00,631.9515
2017-05-05 15:00:00,2017-05-05 15:00:00,633.2808
2017-05-05 16:00:00,2017-05-05 16:00:00,631.7738
2017-05-05 17:00:00,2017-05-05 17:00:00,616.196
2017-05-05 18:00:00,2017-05-05 18:00:00,586.5803
2017-05-05 19:00:00,2017-05-05 19:00:00,564.1398
2017-05-05 20:00:00,2017-05-05 20:00:00,544.9085
2017-05-05 21:00:00,2017-05-05 21:00:00,530.3388
2017-05-05 22:00:00,2017-05-05 22:00:00,516.0477
2017-05-05 23:00:00,2017-05-05 23:00:00,512.1725
2017-05-06 00:00:00,2017-05-06 00:00:00,504.5518
2017-05-06 01:00:00,2017-05-06 01:00:00,498.5337
2017-05-06 02:00:00,2017-05-06 02:00:00,494.3502
2017-05-06 03:00:00,2017-05-06 03:00:00,491.4238
2017-05-06 04:00:00,2017-05-06 04:00:00,491.9422
2017-05-06 05:00:00,2017-05-06 05:00:00,491.5222
2017-05-06 06:00:00,2017-05-06 06:00:00,503.4202
2017-05-06 07:00:00,2017-05-06 07:00:00,508.752
2017-05-06 08:00:00,2017-05-06 08:00:00,509.0582
2017-05-06 09:00:00,2017-05-06 09:00:00,511.2853
2017-05-06 10:00:00,2017-05-06 10:00:00,524.5267
2017-05-06 11:00:00,2017-05-06 11:00:00,538.4145
2017-05-06 12:00:00,2017-05-06 12:00:00,554.4538
2017-05-06 13:00:00,2017-05-06 13:00:00,568.5982
2017-05-06 14:00:00,2017-05-06 14:00:00,568.4115
2017-05-06 15:00:00,2017-05-06 15:00:00,570.1115
2017-05-06 16:00:00,2017-05-06 16:00:00,568.1985
2017-05-06 17:00:00,2017-05-06 17:00:00,568.6995
2017-05-06 18:00:00,2017-05-06 18:00:00,557.6505
2017-05-06 19:00:00,2017-05-06 19:00:00,550.4455
2017-05-06 20:00:00,2017-05-06 20:00:00,540.493
2017-05-06 21:00:00,2017-05-06 21:00:00,527.9673
2017-05-06 22:00:00,2017-05-06 22:00:00,525.6862
2017-05-06 23:00:00,2017-05-06 23:00:00,520.2373
2017-05-07 00:00:00,2017-05-07 00:00:00,507.6418
2017-05-07 01:00:00,2017-05-07 01:00:00,505.1105
2017-05-07 02:00:00,2017-05-07 02:00:00,504.1777
2017-05-07 03:00:00,2017-05-07 03:00:00,500.3655
2017-05-07 04:00:00,2017-05-07 04:00:00,497.1218
2017-05-07 05:00:00,2017-05-07 05:00:00,495.472
2017-05-07 06:00:00,2017-05-07 06:00:00,504.1933
2017-05-07 07:00:00,2017-05-07 07:00:00,508.0743
2017-05-07 08:00:00,2017-05-07 08:00:00,518.2755
2017-05-07 09:00:00,2017-05-07 09:00:00,534.5483
2017-05-07 10:00:00,2017-05-07 10:00:00,545.025
2017-05-07 11:00:00,2017-05-07 11:00:00,566.545
2017-05-07 12:00:00,2017-05-07 12:00:00,582.16
2017-05-07 13:00:00,2017-05-07 13:00:00,593.134
2017-05-07 14:00:00,2017-05-07 14:00:00,596.5428
2017-05-07 15:00:00,2017-05-07 15:00:00,596.5588
2017-05-07 16:00:00,2017-05-07 16:00:00,596.3595
2017-05-07 17:00:00,2017-05-07 17:00:00,584.472
2017-05-07 18:00:00,2017-05-07 18:00:00,571.7182
2017-05-07 19:00:00,2017-05-07 19:00:00,558.5627
2017-05-07 20:00:00,2017-05-07 20:00:00,545.7772
2017-05-07 21:00:00,2017-05-07 21:00:00,522.9975
2017-05-07 22:00:00,2017-05-07 22:00:00,510.0205
2017-05-07 23:00:00,2017-05-07 23:00:00,508.4
2017-05-08 00:00:00,2017-05-08 00:00:00,501.6847
2017-05-08 01:00:00,2017-05-08 01:00:00,491.9597
2017-05-08 02:00:00,2017-05-08 02:00:00,491.0107
2017-05-08 03:00:00,2017-05-08 03:00:00,490.623
2017-05-08 04:00:00,2017-05-08 04:00:00,490.232
2017-05-08 05:00:00,2017-05-08 05:00:00,488.6283
2017-05-08 06:00:00,2017-05-08 06:00:00,501.1467
2017-05-08 07:00:00,2017-05-08 07:00:00,505.1258
2017-05-08 08:00:00,2017-05-08 08:00:00,518.1712
2017-05-08 09:00:00,2017-05-08 09:00:00,539.4718
2017-05-08 10:00:00,2017-05-08 10:00:00,557.829
2017-05-08 11:00:00,2017-05-08 11:00:00,575.8998
2017-05-08 12:00:00,2017-05-08 12:00:00,597.7157
2017-05-08 13:00:00,2017-05-08 13:00:00,607.546
2017-05-08 14:00:00,2017-05-08 14:00:00,604.056
2017-05-08 15:00:00,2017-05-08 15:00:00,601.1895
2017-05-08 16:00:00,2017-05-08 16:00:00,604.202
2017-05-08 17:00:00,2017-05-08 17:00:00,596.2305
2017-05-08 18:00:00,2017-05-08 18:00:00,579.1753
2017-05-08 19:00:00,2017-05-08 19:00:00,569.7512
2017-05-08 20:00:00,2017-05-08 20:00:00,543.9965
2017-05-08 21:00:00,2017-05-08 21:00:00,531.6268
2017-05-08 22:00:00,2017-05-08 22:00:00,529.7802
2017-05-08 23:00:00,2017-05-08 23:00:00,525.0938
2017-05-09 00:00:00,2017-05-09 00:00:00,513.6222
2017-05-09 01:00:00,2017-05-09 01:00:00,508.5605
2017-05-09 02:00:00,2017-05-09 02:00:00,501.3915
2017-05-09 03:00:00,2017-05-09 03:00:00,498.715
2017-05-09 04:00:00,2017-05-09 04:00:00,497.1198
2017-05-09 05:00:00,2017-05-09 05:00:00,496.2718
2017-05-09 06:00:00,2017-05-09 06:00:00,508.2867
2017-05-09 07:00:00,2017-05-09 07:00:00,516.4675
2017-05-09 08:00:00,2017-05-09 08:00:00,540.9415
2017-05-09 09:00:00,2017-05-09 09:00:00,570.8418
2017-05-09 10:00:00,2017-05-09 10:00:00,607.9018
2017-05-09 11:00:00,2017-05-09 11:00:00,632.8092
2017-05-09 12:00:00,2017-05-09 12:00:00,638.3028
2017-05-09 13:00:00,2017-05-09 13:00:00,707.4905
2017-05-09 14:00:00,2017-05-09 14:00:00,640.018
2017-05-09 15:00:00,2017-05-09 15:00:00,643.8085
2017-05-09 16:00:00,2017-05-09 16:00:00,627.5738
2017-05-09 17:00:00,2017-05-09 17:00:00,616.2685
2017-05-09 18:00:00,2017-05-09 18:00:00,592.2098
2017-05-09 19:00:00,2017-05-09 19:00:00,568.3342
2017-05-09 20:00:00,2017-05-09 20:00:00,554.4053
2017-05-09 21:00:00,2017-05-09 21:00:00,534.9392
2017-05-09 22:00:00,2017-05-09 22:00:00,528.6868
2017-05-09 23:00:00,2017-05-09 23:00:00,523.1995
2017-05-10 00:00:00,2017-05-10 00:00:00,515.505
2017-05-10 01:00:00,2017-05-10 01:00:00,511.649
2017-05-10 02:00:00,2017-05-10 02:00:00,514.2772
2017-05-10 03:00:00,2017-05-10 03:00:00,511.7693
2017-05-10 04:00:00,2017-05-10 04:00:00,507.2453
2017-05-10 05:00:00,2017-05-10 05:00:00,509.257
2017-05-10 06:00:00,2017-05-10 06:00:00,524.764
2017-05-10 07:00:00,2017-05-10 07:00:00,528.0805
2017-05-10 08:00:00,2017-05-10 08:00:00,534.9325
2017-05-10 09:00:00,2017-05-10 09:00:00,546.5495
2017-05-10 10:00:00,2017-05-10 10:00:00,559.7487
2017-05-10 11:00:00,2017-05-10 11:00:00,570.0223
2017-05-10 12:00:00,2017-05-10 12:00:00,582.983
2017-05-10 13:00:00,2017-05-10 13:00:00,594.2138
2017-05-10 14:00:00,2017-05-10 14:00:00,600.9332
2017-05-10 15:00:00,2017-05-10 15:00:00,602.897
2017-05-10 16:00:00,2017-05-10 16:00:00,597.3718
2017-05-10 17:00:00,2017-05-10 17:00:00,583.0508
2017-05-10 18:00:00,2017-05-10 18:00:00,558.2613
2017-05-10 19:00:00,2017-05-10 19:00:00,541.7452
2017-05-10 20:00:00,2017-05-10 20:00:00,531.2325
2017-05-10 21:00:00,2017-05-10 21:00:00,526.2935
2017-05-10 22:00:00,2017-05-10 22:00:00,523.2282
2017-05-10 23:00:00,2017-05-10 23:00:00,515.4563
2017-05-11 00:00:00,2017-05-11 00:00:00,506.0448
2017-05-11 01:00:00,2017-05-11 01:00:00,503.1945
2017-05-11 02:00:00,2017-05-11 02:00:00,503.761
2017-05-11 03:00:00,2017-05-11 03:00:00,506.2502
2017-05-11 04:00:00,2017-05-11 04:00:00,506.589
2017-05-11 05:00:00,2017-05-11 05:00:00,506.0808
2017-05-11 06:00:00,2017-05-11 06:00:00,518.841
2017-05-11 07:00:00,2017-05-11 07:00:00,523.3057
2017-05-11 08:00:00,2017-05-11 08:00:00,534.667
2017-05-11 09:00:00,2017-05-11 09:00:00,551.8405
2017-05-11 10:00:00,2017-05-11 10:00:00,566.2275
2017-05-11 11:00:00,2017-05-11 11:00:00,584.5688
2017-05-11 12:00:00,2017-05-11 12:00:00,593.8467
2017-05-11 13:00:00,2017-05-11 13:00:00,600.1008
2017-05-11 14:00:00,2017-05-11 14:00:00,601.8202
2017-05-11 15:00:00,2017-05-11 15:00:00,598.1418
2017-05-11 16:00:00,2017-05-11 16:00:00,593.6695
2017-05-11 17:00:00,2017-05-11 17:00:00,594.8938
2017-05-11 18:00:00,2017-05-11 18:00:00,563.4055
2017-05-11 19:00:00,2017-05-11 19:00:00,540.568
2017-05-11 20:00:00,2017-05-11 20:00:00,532.4402
2017-05-11 21:00:00,2017-05-11 21:00:00,529.751
2017-05-11 22:00:00,2017-05-11 22:00:00,518.1552
2017-05-11 23:00:00,2017-05-11 23:00:00,506.6015
2017-05-12 00:00:00,2017-05-12 00:00:00,499.001
2017-05-12 01:00:00,2017-05-12 01:00:00,496.845
2017-05-12 02:00:00,2017-05-12 02:00:00,493.605
2017-05-12 03:00:00,2017-05-12 03:00:00,493.6112
2017-05-12 04:00:00,2017-05-12 04:00:00,492.6308
2017-05-12 05:00:00,2017-05-12 05:00:00,491.412
2017-05-12 06:00:00,2017-05-12 06:00:00,504.165
2017-05-12 07:00:00,2017-05-12 07:00:00,509.46
2017-05-12 08:00:00,2017-05-12 08:00:00,522.6673
2017-05-12 09:00:00,2017-05-12 09:00:00,534.5008
2017-05-12 10:00:00,2017-05-12 10:00:00,550.742
2017-05-12 11:00:00,2017-05-12 11:00:00,567.4598
2017-05-12 12:00:00,2017-05-12 12:00:00,583.436
2017-05-12 13:00:00,2017-05-12 13:00:00,596.9593
2017-05-12 14:00:00,2017-05-12 14:00:00,602.888
2017-05-12 15:00:00,2017-05-12 15:00:00,604.7465
2017-05-12 16:00:00,2017-05-12 16:00:00,601.3472
2017-05-12 17:00:00,2017-05-12 17:00:00,592.9015
2017-05-12 18:00:00,2017-05-12 18:00:00,567.2446
2017-05-12 19:00:00,2017-05-12 19:00:00,540.7203
2017-05-12 20:00:00,2017-05-12 20:00:00,524.852
2017-05-12 21:00:00,2017-05-12 21:00:00,509.6578
2017-05-12 22:00:00,2017-05-12 22:00:00,500.8245
2017-05-12 23:00:00,2017-05-12 23:00:00,497.1262
2017-05-13 00:00:00,2017-05-13 00:00:00,494.062
2017-05-13 01:00:00,2017-05-13 01:00:00,494.676
2017-05-13 02:00:00,2017-05-13 02:00:00,493.7355
2017-05-13 03:00:00,2017-05-13 03:00:00,493.0385
2017-05-13 04:00:00,2017-05-13 04:00:00,492.0135
2017-05-13 05:00:00,2017-05-13 05:00:00,491.621
2017-05-13 06:00:00,2017-05-13 06:00:00,506.8652
2017-05-13 07:00:00,2017-05-13 07:00:00,510.0175
2017-05-13 08:00:00,2017-05-13 08:00:00,512.7778
2017-05-13 09:00:00,2017-05-13 09:00:00,515.0068
2017-05-13 10:00:00,2017-05-13 10:00:00,530.2392
2017-05-13 11:00:00,2017-05-13 11:00:00,550.5945
2017-05-13 12:00:00,2017-05-13 12:00:00,572.068
2017-05-13 13:00:00,2017-05-13 13:00:00,576.2165
2017-05-13 14:00:00,2017-05-13 14:00:00,580.6102
2017-05-13 15:00:00,2017-05-13 15:00:00,579.058
2017-05-13 16:00:00,2017-05-13 16:00:00,575.3152
2017-05-13 17:00:00,2017-05-13 17:00:00,574.4015
2017-05-13 18:00:00,2017-05-13 18:00:00,552.6706
2017-05-13 19:00:00,2017-05-13 19:00:00,527.8638
2017-05-13 20:00:00,2017-05-13 20:00:00,515.5008
2017-05-13 21:00:00,2017-05-13 21:00:00,507.2788
2017-05-13 22:00:00,2017-05-13 22:00:00,499.3585
2017-05-13 23:00:00,2017-05-13 23:00:00,493.4179
2017-05-14 00:00:00,2017-05-14 00:00:00,490.5839
2017-05-14 01:00:00,2017-05-14 01:00:00,491.23
2017-05-14 02:00:00,2017-05-14 02:00:00,489.207
2017-05-14 03:00:00,2017-05-14 03:00:00,488.7465
2017-05-14 04:00:00,2017-05-14 04:00:00,489.8105
2017-05-14 05:00:00,2017-05-14 05:00:00,490.33
2017-05-14 06:00:00,2017-05-14 06:00:00,505.7322
2017-05-14 07:00:00,2017-05-14 07:00:00,508.091
2017-05-14 08:00:00,2017-05-14 08:00:00,508.7927
2017-05-14 09:00:00,2017-05-14 09:00:00,513.715
2017-05-14 10:00:00,2017-05-14 10:00:00,527.3185
2017-05-14 11:00:00,2017-05-14 11:00:00,537.159
2017-05-14 12:00:00,2017-05-14 12:00:00,547.8612
2017-05-14 13:00:00,2017-05-14 13:00:00,567.3972
2017-05-14 14:00:00,2017-05-14 14:00:00,569.879
2017-05-14 15:00:00,2017-05-14 15:00:00,566.1173
2017-05-14 16:00:00,2017-05-14 16:00:00,560.4957
2017-05-14 17:00:00,2017-05-14 17:00:00,552.7047
2017-05-14 18:00:00,2017-05-14 18:00:00,537.7673
2017-05-14 19:00:00,2017-05-14 19:00:00,529.2242
2017-05-14 20:00:00,2017-05-14 20:00:00,521.626
2017-05-14 21:00:00,2017-05-14 21:00:00,510.356
2017-05-14 22:00:00,2017-05-14 22:00:00,500.7895
2017-05-14 23:00:00,2017-05-14 23:00:00,497.278
2017-05-15 00:00:00,2017-05-15 00:00:00,491.2317
2017-05-15 01:00:00,2017-05-15 01:00:00,489.625
2017-05-15 02:00:00,2017-05-15 02:00:00,491.0537
2017-05-15 03:00:00,2017-05-15 03:00:00,490.6932
2017-05-15 04:00:00,2017-05-15 04:00:00,489.4988
2017-05-15 05:00:00,2017-05-15 05:00:00,488.3756
2017-05-15 06:00:00,2017-05-15 06:00:00,502.4405
2017-05-15 07:00:00,2017-05-15 07:00:00,505.4025
2017-05-15 08:00:00,2017-05-15 08:00:00,515.7592
2017-05-15 09:00:00,2017-05-15 09:00:00,523.3898
2017-05-15 10:00:00,2017-05-15 10:00:00,542.9073
2017-05-15 11:00:00,2017-05-15 11:00:00,563.2512
2017-05-15 12:00:00,2017-05-15 12:00:00,584.1662
2017-05-15 13:00:00,2017-05-15 13:00:00,625.0117
2017-05-15 14:00:00,2017-05-15 14:00:00,629.7145
2017-05-15 15:00:00,2017-05-15 15:00:00,624.5553
2017-05-15 16:00:00,2017-05-15 16:00:00,529.3302
2017-05-15 17:00:00,2017-05-15 17:00:00,599.982
2017-05-15 18:00:00,2017-05-15 18:00:00,589.5598
2017-05-15 19:00:00,2017-05-15 19:00:00,515.3325
2017-05-15 20:00:00,2017-05-15 20:00:00,547.757
2017-05-15 21:00:00,2017-05-15 21:00:00,537.3817
2017-05-15 22:00:00,2017-05-15 22:00:00,480.9182
2017-05-15 23:00:00,2017-05-15 23:00:00,499.5117
2017-05-16 00:00:00,2017-05-16 00:00:00,549.323
2017-05-16 01:00:00,2017-05-16 01:00:00,478.34
2017-05-16 02:00:00,2017-05-16 02:00:00,490.5075
2017-05-16 03:00:00,2017-05-16 03:00:00,484.0612
2017-05-16 04:00:00,2017-05-16 04:00:00,487.9917
2017-05-16 05:00:00,2017-05-16 05:00:00,486.4075
2017-05-16 06:00:00,2017-05-16 06:00:00,496.836
2017-05-16 07:00:00,2017-05-16 07:00:00,514.5705
2017-05-16 08:00:00,2017-05-16 08:00:00,511.8855
2017-05-16 09:00:00,2017-05-16 09:00:00,556.72
2017-05-16 10:00:00,2017-05-16 10:00:00,556.5978
2017-05-16 11:00:00,2017-05-16 11:00:00,546.5155
2017-05-16 12:00:00,2017-05-16 12:00:00,608.4232
2017-05-16 13:00:00,2017-05-16 13:00:00,518.992
2017-05-16 14:00:00,2017-05-16 14:00:00,612.0885
2017-05-16 15:00:00,2017-05-16 15:00:00,573.5692
2017-05-16 16:00:00,2017-05-16 16:00:00,547.3862
2017-05-16 17:00:00,2017-05-16 17:00:00,605.429
2017-05-16 18:00:00,2017-05-16 18:00:00,508.432
2017-05-16 19:00:00,2017-05-16 19:00:00,541.8032
2017-05-16 20:00:00,2017-05-16 20:00:00,533.547
2017-05-16 21:00:00,2017-05-16 21:00:00,502.2623
2017-05-16 22:00:00,2017-05-16 22:00:00,571.627
2017-05-16 23:00:00,2017-05-16 23:00:00,486.8607
2017-05-17 00:00:00,2017-05-17 00:00:00,548.6693
2017-05-17 01:00:00,2017-05-17 01:00:00,516.0073
2017-05-17 02:00:00,2017-05-17 02:00:00,482.0587
2017-05-17 03:00:00,2017-05-17 03:00:00,474.5155
2017-05-17 04:00:00,2017-05-17 04:00:00,478.2195
2017-05-17 05:00:00,2017-05-17 05:00:00,472.5555
2017-05-17 06:00:00,2017-05-17 06:00:00,485.433
2017-05-17 07:00:00,2017-05-17 07:00:00,492.088
2017-05-17 08:00:00,2017-05-17 08:00:00,544.5147
2017-05-17 09:00:00,2017-05-17 09:00:00,547.5733
2017-05-17 10:00:00,2017-05-17 10:00:00,528.68
2017-05-17 11:00:00,2017-05-17 11:00:00,619.752
2017-05-17 12:00:00,2017-05-17 12:00:00,625.0033
2017-05-17 13:00:00,2017-05-17 13:00:00,625.488
2017-05-17 14:00:00,2017-05-17 14:00:00,610.822
2017-05-17 15:00:00,2017-05-17 15:00:00,553.6952
2017-05-17 16:00:00,2017-05-17 16:00:00,625.4235
2017-05-17 17:00:00,2017-05-17 17:00:00,602.329
2017-05-17 18:00:00,2017-05-17 18:00:00,576.9292
2017-05-17 19:00:00,2017-05-17 19:00:00,569.7483
2017-05-17 20:00:00,2017-05-17 20:00:00,559.362
2017-05-17 21:00:00,2017-05-17 21:00:00,551.9973
2017-05-17 22:00:00,2017-05-17 22:00:00,546.3278
2017-05-17 23:00:00,2017-05-17 23:00:00,539.9157
2017-05-18 00:00:00,2017-05-18 00:00:00,537.0795
2017-05-18 01:00:00,2017-05-18 01:00:00,532.8353
2017-05-18 02:00:00,2017-05-18 02:00:00,529.052
2017-05-18 03:00:00,2017-05-18 03:00:00,528.043
2017-05-18 04:00:00,2017-05-18 04:00:00,528.4505
2017-05-18 05:00:00,2017-05-18 05:00:00,527.0978
2017-05-18 06:00:00,2017-05-18 06:00:00,543.9665
2017-05-18 07:00:00,2017-05-18 07:00:00,545.183
2017-05-18 08:00:00,2017-05-18 08:00:00,560.9888
2017-05-18 09:00:00,2017-05-18 09:00:00,582.8743
2017-05-18 10:00:00,2017-05-18 10:00:00,597.8566
2017-05-18 11:00:00,2017-05-18 11:00:00,629.7822
2017-05-18 12:00:00,2017-05-18 12:00:00,659.4805
2017-05-18 13:00:00,2017-05-18 13:00:00,666.2118
2017-05-18 14:00:00,2017-05-18 14:00:00,662.815
2017-05-18 15:00:00,2017-05-18 15:00:00,656.496
2017-05-18 16:00:00,2017-05-18 16:00:00,648.1777
2017-05-18 17:00:00,2017-05-18 17:00:00,642.366
2017-05-18 18:00:00,2017-05-18 18:00:00,608.693
2017-05-18 19:00:00,2017-05-18 19:00:00,596.4638
2017-05-18 20:00:00,2017-05-18 20:00:00,576.2602
2017-05-18 21:00:00,2017-05-18 21:00:00,569.078
2017-05-18 22:00:00,2017-05-18 22:00:00,558.99
2017-05-18 23:00:00,2017-05-18 23:00:00,556.4582
2017-05-19 00:00:00,2017-05-19 00:00:00,553.2832
2017-05-19 01:00:00,2017-05-19 01:00:00,550.921
2017-05-19 02:00:00,2017-05-19 02:00:00,547.6772
2017-05-19 03:00:00,2017-05-19 03:00:00,545.377
2017-05-19 04:00:00,2017-05-19 04:00:00,539.6805
2017-05-19 05:00:00,2017-05-19 05:00:00,539.203
2017-05-19 06:00:00,2017-05-19 06:00:00,558.7868
2017-05-19 07:00:00,2017-05-19 07:00:00,563.2012
2017-05-19 08:00:00,2017-05-19 08:00:00,586.4893
2017-05-19 09:00:00,2017-05-19 09:00:00,615.7405
2017-05-19 10:00:00,2017-05-19 10:00:00,642.615
2017-05-19 11:00:00,2017-05-19 11:00:00,665.477
2017-05-19 12:00:00,2017-05-19 12:00:00,671.3352
2017-05-19 13:00:00,2017-05-19 13:00:00,672.8265
2017-05-19 14:00:00,2017-05-19 14:00:00,605.8643
2017-05-19 15:00:00,2017-05-19 15:00:00,553.3212
2017-05-19 16:00:00,2017-05-19 16:00:00,661.7895
2017-05-19 17:00:00,2017-05-19 17:00:00,650.369
2017-05-19 18:00:00,2017-05-19 18:00:00,613.8485
2017-05-19 19:00:00,2017-05-19 19:00:00,595.7738
2017-05-19 20:00:00,2017-05-19 20:00:00,582.8962
2017-05-19 21:00:00,2017-05-19 21:00:00,568.4278
2017-05-19 22:00:00,2017-05-19 22:00:00,553.3565
2017-05-19 23:00:00,2017-05-19 23:00:00,548.9155
2017-05-20 00:00:00,2017-05-20 00:00:00,552.9043
2017-05-20 01:00:00,2017-05-20 01:00:00,553.1265
2017-05-20 02:00:00,2017-05-20 02:00:00,551.0355
2017-05-20 03:00:00,2017-05-20 03:00:00,547.005
2017-05-20 04:00:00,2017-05-20 04:00:00,545.5275
2017-05-20 05:00:00,2017-05-20 05:00:00,543.6467
2017-05-20 06:00:00,2017-05-20 06:00:00,555.7457
2017-05-20 07:00:00,2017-05-20 07:00:00,559.9237
2017-05-20 08:00:00,2017-05-20 08:00:00,581.6285
2017-05-20 09:00:00,2017-05-20 09:00:00,604.826
2017-05-20 10:00:00,2017-05-20 10:00:00,626.282
2017-05-20 11:00:00,2017-05-20 11:00:00,632.624
2017-05-20 12:00:00,2017-05-20 12:00:00,634.685
2017-05-20 13:00:00,2017-05-20 13:00:00,636.8313
2017-05-20 14:00:00,2017-05-20 14:00:00,638.701
2017-05-20 15:00:00,2017-05-20 15:00:00,632.4455
2017-05-20 16:00:00,2017-05-20 16:00:00,637.546
2017-05-20 17:00:00,2017-05-20 17:00:00,635.7343
2017-05-20 18:00:00,2017-05-20 18:00:00,614.1658
2017-05-20 19:00:00,2017-05-20 19:00:00,604.0513
2017-05-20 20:00:00,2017-05-20 20:00:00,582.6458
2017-05-20 21:00:00,2017-05-20 21:00:00,570.2383
2017-05-20 22:00:00,2017-05-20 22:00:00,569.938
2017-05-20 23:00:00,2017-05-20 23:00:00,558.1182
2017-05-21 00:00:00,2017-05-21 00:00:00,557.0053
2017-05-21 01:00:00,2017-05-21 01:00:00,554.3405
2017-05-21 02:00:00,2017-05-21 02:00:00,547.654
2017-05-21 03:00:00,2017-05-21 03:00:00,546.1098
2017-05-21 04:00:00,2017-05-21 04:00:00,545.0062
2017-05-21 05:00:00,2017-05-21 05:00:00,545.1807
2017-05-21 06:00:00,2017-05-21 06:00:00,557.2633
2017-05-21 07:00:00,2017-05-21 07:00:00,563.8668
2017-05-21 08:00:00,2017-05-21 08:00:00,579.35
2017-05-21 09:00:00,2017-05-21 09:00:00,598.344
2017-05-21 10:00:00,2017-05-21 10:00:00,618.6745
2017-05-21 11:00:00,2017-05-21 11:00:00,630.5167
2017-05-21 12:00:00,2017-05-21 12:00:00,632.57
2017-05-21 13:00:00,2017-05-21 13:00:00,638.1195
2017-05-21 14:00:00,2017-05-21 14:00:00,639.6218
2017-05-21 15:00:00,2017-05-21 15:00:00,635.9677
2017-05-21 16:00:00,2017-05-21 16:00:00,627.1425
2017-05-21 17:00:00,2017-05-21 17:00:00,614.513
2017-05-21 18:00:00,2017-05-21 18:00:00,577.8327
2017-05-21 19:00:00,2017-05-21 19:00:00,559.8905
2017-05-21 20:00:00,2017-05-21 20:00:00,546.0422
2017-05-21 21:00:00,2017-05-21 21:00:00,547.865
2017-05-21 22:00:00,2017-05-21 22:00:00,545.3935
2017-05-21 23:00:00,2017-05-21 23:00:00,542.176
2017-05-22 00:00:00,2017-05-22 00:00:00,538.4142
2017-05-22 01:00:00,2017-05-22 01:00:00,537.0022
2017-05-22 02:00:00,2017-05-22 02:00:00,538.0507
2017-05-22 03:00:00,2017-05-22 03:00:00,538.307
2017-05-22 04:00:00,2017-05-22 04:00:00,537.4712
2017-05-22 05:00:00,2017-05-22 05:00:00,537.1368
2017-05-22 06:00:00,2017-05-22 06:00:00,553.9307
2017-05-22 07:00:00,2017-05-22 07:00:00,557.1485
2017-05-22 08:00:00,2017-05-22 08:00:00,568.1927
2017-05-22 09:00:00,2017-05-22 09:00:00,589.2738
2017-05-22 10:00:00,2017-05-22 10:00:00,611.5208
2017-05-22 11:00:00,2017-05-22 11:00:00,630.5025
2017-05-22 12:00:00,2017-05-22 12:00:00,636.2595
2017-05-22 13:00:00,2017-05-22 13:00:00,651.4675
2017-05-22 14:00:00,2017-05-22 14:00:00,656.929
2017-05-22 15:00:00,2017-05-22 15:00:00,653.8848
2017-05-22 16:00:00,2017-05-22 16:00:00,644.4832
2017-05-22 17:00:00,2017-05-22 17:00:00,627.6952
2017-05-22 18:00:00,2017-05-22 18:00:00,593.847
2017-05-22 19:00:00,2017-05-22 19:00:00,568.5742
2017-05-22 20:00:00,2017-05-22 20:00:00,559.7848
2017-05-22 21:00:00,2017-05-22 21:00:00,557.3993
2017-05-22 22:00:00,2017-05-22 22:00:00,553.4705
2017-05-22 23:00:00,2017-05-22 23:00:00,552.535
2017-05-23 00:00:00,2017-05-23 00:00:00,550.5957
2017-05-23 01:00:00,2017-05-23 01:00:00,550.343
2017-05-23 02:00:00,2017-05-23 02:00:00,550.1217
2017-05-23 03:00:00,2017-05-23 03:00:00,546.6055
2017-05-23 04:00:00,2017-05-23 04:00:00,546.3998
2017-05-23 05:00:00,2017-05-23 05:00:00,546.135
2017-05-23 06:00:00,2017-05-23 06:00:00,558.2292
2017-05-23 07:00:00,2017-05-23 07:00:00,561.7035
2017-05-23 08:00:00,2017-05-23 08:00:00,567.5735
2017-05-23 09:00:00,2017-05-23 09:00:00,578.9068
2017-05-23 10:00:00,2017-05-23 10:00:00,597.2652
2017-05-23 11:00:00,2017-05-23 11:00:00,618.639
2017-05-23 12:00:00,2017-05-23 12:00:00,637.0135
2017-05-23 13:00:00,2017-05-23 13:00:00,650.4945
2017-05-23 14:00:00,2017-05-23 14:00:00,631.7552
2017-05-23 15:00:00,2017-05-23 15:00:00,625.1082
2017-05-23 16:00:00,2017-05-23 16:00:00,618.532
2017-05-23 17:00:00,2017-05-23 17:00:00,602.7238
2017-05-23 18:00:00,2017-05-23 18:00:00,577.861
2017-05-23 19:00:00,2017-05-23 19:00:00,568.2668
2017-05-23 20:00:00,2017-05-23 20:00:00,563.6837
2017-05-23 21:00:00,2017-05-23 21:00:00,560.8855
2017-05-23 22:00:00,2017-05-23 22:00:00,557.7047
2017-05-23 23:00:00,2017-05-23 23:00:00,553.446
2017-05-24 00:00:00,2017-05-24 00:00:00,551.9408
2017-05-24 01:00:00,2017-05-24 01:00:00,553.631
2017-05-24 02:00:00,2017-05-24 02:00:00,551.1758
2017-05-24 03:00:00,2017-05-24 03:00:00,549.6623
2017-05-24 04:00:00,2017-05-24 04:00:00,548.3425
2017-05-24 05:00:00,2017-05-24 05:00:00,547.479
2017-05-24 06:00:00,2017-05-24 06:00:00,561.4925
2017-05-24 07:00:00,2017-05-24 07:00:00,562.022
2017-05-24 08:00:00,2017-05-24 08:00:00,565.364
2017-05-24 09:00:00,2017-05-24 09:00:00,577.6845
2017-05-24 10:00:00,2017-05-24 10:00:00,585.4782
2017-05-24 11:00:00,2017-05-24 11:00:00,599.5147
2017-05-24 12:00:00,2017-05-24 12:00:00,597.9827
2017-05-24 13:00:00,2017-05-24 13:00:00,601.2755
2017-05-24 14:00:00,2017-05-24 14:00:00,610.3348
2017-05-24 15:00:00,2017-05-24 15:00:00,606.619
2017-05-24 16:00:00,2017-05-24 16:00:00,602.7673
2017-05-24 17:00:00,2017-05-24 17:00:00,593.6695
2017-05-24 18:00:00,2017-05-24 18:00:00,573.2972
2017-05-24 19:00:00,2017-05-24 19:00:00,565.158
2017-05-24 20:00:00,2017-05-24 20:00:00,559.645
2017-05-24 21:00:00,2017-05-24 21:00:00,558.9827
2017-05-24 22:00:00,2017-05-24 22:00:00,560.1465
2017-05-24 23:00:00,2017-05-24 23:00:00,554.5207
2017-05-25 00:00:00,2017-05-25 00:00:00,551.206
2017-05-25 01:00:00,2017-05-25 01:00:00,550.1138
2017-05-25 02:00:00,2017-05-25 02:00:00,549.35
2017-05-25 03:00:00,2017-05-25 03:00:00,552.2992
2017-05-25 04:00:00,2017-05-25 04:00:00,552.5092
2017-05-25 05:00:00,2017-05-25 05:00:00,550.197
2017-05-25 06:00:00,2017-05-25 06:00:00,566.3912
2017-05-25 07:00:00,2017-05-25 07:00:00,567.3395
2017-05-25 08:00:00,2017-05-25 08:00:00,576.1255
2017-05-25 09:00:00,2017-05-25 09:00:00,590.2902
2017-05-25 10:00:00,2017-05-25 10:00:00,600.2655
2017-05-25 11:00:00,2017-05-25 11:00:00,606.6455
2017-05-25 12:00:00,2017-05-25 12:00:00,605.8285
2017-05-25 13:00:00,2017-05-25 13:00:00,609.5428
2017-05-25 14:00:00,2017-05-25 14:00:00,608.7885
2017-05-25 15:00:00,2017-05-25 15:00:00,608.5505
2017-05-25 16:00:00,2017-05-25 16:00:00,613.0545
2017-05-25 17:00:00,2017-05-25 17:00:00,611.7285
2017-05-25 18:00:00,2017-05-25 18:00:00,584.4534
2017-05-25 19:00:00,2017-05-25 19:00:00,572.4563
2017-05-25 20:00:00,2017-05-25 20:00:00,562.6748
2017-05-25 21:00:00,2017-05-25 21:00:00,562.183
2017-05-25 22:00:00,2017-05-25 22:00:00,563.33
2017-05-25 23:00:00,2017-05-25 23:00:00,563.1035
2017-05-26 00:00:00,2017-05-26 00:00:00,557.2002
2017-05-26 01:00:00,2017-05-26 01:00:00,553.435
2017-05-26 02:00:00,2017-05-26 02:00:00,552.962
2017-05-26 03:00:00,2017-05-26 03:00:00,551.2983
2017-05-26 04:00:00,2017-05-26 04:00:00,549.196
2017-05-26 05:00:00,2017-05-26 05:00:00,549.3588
2017-05-26 06:00:00,2017-05-26 06:00:00,562.7652
2017-05-26 07:00:00,2017-05-26 07:00:00,565.7293
2017-05-26 08:00:00,2017-05-26 08:00:00,572.2535
2017-05-26 09:00:00,2017-05-26 09:00:00,579.6832
2017-05-26 10:00:00,2017-05-26 10:00:00,588.4045
2017-05-26 11:00:00,2017-05-26 11:00:00,595.3122
2017-05-26 12:00:00,2017-05-26 12:00:00,595.0113
2017-05-26 13:00:00,2017-05-26 13:00:00,600.0088
2017-05-26 14:00:00,2017-05-26 14:00:00,605.394
2017-05-26 15:00:00,2017-05-26 15:00:00,521.7735
2017-05-26 16:00:00,2017-05-26 16:00:00,509.453
2017-05-26 17:00:00,2017-05-26 17:00:00,513.3647
2017-05-26 18:00:00,2017-05-26 18:00:00,498.6792
2017-05-26 19:00:00,2017-05-26 19:00:00,497.3805
2017-05-26 20:00:00,2017-05-26 20:00:00,493.9185
2017-05-26 21:00:00,2017-05-26 21:00:00,492.4142
2017-05-26 22:00:00,2017-05-26 22:00:00,490.7872
2017-05-26 23:00:00,2017-05-26 23:00:00,491.4058
2017-05-27 00:00:00,2017-05-27 00:00:00,488.015
2017-05-27 01:00:00,2017-05-27 01:00:00,488.1023
2017-05-27 02:00:00,2017-05-27 02:00:00,487.6258
2017-05-27 03:00:00,2017-05-27 03:00:00,487.211
2017-05-27 04:00:00,2017-05-27 04:00:00,486.5555
2017-05-27 05:00:00,2017-05-27 05:00:00,486.323
2017-05-27 06:00:00,2017-05-27 06:00:00,500.117
2017-05-27 07:00:00,2017-05-27 07:00:00,501.9508
2017-05-27 08:00:00,2017-05-27 08:00:00,502.242
2017-05-27 09:00:00,2017-05-27 09:00:00,504.1763
2017-05-27 10:00:00,2017-05-27 10:00:00,505.2872
2017-05-27 11:00:00,2017-05-27 11:00:00,502.9192
2017-05-27 12:00:00,2017-05-27 12:00:00,510.5558
2017-05-27 13:00:00,2017-05-27 13:00:00,508.89
2017-05-27 14:00:00,2017-05-27 14:00:00,504.2922
2017-05-27 15:00:00,2017-05-27 15:00:00,504.4195
2017-05-27 16:00:00,2017-05-27 16:00:00,505.1828
2017-05-27 17:00:00,2017-05-27 17:00:00,502.358
2017-05-27 18:00:00,2017-05-27 18:00:00,490.1197
2017-05-27 19:00:00,2017-05-27 19:00:00,488.2828
2017-05-27 20:00:00,2017-05-27 20:00:00,489.7808
2017-05-27 21:00:00,2017-05-27 21:00:00,491.0388
2017-05-27 22:00:00,2017-05-27 22:00:00,492.7875
2017-05-27 23:00:00,2017-05-27 23:00:00,492.5065
2017-05-28 00:00:00,2017-05-28 00:00:00,487.535
2017-05-28 01:00:00,2017-05-28 01:00:00,485.001
2017-05-28 02:00:00,2017-05-28 02:00:00,483.5742
2017-05-28 03:00:00,2017-05-28 03:00:00,482.8082
2017-05-28 04:00:00,2017-05-28 04:00:00,482.8642
2017-05-28 05:00:00,2017-05-28 05:00:00,483.8738
2017-05-28 06:00:00,2017-05-28 06:00:00,496.6785
2017-05-28 07:00:00,2017-05-28 07:00:00,499.1065
2017-05-28 08:00:00,2017-05-28 08:00:00,499.221
2017-05-28 09:00:00,2017-05-28 09:00:00,495.66
2017-05-28 10:00:00,2017-05-28 10:00:00,494.9547
2017-05-28 11:00:00,2017-05-28 11:00:00,494.279
2017-05-28 12:00:00,2017-05-28 12:00:00,498.6913
2017-05-28 13:00:00,2017-05-28 13:00:00,499.9472
2017-05-28 14:00:00,2017-05-28 14:00:00,498.934
2017-05-28 15:00:00,2017-05-28 15:00:00,501.163
2017-05-28 16:00:00,2017-05-28 16:00:00,500.2228
2017-05-28 17:00:00,2017-05-28 17:00:00,497.7558
2017-05-28 18:00:00,2017-05-28 18:00:00,483.1164
2017-05-28 19:00:00,2017-05-28 19:00:00,481.627
2017-05-28 20:00:00,2017-05-28 20:00:00,483.902
2017-05-28 21:00:00,2017-05-28 21:00:00,482.2542
2017-05-28 22:00:00,2017-05-28 22:00:00,482.6378
2017-05-28 23:00:00,2017-05-28 23:00:00,483.537
2017-05-29 00:00:00,2017-05-29 00:00:00,482.691
2017-05-29 01:00:00,2017-05-29 01:00:00,481.365
2017-05-29 02:00:00,2017-05-29 02:00:00,480.2588
2017-05-29 03:00:00,2017-05-29 03:00:00,480.5384
2017-05-29 04:00:00,2017-05-29 04:00:00,478.884
2017-05-29 05:00:00,2017-05-29 05:00:00,476.5148
2017-05-29 06:00:00,2017-05-29 06:00:00,486.6322
2017-05-29 07:00:00,2017-05-29 07:00:00,481.515
2017-05-29 08:00:00,2017-05-29 08:00:00,481.4777
2017-05-29 09:00:00,2017-05-29 09:00:00,481.5867
2017-05-29 10:00:00,2017-05-29 10:00:00,486.3568
2017-05-29 11:00:00,2017-05-29 11:00:00,486.6105
2017-05-29 12:00:00,2017-05-29 12:00:00,484.987
2017-05-29 13:00:00,2017-05-29 13:00:00,488.537
2017-05-29 14:00:00,2017-05-29 14:00:00,490.6242
2017-05-29 15:00:00,2017-05-29 15:00:00,578.3377
2017-05-29 16:00:00,2017-05-29 16:00:00,594.057
2017-05-29 17:00:00,2017-05-29 17:00:00,581.1097
2017-05-29 18:00:00,2017-05-29 18:00:00,557.4845
2017-05-29 19:00:00,2017-05-29 19:00:00,553.8062
2017-05-29 20:00:00,2017-05-29 20:00:00,549.4093
2017-05-29 21:00:00,2017-05-29 21:00:00,543.0278
2017-05-29 22:00:00,2017-05-29 22:00:00,540.9265
2017-05-29 23:00:00,2017-05-29 23:00:00,541.045
2017-05-30 00:00:00,2017-05-30 00:00:00,539.1955
2017-05-30 01:00:00,2017-05-30 01:00:00,537.195
2017-05-30 02:00:00,2017-05-30 02:00:00,535.7857
2017-05-30 03:00:00,2017-05-30 03:00:00,535.9453
2017-05-30 04:00:00,2017-05-30 04:00:00,537.436
2017-05-30 05:00:00,2017-05-30 05:00:00,537.8165
2017-05-30 06:00:00,2017-05-30 06:00:00,556.401
2017-05-30 07:00:00,2017-05-30 07:00:00,554.2733
2017-05-30 08:00:00,2017-05-30 08:00:00,560.0635
2017-05-30 09:00:00,2017-05-30 09:00:00,573.1528
2017-05-30 10:00:00,2017-05-30 10:00:00,586.713
2017-05-30 11:00:00,2017-05-30 11:00:00,599.1045
2017-05-30 12:00:00,2017-05-30 12:00:00,605.773
2017-05-30 13:00:00,2017-05-30 13:00:00,600.288
2017-05-30 14:00:00,2017-05-30 14:00:00,591.608
2017-05-30 15:00:00,2017-05-30 15:00:00,599.207
2017-05-30 16:00:00,2017-05-30 16:00:00,598.9183
2017-05-30 17:00:00,2017-05-30 17:00:00,594.6478
2017-05-30 18:00:00,2017-05-30 18:00:00,572.4594
2017-05-30 19:00:00,2017-05-30 19:00:00,564.0775
2017-05-30 20:00:00,2017-05-30 20:00:00,563.212
2017-05-30 21:00:00,2017-05-30 21:00:00,557.769
2017-05-30 22:00:00,2017-05-30 22:00:00,556.1415
2017-05-30 23:00:00,2017-05-30 23:00:00,556.7505
2017-05-31 00:00:00,2017-05-31 00:00:00,552.2162
2017-05-31 01:00:00,2017-05-31 01:00:00,551.8148
2017-05-31 02:00:00,2017-05-31 02:00:00,553.0243
2017-05-31 03:00:00,2017-05-31 03:00:00,554.0925
2017-05-31 04:00:00,2017-05-31 04:00:00,553.7387
2017-05-31 05:00:00,2017-05-31 05:00:00,551.0355
2017-05-31 06:00:00,2017-05-31 06:00:00,565.1348
2017-05-31 07:00:00,2017-05-31 07:00:00,569.185
2017-05-31 08:00:00,2017-05-31 08:00:00,580.4335
2017-05-31 09:00:00,2017-05-31 09:00:00,601.8525
2017-05-31 10:00:00,2017-05-31 10:00:00,615.5105
2017-05-31 11:00:00,2017-05-31 11:00:00,630.139
2017-05-31 12:00:00,2017-05-31 12:00:00,644.7362
2017-05-31 13:00:00,2017-05-31 13:00:00,646.7135
2017-05-31 14:00:00,2017-05-31 14:00:00,640.7175
2017-05-31 15:00:00,2017-05-31 15:00:00,647.2857
2017-05-31 16:00:00,2017-05-31 16:00:00,649.3465
2017-05-31 17:00:00,2017-05-31 17:00:00,641.4535
2017-05-31 18:00:00,2017-05-31 18:00:00,608.1575
2017-05-31 19:00:00,2017-05-31 19:00:00,594.8835
2017-05-31 20:00:00,2017-05-31 20:00:00,593.9037
2017-05-31 21:00:00,2017-05-31 21:00:00,581.5675
2017-05-31 22:00:00,2017-05-31 22:00:00,569.2153
2017-05-31 23:00:00,2017-05-31 23:00:00,560.33
2017-06-01 00:00:00,2017-06-01 00:00:00,557.9765
2017-06-01 01:00:00,2017-06-01 01:00:00,556.1625
2017-06-01 02:00:00,2017-06-01 02:00:00,556.1162
2017-06-01 03:00:00,2017-06-01 03:00:00,556.5235
2017-06-01 04:00:00,2017-06-01 04:00:00,553.6395
2017-06-01 05:00:00,2017-06-01 05:00:00,555.1865
2017-06-01 06:00:00,2017-06-01 06:00:00,573.5552
2017-06-01 07:00:00,2017-06-01 07:00:00,579.6153
2017-06-01 08:00:00,2017-06-01 08:00:00,587.7755
2017-06-01 09:00:00,2017-06-01 09:00:00,598.822
2017-06-01 10:00:00,2017-06-01 10:00:00,615.563
2017-06-01 11:00:00,2017-06-01 11:00:00,621.9688
2017-06-01 12:00:00,2017-06-01 12:00:00,630.6125
2017-06-01 13:00:00,2017-06-01 13:00:00,638.057
2017-06-01 14:00:00,2017-06-01 14:00:00,640.9685
2017-06-01 15:00:00,2017-06-01 15:00:00,652.0316
2017-06-01 16:00:00,2017-06-01 16:00:00,658.0558
2017-06-01 17:00:00,2017-06-01 17:00:00,648.469
2017-06-01 18:00:00,2017-06-01 18:00:00,628.642
2017-06-01 19:00:00,2017-06-01 19:00:00,610.8747
2017-06-01 20:00:00,2017-06-01 20:00:00,600.597
2017-06-01 21:00:00,2017-06-01 21:00:00,597.2385
2017-06-01 22:00:00,2017-06-01 22:00:00,573.6485
2017-06-01 23:00:00,2017-06-01 23:00:00,565.2855
2017-06-02 00:00:00,2017-06-02 00:00:00,562.6885
2017-06-02 01:00:00,2017-06-02 01:00:00,557.9582
2017-06-02 02:00:00,2017-06-02 02:00:00,556.818
2017-06-02 03:00:00,2017-06-02 03:00:00,555.3215
2017-06-02 04:00:00,2017-06-02 04:00:00,552.922
2017-06-02 05:00:00,2017-06-02 05:00:00,553.8425
2017-06-02 06:00:00,2017-06-02 06:00:00,570.332
2017-06-02 07:00:00,2017-06-02 07:00:00,575.0542
2017-06-02 08:00:00,2017-06-02 08:00:00,589.674
2017-06-02 09:00:00,2017-06-02 09:00:00,606.1312
2017-06-02 10:00:00,2017-06-02 10:00:00,632.4857
2017-06-02 11:00:00,2017-06-02 11:00:00,652.2317
2017-06-02 12:00:00,2017-06-02 12:00:00,660.8907
2017-06-02 13:00:00,2017-06-02 13:00:00,661.907
2017-06-02 14:00:00,2017-06-02 14:00:00,665.585
2017-06-02 15:00:00,2017-06-02 15:00:00,664.4698
2017-06-02 16:00:00,2017-06-02 16:00:00,660.946
2017-06-02 17:00:00,2017-06-02 17:00:00,657.7502
2017-06-02 18:00:00,2017-06-02 18:00:00,634.7144
2017-06-02 19:00:00,2017-06-02 19:00:00,627.1338
2017-06-02 20:00:00,2017-06-02 20:00:00,612.1887
2017-06-02 21:00:00,2017-06-02 21:00:00,592.172
2017-06-02 22:00:00,2017-06-02 22:00:00,577.8625
2017-06-02 23:00:00,2017-06-02 23:00:00,566.5205
2017-06-03 00:00:00,2017-06-03 00:00:00,561.3708
2017-06-03 01:00:00,2017-06-03 01:00:00,562.3685
2017-06-03 02:00:00,2017-06-03 02:00:00,565.3843
2017-06-03 03:00:00,2017-06-03 03:00:00,560.9772
2017-06-03 04:00:00,2017-06-03 04:00:00,559.0958
2017-06-03 05:00:00,2017-06-03 05:00:00,559.3915
2017-06-03 06:00:00,2017-06-03 06:00:00,573.1535
2017-06-03 07:00:00,2017-06-03 07:00:00,575.5165
2017-06-03 08:00:00,2017-06-03 08:00:00,577.91
2017-06-03 09:00:00,2017-06-03 09:00:00,583.4618
2017-06-03 10:00:00,2017-06-03 10:00:00,597.5552
2017-06-03 11:00:00,2017-06-03 11:00:00,603.2838
2017-06-03 12:00:00,2017-06-03 12:00:00,614.9627
2017-06-03 13:00:00,2017-06-03 13:00:00,629.7785
2017-06-03 14:00:00,2017-06-03 14:00:00,634.466
2017-06-03 15:00:00,2017-06-03 15:00:00,636.983
2017-06-03 16:00:00,2017-06-03 16:00:00,639.7925
2017-06-03 17:00:00,2017-06-03 17:00:00,630.9335
2017-06-03 18:00:00,2017-06-03 18:00:00,614.013
2017-06-03 19:00:00,2017-06-03 19:00:00,599.8318
2017-06-03 20:00:00,2017-06-03 20:00:00,583.5342
2017-06-03 21:00:00,2017-06-03 21:00:00,566.0002
2017-06-03 22:00:00,2017-06-03 22:00:00,560.5865
2017-06-03 23:00:00,2017-06-03 23:00:00,560.5747
2017-06-04 00:00:00,2017-06-04 00:00:00,554.1065
2017-06-04 01:00:00,2017-06-04 01:00:00,555.328
2017-06-04 02:00:00,2017-06-04 02:00:00,553.363
2017-06-04 03:00:00,2017-06-04 03:00:00,551.4702
2017-06-04 04:00:00,2017-06-04 04:00:00,553.0253
2017-06-04 05:00:00,2017-06-04 05:00:00,551.8035
2017-06-04 06:00:00,2017-06-04 06:00:00,561.4732
2017-06-04 07:00:00,2017-06-04 07:00:00,565.0525
2017-06-04 08:00:00,2017-06-04 08:00:00,571.3528
2017-06-04 09:00:00,2017-06-04 09:00:00,582.872
2017-06-04 10:00:00,2017-06-04 10:00:00,592.122
2017-06-04 11:00:00,2017-06-04 11:00:00,608.6632
2017-06-04 12:00:00,2017-06-04 12:00:00,618.1402
2017-06-04 13:00:00,2017-06-04 13:00:00,626.4443
2017-06-04 14:00:00,2017-06-04 14:00:00,633.7512
2017-06-04 15:00:00,2017-06-04 15:00:00,631.0825
2017-06-04 16:00:00,2017-06-04 16:00:00,628.5242
2017-06-04 17:00:00,2017-06-04 17:00:00,625.2248
2017-06-04 18:00:00,2017-06-04 18:00:00,607.8372
2017-06-04 19:00:00,2017-06-04 19:00:00,594.2235
2017-06-04 20:00:00,2017-06-04 20:00:00,582.9722
2017-06-04 21:00:00,2017-06-04 21:00:00,563.8095
2017-06-04 22:00:00,2017-06-04 22:00:00,560.6158
2017-06-04 23:00:00,2017-06-04 23:00:00,556.5832
2017-06-05 00:00:00,2017-06-05 00:00:00,552.049
2017-06-05 01:00:00,2017-06-05 01:00:00,549.619
2017-06-05 02:00:00,2017-06-05 02:00:00,550.4062
2017-06-05 03:00:00,2017-06-05 03:00:00,554.1645
2017-06-05 04:00:00,2017-06-05 04:00:00,551.934
2017-06-05 05:00:00,2017-06-05 05:00:00,548.4107
2017-06-05 06:00:00,2017-06-05 06:00:00,562.5815
2017-06-05 07:00:00,2017-06-05 07:00:00,565.471
2017-06-05 08:00:00,2017-06-05 08:00:00,584.499
2017-06-05 09:00:00,2017-06-05 09:00:00,600.836
2017-06-05 10:00:00,2017-06-05 10:00:00,627.568
2017-06-05 11:00:00,2017-06-05 11:00:00,654.1708
2017-06-05 12:00:00,2017-06-05 12:00:00,661.4458
2017-06-05 13:00:00,2017-06-05 13:00:00,662.7393
2017-06-05 14:00:00,2017-06-05 14:00:00,663.0782
2017-06-05 15:00:00,2017-06-05 15:00:00,660.0032
2017-06-05 16:00:00,2017-06-05 16:00:00,661.3173
2017-06-05 17:00:00,2017-06-05 17:00:00,663.0085
2017-06-05 18:00:00,2017-06-05 18:00:00,641.3735
2017-06-05 19:00:00,2017-06-05 19:00:00,623.476
2017-06-05 20:00:00,2017-06-05 20:00:00,605.0795
2017-06-05 21:00:00,2017-06-05 21:00:00,587.0938
2017-06-05 22:00:00,2017-06-05 22:00:00,573.191
2017-06-05 23:00:00,2017-06-05 23:00:00,565.839
2017-06-06 00:00:00,2017-06-06 00:00:00,555.9858
2017-06-06 01:00:00,2017-06-06 01:00:00,555.3098
2017-06-06 02:00:00,2017-06-06 02:00:00,554.502
2017-06-06 03:00:00,2017-06-06 03:00:00,553.432
2017-06-06 04:00:00,2017-06-06 04:00:00,553.723
2017-06-06 05:00:00,2017-06-06 05:00:00,549.5345
2017-06-06 06:00:00,2017-06-06 06:00:00,565.5953
2017-06-06 07:00:00,2017-06-06 07:00:00,573.1467
2017-06-06 08:00:00,2017-06-06 08:00:00,578.3547
2017-06-06 09:00:00,2017-06-06 09:00:00,593.3105
2017-06-06 10:00:00,2017-06-06 10:00:00,610.138
2017-06-06 11:00:00,2017-06-06 11:00:00,621.5932
2017-06-06 12:00:00,2017-06-06 12:00:00,634.1178
2017-06-06 13:00:00,2017-06-06 13:00:00,645.841
2017-06-06 14:00:00,2017-06-06 14:00:00,657.1462
2017-06-06 15:00:00,2017-06-06 15:00:00,648.232
2017-06-06 16:00:00,2017-06-06 16:00:00,638.6393
2017-06-06 17:00:00,2017-06-06 17:00:00,632.2877
2017-06-06 18:00:00,2017-06-06 18:00:00,611.7842
2017-06-06 19:00:00,2017-06-06 19:00:00,589.7035
2017-06-06 20:00:00,2017-06-06 20:00:00,579.0507
2017-06-06 21:00:00,2017-06-06 21:00:00,566.9395
2017-06-06 22:00:00,2017-06-06 22:00:00,562.0825
2017-06-06 23:00:00,2017-06-06 23:00:00,566.1042
2017-06-07 00:00:00,2017-06-07 00:00:00,560.5297
2017-06-07 01:00:00,2017-06-07 01:00:00,557.1543
2017-06-07 02:00:00,2017-06-07 02:00:00,553.7977
2017-06-07 03:00:00,2017-06-07 03:00:00,552.396
2017-06-07 04:00:00,2017-06-07 04:00:00,550.54
2017-06-07 05:00:00,2017-06-07 05:00:00,550.9315
2017-06-07 06:00:00,2017-06-07 06:00:00,564.0095
2017-06-07 07:00:00,2017-06-07 07:00:00,569.3308
2017-06-07 08:00:00,2017-06-07 08:00:00,570.0858
2017-06-07 09:00:00,2017-06-07 09:00:00,581.938
2017-06-07 10:00:00,2017-06-07 10:00:00,601.6287
2017-06-07 11:00:00,2017-06-07 11:00:00,613.7727
2017-06-07 12:00:00,2017-06-07 12:00:00,625.6707
2017-06-07 13:00:00,2017-06-07 13:00:00,630.5675
2017-06-07 14:00:00,2017-06-07 14:00:00,623.222
2017-06-07 15:00:00,2017-06-07 15:00:00,613.992
2017-06-07 16:00:00,2017-06-07 16:00:00,611.9705
2017-06-07 17:00:00,2017-06-07 17:00:00,609.8998
2017-06-07 18:00:00,2017-06-07 18:00:00,579.2265
2017-06-07 19:00:00,2017-06-07 19:00:00,572.2545
2017-06-07 20:00:00,2017-06-07 20:00:00,567.0605
2017-06-07 21:00:00,2017-06-07 21:00:00,564.453
2017-06-07 22:00:00,2017-06-07 22:00:00,562.3518
2017-06-07 23:00:00,2017-06-07 23:00:00,560.643
2017-06-08 00:00:00,2017-06-08 00:00:00,558.1913
2017-06-08 01:00:00,2017-06-08 01:00:00,561.0445
2017-06-08 02:00:00,2017-06-08 02:00:00,564.3762
2017-06-08 03:00:00,2017-06-08 03:00:00,564.0087
2017-06-08 04:00:00,2017-06-08 04:00:00,563.7955
2017-06-08 05:00:00,2017-06-08 05:00:00,560.4508
2017-06-08 06:00:00,2017-06-08 06:00:00,577.408
2017-06-08 07:00:00,2017-06-08 07:00:00,583.565
2017-06-08 08:00:00,2017-06-08 08:00:00,585.369
2017-06-08 09:00:00,2017-06-08 09:00:00,588.1607
2017-06-08 10:00:00,2017-06-08 10:00:00,604.951
2017-06-08 11:00:00,2017-06-08 11:00:00,610.9242
2017-06-08 12:00:00,2017-06-08 12:00:00,628.8275
2017-06-08 13:00:00,2017-06-08 13:00:00,645.1112
2017-06-08 14:00:00,2017-06-08 14:00:00,649.7843
2017-06-08 15:00:00,2017-06-08 15:00:00,653.6865
2017-06-08 16:00:00,2017-06-08 16:00:00,654.7822
2017-06-08 17:00:00,2017-06-08 17:00:00,649.858
2017-06-08 18:00:00,2017-06-08 18:00:00,629.4734
2017-06-08 19:00:00,2017-06-08 19:00:00,614.1675
2017-06-08 20:00:00,2017-06-08 20:00:00,606.1168
2017-06-08 21:00:00,2017-06-08 21:00:00,603.7025
2017-06-08 22:00:00,2017-06-08 22:00:00,599.5107
2017-06-08 23:00:00,2017-06-08 23:00:00,595.868
2017-06-09 00:00:00,2017-06-09 00:00:00,590.9782
2017-06-09 01:00:00,2017-06-09 01:00:00,580.8895
2017-06-09 02:00:00,2017-06-09 02:00:00,577.1835
2017-06-09 03:00:00,2017-06-09 03:00:00,576.2293
2017-06-09 04:00:00,2017-06-09 04:00:00,572.5762
2017-06-09 05:00:00,2017-06-09 05:00:00,570.3203
2017-06-09 06:00:00,2017-06-09 06:00:00,582.1435
2017-06-09 07:00:00,2017-06-09 07:00:00,580.0495
2017-06-09 08:00:00,2017-06-09 08:00:00,585.6737
2017-06-09 09:00:00,2017-06-09 09:00:00,586.9575
2017-06-09 10:00:00,2017-06-09 10:00:00,602.1863
2017-06-09 11:00:00,2017-06-09 11:00:00,616.8602
2017-06-09 12:00:00,2017-06-09 12:00:00,627.6985
2017-06-09 13:00:00,2017-06-09 13:00:00,633.296
2017-06-09 14:00:00,2017-06-09 14:00:00,622.4085
2017-06-09 15:00:00,2017-06-09 15:00:00,623.1615
2017-06-09 16:00:00,2017-06-09 16:00:00,622.2382
2017-06-09 17:00:00,2017-06-09 17:00:00,613.541
2017-06-09 18:00:00,2017-06-09 18:00:00,584.891
2017-06-09 19:00:00,2017-06-09 19:00:00,573.5045
2017-06-09 20:00:00,2017-06-09 20:00:00,565.277
2017-06-09 21:00:00,2017-06-09 21:00:00,559.856
2017-06-09 22:00:00,2017-06-09 22:00:00,554.021
2017-06-09 23:00:00,2017-06-09 23:00:00,551.326
2017-06-10 00:00:00,2017-06-10 00:00:00,543.9953
2017-06-10 01:00:00,2017-06-10 01:00:00,547.5687
2017-06-10 02:00:00,2017-06-10 02:00:00,547.7205
2017-06-10 03:00:00,2017-06-10 03:00:00,545.762
2017-06-10 04:00:00,2017-06-10 04:00:00,541.8768
2017-06-10 05:00:00,2017-06-10 05:00:00,539.8935
2017-06-10 06:00:00,2017-06-10 06:00:00,554.3607
2017-06-10 07:00:00,2017-06-10 07:00:00,556.0755
2017-06-10 08:00:00,2017-06-10 08:00:00,565.3123
2017-06-10 09:00:00,2017-06-10 09:00:00,580.1015
2017-06-10 10:00:00,2017-06-10 10:00:00,584.017
2017-06-10 11:00:00,2017-06-10 11:00:00,594.9515
2017-06-10 12:00:00,2017-06-10 12:00:00,606.3298
2017-06-10 13:00:00,2017-06-10 13:00:00,617.9142
2017-06-10 14:00:00,2017-06-10 14:00:00,617.6743
2017-06-10 15:00:00,2017-06-10 15:00:00,609.5032
2017-06-10 16:00:00,2017-06-10 16:00:00,605.6847
2017-06-10 17:00:00,2017-06-10 17:00:00,604.438
2017-06-10 18:00:00,2017-06-10 18:00:00,580.1336
2017-06-10 19:00:00,2017-06-10 19:00:00,568.222
2017-06-10 20:00:00,2017-06-10 20:00:00,562.3203
2017-06-10 21:00:00,2017-06-10 21:00:00,552.994
2017-06-10 22:00:00,2017-06-10 22:00:00,548.5923
2017-06-10 23:00:00,2017-06-10 23:00:00,547.6848
2017-06-11 00:00:00,2017-06-11 00:00:00,543.9813
2017-06-11 01:00:00,2017-06-11 01:00:00,541.9028
2017-06-11 02:00:00,2017-06-11 02:00:00,541.5813
2017-06-11 03:00:00,2017-06-11 03:00:00,538.233
2017-06-11 04:00:00,2017-06-11 04:00:00,536.774
2017-06-11 05:00:00,2017-06-11 05:00:00,536.8615
2017-06-11 06:00:00,2017-06-11 06:00:00,550.045
2017-06-11 07:00:00,2017-06-11 07:00:00,552.815
2017-06-11 08:00:00,2017-06-11 08:00:00,559.515
2017-06-11 09:00:00,2017-06-11 09:00:00,564.7845
2017-06-11 10:00:00,2017-06-11 10:00:00,574.7355
2017-06-11 11:00:00,2017-06-11 11:00:00,579.7232
2017-06-11 12:00:00,2017-06-11 12:00:00,593.3343
2017-06-11 13:00:00,2017-06-11 13:00:00,600.8777
2017-06-11 14:00:00,2017-06-11 14:00:00,598.6483
2017-06-11 15:00:00,2017-06-11 15:00:00,589.8288
2017-06-11 16:00:00,2017-06-11 16:00:00,586.1487
2017-06-11 17:00:00,2017-06-11 17:00:00,579.4198
2017-06-11 18:00:00,2017-06-11 18:00:00,565.204
2017-06-11 19:00:00,2017-06-11 19:00:00,561.5445
2017-06-11 20:00:00,2017-06-11 20:00:00,559.3452
2017-06-11 21:00:00,2017-06-11 21:00:00,552.2482
2017-06-11 22:00:00,2017-06-11 22:00:00,546.0632
2017-06-11 23:00:00,2017-06-11 23:00:00,545.8628
2017-06-12 00:00:00,2017-06-12 00:00:00,542.5768
2017-06-12 01:00:00,2017-06-12 01:00:00,540.2372
2017-06-12 02:00:00,2017-06-12 02:00:00,539.071
2017-06-12 03:00:00,2017-06-12 03:00:00,537.8883
2017-06-12 04:00:00,2017-06-12 04:00:00,537.5012
2017-06-12 05:00:00,2017-06-12 05:00:00,539.041
2017-06-12 06:00:00,2017-06-12 06:00:00,559.5725
2017-06-12 07:00:00,2017-06-12 07:00:00,563.1313
2017-06-12 08:00:00,2017-06-12 08:00:00,575.5915
2017-06-12 09:00:00,2017-06-12 09:00:00,589.7352
2017-06-12 10:00:00,2017-06-12 10:00:00,607.0192
2017-06-12 11:00:00,2017-06-12 11:00:00,618.9962
2017-06-12 12:00:00,2017-06-12 12:00:00,637.0832
2017-06-12 13:00:00,2017-06-12 13:00:00,643.6893
2017-06-12 14:00:00,2017-06-12 14:00:00,644.2853
2017-06-12 15:00:00,2017-06-12 15:00:00,647.624
2017-06-12 16:00:00,2017-06-12 16:00:00,639.5607
2017-06-12 17:00:00,2017-06-12 17:00:00,628.7493
2017-06-12 18:00:00,2017-06-12 18:00:00,601.811
2017-06-12 19:00:00,2017-06-12 19:00:00,584.1022
2017-06-12 20:00:00,2017-06-12 20:00:00,572.8302
2017-06-12 21:00:00,2017-06-12 21:00:00,560.9055
2017-06-12 22:00:00,2017-06-12 22:00:00,556.2447
2017-06-12 23:00:00,2017-06-12 23:00:00,549.803
2017-06-13 00:00:00,2017-06-13 00:00:00,547.4813
2017-06-13 01:00:00,2017-06-13 01:00:00,549.8747
2017-06-13 02:00:00,2017-06-13 02:00:00,550.1162
2017-06-13 03:00:00,2017-06-13 03:00:00,546.0325
2017-06-13 04:00:00,2017-06-13 04:00:00,543.856
2017-06-13 05:00:00,2017-06-13 05:00:00,542.4332
2017-06-13 06:00:00,2017-06-13 06:00:00,559.3275
2017-06-13 07:00:00,2017-06-13 07:00:00,566.763
2017-06-13 08:00:00,2017-06-13 08:00:00,586.071
2017-06-13 09:00:00,2017-06-13 09:00:00,601.3453
2017-06-13 10:00:00,2017-06-13 10:00:00,618.8643
2017-06-13 11:00:00,2017-06-13 11:00:00,641.736
2017-06-13 12:00:00,2017-06-13 12:00:00,655.7968
2017-06-13 13:00:00,2017-06-13 13:00:00,662.6488
2017-06-13 14:00:00,2017-06-13 14:00:00,322.0613
2017-06-13 15:00:00,2017-06-13 15:00:00,398.6295
2017-06-13 16:00:00,2017-06-13 16:00:00,416.0455
2017-06-13 17:00:00,2017-06-13 17:00:00,419.748
2017-06-13 18:00:00,2017-06-13 18:00:00,473.601
2017-06-13 19:00:00,2017-06-13 19:00:00,464.3145
2017-06-13 20:00:00,2017-06-13 20:00:00,468.2045
2017-06-13 21:00:00,2017-06-13 21:00:00,468.3633
2017-06-13 22:00:00,2017-06-13 22:00:00,466.0512
2017-06-13 23:00:00,2017-06-13 23:00:00,465.5713
2017-06-14 00:00:00,2017-06-14 00:00:00,463.5032
2017-06-14 01:00:00,2017-06-14 01:00:00,459.8975
2017-06-14 02:00:00,2017-06-14 02:00:00,459.1125
2017-06-14 03:00:00,2017-06-14 03:00:00,459.4315
2017-06-14 04:00:00,2017-06-14 04:00:00,460.0561
2017-06-14 05:00:00,2017-06-14 05:00:00,459.9535
2017-06-14 06:00:00,2017-06-14 06:00:00,470.0678
2017-06-14 07:00:00,2017-06-14 07:00:00,474.0338
2017-06-14 08:00:00,2017-06-14 08:00:00,480.5478
2017-06-14 09:00:00,2017-06-14 09:00:00,533.0225
2017-06-14 10:00:00,2017-06-14 10:00:00,615.3973
2017-06-14 11:00:00,2017-06-14 11:00:00,637.1062
2017-06-14 12:00:00,2017-06-14 12:00:00,646.0663
2017-06-14 13:00:00,2017-06-14 13:00:00,650.5265
2017-06-14 14:00:00,2017-06-14 14:00:00,651.6373
2017-06-14 15:00:00,2017-06-14 15:00:00,653.4863
2017-06-14 16:00:00,2017-06-14 16:00:00,656.9905
2017-06-14 17:00:00,2017-06-14 17:00:00,652.7412
2017-06-14 18:00:00,2017-06-14 18:00:00,630.7504
2017-06-14 19:00:00,2017-06-14 19:00:00,612.2177
2017-06-14 20:00:00,2017-06-14 20:00:00,593.9492
2017-06-14 21:00:00,2017-06-14 21:00:00,576.4103
2017-06-14 22:00:00,2017-06-14 22:00:00,563.3835
2017-06-14 23:00:00,2017-06-14 23:00:00,563.0777
2017-06-15 00:00:00,2017-06-15 00:00:00,553.3322
2017-06-15 01:00:00,2017-06-15 01:00:00,550.8498
2017-06-15 02:00:00,2017-06-15 02:00:00,550.5575
2017-06-15 03:00:00,2017-06-15 03:00:00,554.1045
2017-06-15 04:00:00,2017-06-15 04:00:00,549.7932
2017-06-15 05:00:00,2017-06-15 05:00:00,549.9995
2017-06-15 06:00:00,2017-06-15 06:00:00,563.5903
2017-06-15 07:00:00,2017-06-15 07:00:00,570.065
2017-06-15 08:00:00,2017-06-15 08:00:00,589.7818
2017-06-15 09:00:00,2017-06-15 09:00:00,603.4517
2017-06-15 10:00:00,2017-06-15 10:00:00,632.5902
2017-06-15 11:00:00,2017-06-15 11:00:00,654.0768
2017-06-15 12:00:00,2017-06-15 12:00:00,651.0693
2017-06-15 13:00:00,2017-06-15 13:00:00,656.823
2017-06-15 14:00:00,2017-06-15 14:00:00,654.9677
2017-06-15 15:00:00,2017-06-15 15:00:00,653.6987
2017-06-15 16:00:00,2017-06-15 16:00:00,663.066
2017-06-15 17:00:00,2017-06-15 17:00:00,663.4287
2017-06-15 18:00:00,2017-06-15 18:00:00,641.271
2017-06-15 19:00:00,2017-06-15 19:00:00,631.7198
2017-06-15 20:00:00,2017-06-15 20:00:00,616.7822
2017-06-15 21:00:00,2017-06-15 21:00:00,616.5917
2017-06-15 22:00:00,2017-06-15 22:00:00,611.9023
2017-06-15 23:00:00,2017-06-15 23:00:00,604.0888
2017-06-16 00:00:00,2017-06-16 00:00:00,600.8708
2017-06-16 01:00:00,2017-06-16 01:00:00,598.1395
2017-06-16 02:00:00,2017-06-16 02:00:00,596.8882
2017-06-16 03:00:00,2017-06-16 03:00:00,589.4551
2017-06-16 04:00:00,2017-06-16 04:00:00,589.432
2017-06-16 05:00:00,2017-06-16 05:00:00,585.3377
2017-06-16 06:00:00,2017-06-16 06:00:00,600.464
2017-06-16 07:00:00,2017-06-16 07:00:00,609.9987
2017-06-16 08:00:00,2017-06-16 08:00:00,626.6867
2017-06-16 09:00:00,2017-06-16 09:00:00,642.8955
2017-06-16 10:00:00,2017-06-16 10:00:00,662.5628
2017-06-16 11:00:00,2017-06-16 11:00:00,657.8535
2017-06-16 12:00:00,2017-06-16 12:00:00,658.1968
2017-06-16 13:00:00,2017-06-16 13:00:00,666.5018
2017-06-16 14:00:00,2017-06-16 14:00:00,672.7077
2017-06-16 15:00:00,2017-06-16 15:00:00,668.413
2017-06-16 16:00:00,2017-06-16 16:00:00,667.4722
2017-06-16 17:00:00,2017-06-16 17:00:00,658.6883
2017-06-16 18:00:00,2017-06-16 18:00:00,640.759
2017-06-16 19:00:00,2017-06-16 19:00:00,631.4918
2017-06-16 20:00:00,2017-06-16 20:00:00,630.4135
2017-06-16 21:00:00,2017-06-16 21:00:00,632.9288
2017-06-16 22:00:00,2017-06-16 22:00:00,632.9448
2017-06-16 23:00:00,2017-06-16 23:00:00,622.345
2017-06-17 00:00:00,2017-06-17 00:00:00,619.1577
2017-06-17 01:00:00,2017-06-17 01:00:00,617.1777
2017-06-17 02:00:00,2017-06-17 02:00:00,611.2002
2017-06-17 03:00:00,2017-06-17 03:00:00,607.0522
2017-06-17 04:00:00,2017-06-17 04:00:00,602.1008
2017-06-17 05:00:00,2017-06-17 05:00:00,598.2265
2017-06-17 06:00:00,2017-06-17 06:00:00,608.78
2017-06-17 07:00:00,2017-06-17 07:00:00,617.1865
2017-06-17 08:00:00,2017-06-17 08:00:00,624.1317
2017-06-17 09:00:00,2017-06-17 09:00:00,633.0093
2017-06-17 10:00:00,2017-06-17 10:00:00,633.1465
2017-06-17 11:00:00,2017-06-17 11:00:00,636.8612
2017-06-17 12:00:00,2017-06-17 12:00:00,637.709
2017-06-17 13:00:00,2017-06-17 13:00:00,647.4935
2017-06-17 14:00:00,2017-06-17 14:00:00,646.3715
2017-06-17 15:00:00,2017-06-17 15:00:00,644.8915
2017-06-17 16:00:00,2017-06-17 16:00:00,645.0868
2017-06-17 17:00:00,2017-06-17 17:00:00,644.768
2017-06-17 18:00:00,2017-06-17 18:00:00,633.2638
2017-06-17 19:00:00,2017-06-17 19:00:00,630.2198
2017-06-17 20:00:00,2017-06-17 20:00:00,626.4305
2017-06-17 21:00:00,2017-06-17 21:00:00,626.8408
2017-06-17 22:00:00,2017-06-17 22:00:00,627.9435
2017-06-17 23:00:00,2017-06-17 23:00:00,618.221
2017-06-18 00:00:00,2017-06-18 00:00:00,615.7383
2017-06-18 01:00:00,2017-06-18 01:00:00,619.312
2017-06-18 02:00:00,2017-06-18 02:00:00,618.8715
2017-06-18 03:00:00,2017-06-18 03:00:00,617.8905
2017-06-18 04:00:00,2017-06-18 04:00:00,619.4762
2017-06-18 05:00:00,2017-06-18 05:00:00,617.5308
2017-06-18 06:00:00,2017-06-18 06:00:00,625.8793
2017-06-18 07:00:00,2017-06-18 07:00:00,631.6415
2017-06-18 08:00:00,2017-06-18 08:00:00,632.3755
2017-06-18 09:00:00,2017-06-18 09:00:00,639.7412
2017-06-18 10:00:00,2017-06-18 10:00:00,642.7113
2017-06-18 11:00:00,2017-06-18 11:00:00,641.22
2017-06-18 12:00:00,2017-06-18 12:00:00,640.658
2017-06-18 13:00:00,2017-06-18 13:00:00,641.4035
2017-06-18 14:00:00,2017-06-18 14:00:00,643.1533
2017-06-18 15:00:00,2017-06-18 15:00:00,637.6628
2017-06-18 16:00:00,2017-06-18 16:00:00,637.5528
2017-06-18 17:00:00,2017-06-18 17:00:00,635.5328
2017-06-18 18:00:00,2017-06-18 18:00:00,625.5116
2017-06-18 19:00:00,2017-06-18 19:00:00,623.2028
2017-06-18 20:00:00,2017-06-18 20:00:00,620.5042
2017-06-18 21:00:00,2017-06-18 21:00:00,621.7898
2017-06-18 22:00:00,2017-06-18 22:00:00,609.3763
2017-06-18 23:00:00,2017-06-18 23:00:00,603.7805
2017-06-19 00:00:00,2017-06-19 00:00:00,593.2092
2017-06-19 01:00:00,2017-06-19 01:00:00,590.7037
2017-06-19 02:00:00,2017-06-19 02:00:00,588.215
2017-06-19 03:00:00,2017-06-19 03:00:00,580.2312
2017-06-19 04:00:00,2017-06-19 04:00:00,574.204
2017-06-19 05:00:00,2017-06-19 05:00:00,577.6253
2017-06-19 06:00:00,2017-06-19 06:00:00,589.6762
2017-06-19 07:00:00,2017-06-19 07:00:00,607.184
2017-06-19 08:00:00,2017-06-19 08:00:00,627.5693
2017-06-19 09:00:00,2017-06-19 09:00:00,643.2443
2017-06-19 10:00:00,2017-06-19 10:00:00,655.2915
2017-06-19 11:00:00,2017-06-19 11:00:00,657.9543
2017-06-19 12:00:00,2017-06-19 12:00:00,657.9018
2017-06-19 13:00:00,2017-06-19 13:00:00,664.2975
2017-06-19 14:00:00,2017-06-19 14:00:00,673.0563
2017-06-19 15:00:00,2017-06-19 15:00:00,672.7685
2017-06-19 16:00:00,2017-06-19 16:00:00,668.87
2017-06-19 17:00:00,2017-06-19 17:00:00,658.3523
2017-06-19 18:00:00,2017-06-19 18:00:00,639.423
2017-06-19 19:00:00,2017-06-19 19:00:00,631.3905
2017-06-19 20:00:00,2017-06-19 20:00:00,618.5367
2017-06-19 21:00:00,2017-06-19 21:00:00,601.2297
2017-06-19 22:00:00,2017-06-19 22:00:00,591.576
2017-06-19 23:00:00,2017-06-19 23:00:00,589.136
2017-06-20 00:00:00,2017-06-20 00:00:00,583.369
2017-06-20 01:00:00,2017-06-20 01:00:00,579.8488
2017-06-20 02:00:00,2017-06-20 02:00:00,573.3382
2017-06-20 03:00:00,2017-06-20 03:00:00,573.8483
2017-06-20 04:00:00,2017-06-20 04:00:00,574.2742
2017-06-20 05:00:00,2017-06-20 05:00:00,567.675
2017-06-20 06:00:00,2017-06-20 06:00:00,579.3312
2017-06-20 07:00:00,2017-06-20 07:00:00,590.2962
2017-06-20 08:00:00,2017-06-20 08:00:00,614.936
2017-06-20 09:00:00,2017-06-20 09:00:00,638.3623
2017-06-20 10:00:00,2017-06-20 10:00:00,659.0605
2017-06-20 11:00:00,2017-06-20 11:00:00,665.4635
2017-06-20 12:00:00,2017-06-20 12:00:00,666.527
2017-06-20 13:00:00,2017-06-20 13:00:00,667.1308
2017-06-20 14:00:00,2017-06-20 14:00:00,722.5613
2017-06-20 18:00:00,2017-06-20 18:00:00,685.6545
2017-06-20 19:00:00,2017-06-20 19:00:00,650.7125
2017-06-20 20:00:00,2017-06-20 20:00:00,617.9363
2017-06-20 21:00:00,2017-06-20 21:00:00,608.8885
2017-06-20 22:00:00,2017-06-20 22:00:00,599.7983
2017-06-20 23:00:00,2017-06-20 23:00:00,590.71
2017-06-21 00:00:00,2017-06-21 00:00:00,584.6988
2017-06-21 01:00:00,2017-06-21 01:00:00,582.6295
2017-06-21 02:00:00,2017-06-21 02:00:00,576.9757
2017-06-21 03:00:00,2017-06-21 03:00:00,576.1065
2017-06-21 04:00:00,2017-06-21 04:00:00,576.3562
2017-06-21 05:00:00,2017-06-21 05:00:00,572.9537
2017-06-21 06:00:00,2017-06-21 06:00:00,586.994
2017-06-21 07:00:00,2017-06-21 07:00:00,598.5088
2017-06-21 08:00:00,2017-06-21 08:00:00,597.396
2017-06-21 09:00:00,2017-06-21 09:00:00,633.354
2017-06-21 10:00:00,2017-06-21 10:00:00,644.906
2017-06-21 11:00:00,2017-06-21 11:00:00,656.4035
2017-06-21 12:00:00,2017-06-21 12:00:00,689.7893
2017-06-21 13:00:00,2017-06-21 13:00:00,707.1277
2017-06-21 14:00:00,2017-06-21 14:00:00,711.9698
2017-06-21 15:00:00,2017-06-21 15:00:00,705.848
2017-06-21 16:00:00,2017-06-21 16:00:00,700.9165
2017-06-21 17:00:00,2017-06-21 17:00:00,683.022
2017-06-21 18:00:00,2017-06-21 18:00:00,642.945
2017-06-21 19:00:00,2017-06-21 19:00:00,637.17
2017-06-21 20:00:00,2017-06-21 20:00:00,629.6165
2017-06-21 21:00:00,2017-06-21 21:00:00,624.8055
2017-06-21 22:00:00,2017-06-21 22:00:00,609.6087
2017-06-21 23:00:00,2017-06-21 23:00:00,595.116
2017-06-22 00:00:00,2017-06-22 00:00:00,575.5368
2017-06-22 01:00:00,2017-06-22 01:00:00,570.0563
2017-06-22 02:00:00,2017-06-22 02:00:00,571.1055
2017-06-22 03:00:00,2017-06-22 03:00:00,575.9605
2017-06-22 04:00:00,2017-06-22 04:00:00,577.726
2017-06-22 05:00:00,2017-06-22 05:00:00,573.178
2017-06-22 06:00:00,2017-06-22 06:00:00,587.1678
2017-06-22 07:00:00,2017-06-22 07:00:00,595.938
2017-06-22 08:00:00,2017-06-22 08:00:00,627.8642
2017-06-22 09:00:00,2017-06-22 09:00:00,670.889
2017-06-22 10:00:00,2017-06-22 10:00:00,702.5
2017-06-22 11:00:00,2017-06-22 11:00:00,713.599
2017-06-22 12:00:00,2017-06-22 12:00:00,723.9765
2017-06-22 13:00:00,2017-06-22 13:00:00,722.9327
2017-06-22 14:00:00,2017-06-22 14:00:00,720.3695
2017-06-22 15:00:00,2017-06-22 15:00:00,708.6988
2017-06-22 16:00:00,2017-06-22 16:00:00,684.692
2017-06-22 17:00:00,2017-06-22 17:00:00,669.0438
2017-06-22 18:00:00,2017-06-22 18:00:00,638.1508
2017-06-22 19:00:00,2017-06-22 19:00:00,621.337
2017-06-22 20:00:00,2017-06-22 20:00:00,611.6015
2017-06-22 21:00:00,2017-06-22 21:00:00,606.1923
2017-06-22 22:00:00,2017-06-22 22:00:00,607.3188
2017-06-22 23:00:00,2017-06-22 23:00:00,595.0773
2017-06-23 00:00:00,2017-06-23 00:00:00,584.0152
2017-06-23 01:00:00,2017-06-23 01:00:00,581.7575
2017-06-23 02:00:00,2017-06-23 02:00:00,583.4102
2017-06-23 03:00:00,2017-06-23 03:00:00,580.9982
2017-06-23 04:00:00,2017-06-23 04:00:00,581.3465
2017-06-23 05:00:00,2017-06-23 05:00:00,577.979
2017-06-23 06:00:00,2017-06-23 06:00:00,591.1127
2017-06-23 07:00:00,2017-06-23 07:00:00,597.9247
2017-06-23 08:00:00,2017-06-23 08:00:00,600.4348
2017-06-23 09:00:00,2017-06-23 09:00:00,608.6148
2017-06-23 10:00:00,2017-06-23 10:00:00,622.6845
2017-06-23 11:00:00,2017-06-23 11:00:00,639.992
2017-06-23 12:00:00,2017-06-23 12:00:00,670.7925
2017-06-23 13:00:00,2017-06-23 13:00:00,682.6868
2017-06-23 14:00:00,2017-06-23 14:00:00,693.5677
2017-06-23 15:00:00,2017-06-23 15:00:00,691.3415
2017-06-23 16:00:00,2017-06-23 16:00:00,689.3682
2017-06-23 17:00:00,2017-06-23 17:00:00,661.0235
2017-06-23 18:00:00,2017-06-23 18:00:00,634.7085
2017-06-23 19:00:00,2017-06-23 19:00:00,614.6488
2017-06-23 20:00:00,2017-06-23 20:00:00,607.208
2017-06-23 21:00:00,2017-06-23 21:00:00,602.1815
2017-06-23 22:00:00,2017-06-23 22:00:00,593.5815
2017-06-23 23:00:00,2017-06-23 23:00:00,588.8552
2017-06-24 00:00:00,2017-06-24 00:00:00,586.8032
2017-06-24 01:00:00,2017-06-24 01:00:00,583.8955
2017-06-24 02:00:00,2017-06-24 02:00:00,581.7025
2017-06-24 03:00:00,2017-06-24 03:00:00,580.4693
2017-06-24 04:00:00,2017-06-24 04:00:00,579.2795
2017-06-24 05:00:00,2017-06-24 05:00:00,579.252
2017-06-24 06:00:00,2017-06-24 06:00:00,592.2342
2017-06-24 07:00:00,2017-06-24 07:00:00,596.3212
2017-06-24 08:00:00,2017-06-24 08:00:00,596.165
2017-06-24 09:00:00,2017-06-24 09:00:00,597.741
2017-06-24 10:00:00,2017-06-24 10:00:00,603.8947
2017-06-24 11:00:00,2017-06-24 11:00:00,617.3513
2017-06-24 12:00:00,2017-06-24 12:00:00,635.787
2017-06-24 13:00:00,2017-06-24 13:00:00,647.3577
2017-06-24 14:00:00,2017-06-24 14:00:00,641.687
2017-06-24 15:00:00,2017-06-24 15:00:00,639.551
2017-06-24 16:00:00,2017-06-24 16:00:00,635.327
2017-06-24 17:00:00,2017-06-24 17:00:00,634.238
2017-06-24 18:00:00,2017-06-24 18:00:00,617.4472
2017-06-24 19:00:00,2017-06-24 19:00:00,596.3425
2017-06-24 20:00:00,2017-06-24 20:00:00,589.0802
2017-06-24 21:00:00,2017-06-24 21:00:00,581.758
2017-06-24 22:00:00,2017-06-24 22:00:00,578.453
2017-06-24 23:00:00,2017-06-24 23:00:00,579.5355
2017-06-25 00:00:00,2017-06-25 00:00:00,577.6685
2017-06-25 01:00:00,2017-06-25 01:00:00,570.9683
2017-06-25 02:00:00,2017-06-25 02:00:00,569.2165
2017-06-25 03:00:00,2017-06-25 03:00:00,571.8363
2017-06-25 04:00:00,2017-06-25 04:00:00,571.0852
2017-06-25 05:00:00,2017-06-25 05:00:00,572.7667
2017-06-25 06:00:00,2017-06-25 06:00:00,579.995
2017-06-25 07:00:00,2017-06-25 07:00:00,583.983
2017-06-25 08:00:00,2017-06-25 08:00:00,584.3477
2017-06-25 09:00:00,2017-06-25 09:00:00,586.4783
2017-06-25 10:00:00,2017-06-25 10:00:00,590.8145
2017-06-25 11:00:00,2017-06-25 11:00:00,595.1825
2017-06-25 12:00:00,2017-06-25 12:00:00,597.7988
2017-06-25 13:00:00,2017-06-25 13:00:00,607.3918
2017-06-25 14:00:00,2017-06-25 14:00:00,617.705
2017-06-25 15:00:00,2017-06-25 15:00:00,620.5148
2017-06-25 16:00:00,2017-06-25 16:00:00,618.8837
2017-06-25 17:00:00,2017-06-25 17:00:00,616.1375
2017-06-25 18:00:00,2017-06-25 18:00:00,600.3065
2017-06-25 19:00:00,2017-06-25 19:00:00,592.1185
2017-06-25 20:00:00,2017-06-25 20:00:00,588.0185
2017-06-25 21:00:00,2017-06-25 21:00:00,580.9152
2017-06-25 22:00:00,2017-06-25 22:00:00,578.9345
2017-06-25 23:00:00,2017-06-25 23:00:00,577.7247
2017-06-26 00:00:00,2017-06-26 00:00:00,574.4475
2017-06-26 01:00:00,2017-06-26 01:00:00,574.2015
2017-06-26 02:00:00,2017-06-26 02:00:00,576.1098
2017-06-26 03:00:00,2017-06-26 03:00:00,576.6823
2017-06-26 04:00:00,2017-06-26 04:00:00,573.2205
2017-06-26 05:00:00,2017-06-26 05:00:00,570.8342
2017-06-26 06:00:00,2017-06-26 06:00:00,584.8625
2017-06-26 07:00:00,2017-06-26 07:00:00,594.6867
2017-06-26 08:00:00,2017-06-26 08:00:00,606.4495
2017-06-26 09:00:00,2017-06-26 09:00:00,613.8943
2017-06-26 10:00:00,2017-06-26 10:00:00,626.142
2017-06-26 11:00:00,2017-06-26 11:00:00,641.169
2017-06-26 12:00:00,2017-06-26 12:00:00,666.6245
2017-06-26 13:00:00,2017-06-26 13:00:00,686.111
2017-06-26 14:00:00,2017-06-26 14:00:00,689.9681
2017-06-26 15:00:00,2017-06-26 15:00:00,689.1568
2017-06-26 16:00:00,2017-06-26 16:00:00,685.173
2017-06-26 17:00:00,2017-06-26 17:00:00,675.3718
2017-06-26 18:00:00,2017-06-26 18:00:00,644.5915
2017-06-26 19:00:00,2017-06-26 19:00:00,622.9252
2017-06-26 20:00:00,2017-06-26 20:00:00,616.276
2017-06-26 21:00:00,2017-06-26 21:00:00,610.2232
2017-06-26 22:00:00,2017-06-26 22:00:00,607.4022
2017-06-26 23:00:00,2017-06-26 23:00:00,603.9962
2017-06-27 00:00:00,2017-06-27 00:00:00,591.8572
2017-06-27 01:00:00,2017-06-27 01:00:00,584.4077
2017-06-27 02:00:00,2017-06-27 02:00:00,579.0297
2017-06-27 03:00:00,2017-06-27 03:00:00,574.4043
2017-06-27 04:00:00,2017-06-27 04:00:00,573.2817
2017-06-27 05:00:00,2017-06-27 05:00:00,571.2482
2017-06-27 06:00:00,2017-06-27 06:00:00,583.4907
2017-06-27 07:00:00,2017-06-27 07:00:00,591.3655
2017-06-27 08:00:00,2017-06-27 08:00:00,598.435
2017-06-27 09:00:00,2017-06-27 09:00:00,608.5317
2017-06-27 10:00:00,2017-06-27 10:00:00,616.591
2017-06-27 11:00:00,2017-06-27 11:00:00,620.7103
2017-06-27 12:00:00,2017-06-27 12:00:00,628.402
2017-06-27 13:00:00,2017-06-27 13:00:00,643.2385
2017-06-27 14:00:00,2017-06-27 14:00:00,649.89
2017-06-27 15:00:00,2017-06-27 15:00:00,649.1842
2017-06-27 16:00:00,2017-06-27 16:00:00,644.92
2017-06-27 17:00:00,2017-06-27 17:00:00,632.4802
2017-06-27 18:00:00,2017-06-27 18:00:00,612.143
2017-06-27 19:00:00,2017-06-27 19:00:00,595.7023
2017-06-27 20:00:00,2017-06-27 20:00:00,584.5595
2017-06-27 21:00:00,2017-06-27 21:00:00,581.1855
2017-06-27 22:00:00,2017-06-27 22:00:00,577.5683
2017-06-27 23:00:00,2017-06-27 23:00:00,568.8385
2017-06-28 00:00:00,2017-06-28 00:00:00,571.1742
2017-06-28 01:00:00,2017-06-28 01:00:00,569.1218
2017-06-28 02:00:00,2017-06-28 02:00:00,567.7455
2017-06-28 03:00:00,2017-06-28 03:00:00,567.5552
2017-06-28 04:00:00,2017-06-28 04:00:00,566.738
2017-06-28 05:00:00,2017-06-28 05:00:00,565.3092
2017-06-28 06:00:00,2017-06-28 06:00:00,577.2938
2017-06-28 07:00:00,2017-06-28 07:00:00,582.8538
2017-06-28 08:00:00,2017-06-28 08:00:00,589.4892
2017-06-28 09:00:00,2017-06-28 09:00:00,591.108
2017-06-28 10:00:00,2017-06-28 10:00:00,584.648
2017-06-28 11:00:00,2017-06-28 11:00:00,594.6152
2017-06-28 12:00:00,2017-06-28 12:00:00,615.5025
2017-06-28 13:00:00,2017-06-28 13:00:00,648.4122
2017-06-28 14:00:00,2017-06-28 14:00:00,659.7493
2017-06-28 15:00:00,2017-06-28 15:00:00,652.9185
2017-06-28 16:00:00,2017-06-28 16:00:00,646.279
2017-06-28 17:00:00,2017-06-28 17:00:00,635.6635
2017-06-28 18:00:00,2017-06-28 18:00:00,603.6862
2017-06-28 19:00:00,2017-06-28 19:00:00,589.5982
2017-06-28 20:00:00,2017-06-28 20:00:00,574.0003
2017-06-28 21:00:00,2017-06-28 21:00:00,560.9945
2017-06-28 22:00:00,2017-06-28 22:00:00,553.501
2017-06-28 23:00:00,2017-06-28 23:00:00,556.6685
2017-06-29 00:00:00,2017-06-29 00:00:00,552.8635
2017-06-29 01:00:00,2017-06-29 01:00:00,550.2685
2017-06-29 02:00:00,2017-06-29 02:00:00,549.5307
2017-06-29 03:00:00,2017-06-29 03:00:00,544.5577
2017-06-29 04:00:00,2017-06-29 04:00:00,543.6763
2017-06-29 05:00:00,2017-06-29 05:00:00,543.792
2017-06-29 06:00:00,2017-06-29 06:00:00,556.1967
2017-06-29 07:00:00,2017-06-29 07:00:00,562.0938
2017-06-29 08:00:00,2017-06-29 08:00:00,569.2833
2017-06-29 09:00:00,2017-06-29 09:00:00,575.2823
2017-06-29 10:00:00,2017-06-29 10:00:00,589.3808
2017-06-29 11:00:00,2017-06-29 11:00:00,610.2135
2017-06-29 12:00:00,2017-06-29 12:00:00,637.2465
2017-06-29 13:00:00,2017-06-29 13:00:00,651.7935
2017-06-29 14:00:00,2017-06-29 14:00:00,657.8458
2017-06-29 15:00:00,2017-06-29 15:00:00,660.5337
2017-06-29 16:00:00,2017-06-29 16:00:00,645.889
2017-06-29 17:00:00,2017-06-29 17:00:00,635.3655
2017-06-29 18:00:00,2017-06-29 18:00:00,590.0316
2017-06-29 19:00:00,2017-06-29 19:00:00,573.4665
2017-06-29 20:00:00,2017-06-29 20:00:00,557.5735
2017-06-29 21:00:00,2017-06-29 21:00:00,550.1805
2017-06-29 22:00:00,2017-06-29 22:00:00,543.075
2017-06-29 23:00:00,2017-06-29 23:00:00,546.5762
2017-06-30 00:00:00,2017-06-30 00:00:00,542.661
2017-06-30 01:00:00,2017-06-30 01:00:00,538.919
2017-06-30 02:00:00,2017-06-30 02:00:00,535.4155
2017-06-30 03:00:00,2017-06-30 03:00:00,532.717
2017-06-30 04:00:00,2017-06-30 04:00:00,530.2593
2017-06-30 05:00:00,2017-06-30 05:00:00,530.1267
2017-06-30 06:00:00,2017-06-30 06:00:00,542.1672
2017-06-30 07:00:00,2017-06-30 07:00:00,547.8225
2017-06-30 08:00:00,2017-06-30 08:00:00,552.8758
2017-06-30 09:00:00,2017-06-30 09:00:00,558.5127
2017-06-30 10:00:00,2017-06-30 10:00:00,568.4232
2017-06-30 11:00:00,2017-06-30 11:00:00,588.7622
2017-06-30 12:00:00,2017-06-30 12:00:00,604.5768
2017-06-30 13:00:00,2017-06-30 13:00:00,628.8267
2017-06-30 14:00:00,2017-06-30 14:00:00,642.6037
2017-06-30 15:00:00,2017-06-30 15:00:00,653.233
2017-06-30 16:00:00,2017-06-30 16:00:00,653.448
2017-06-30 17:00:00,2017-06-30 17:00:00,653.868
2017-06-30 18:00:00,2017-06-30 18:00:00,623.9748
2017-06-30 19:00:00,2017-06-30 19:00:00,590.0925
2017-06-30 20:00:00,2017-06-30 20:00:00,555.79
2017-06-30 21:00:00,2017-06-30 21:00:00,545.101
2017-06-30 22:00:00,2017-06-30 22:00:00,545.7543
2017-06-30 23:00:00,2017-06-30 23:00:00,541.4298
2017-07-01 00:00:00,2017-07-01 00:00:00,540.4598
2017-07-01 01:00:00,2017-07-01 01:00:00,537.1002
2017-07-01 02:00:00,2017-07-01 02:00:00,535.465
2017-07-01 03:00:00,2017-07-01 03:00:00,533.1615
2017-07-01 04:00:00,2017-07-01 04:00:00,533.8198
2017-07-01 05:00:00,2017-07-01 05:00:00,535.1855
2017-07-01 06:00:00,2017-07-01 06:00:00,544.803
2017-07-01 07:00:00,2017-07-01 07:00:00,549.054
2017-07-01 08:00:00,2017-07-01 08:00:00,549.4223
2017-07-01 09:00:00,2017-07-01 09:00:00,550.9635
2017-07-01 10:00:00,2017-07-01 10:00:00,555.5825
2017-07-01 11:00:00,2017-07-01 11:00:00,569.3102
2017-07-01 12:00:00,2017-07-01 12:00:00,589.4622
2017-07-01 13:00:00,2017-07-01 13:00:00,604.5875
2017-07-01 14:00:00,2017-07-01 14:00:00,617.3535
2017-07-01 15:00:00,2017-07-01 15:00:00,624.037
2017-07-01 16:00:00,2017-07-01 16:00:00,620.9657
2017-07-01 17:00:00,2017-07-01 17:00:00,625.0637
2017-07-01 18:00:00,2017-07-01 18:00:00,603.255
2017-07-01 19:00:00,2017-07-01 19:00:00,583.476
2017-07-01 20:00:00,2017-07-01 20:00:00,561.9555
2017-07-01 21:00:00,2017-07-01 21:00:00,544.7035
2017-07-01 22:00:00,2017-07-01 22:00:00,539.9325
2017-07-01 23:00:00,2017-07-01 23:00:00,537.228
2017-07-02 00:00:00,2017-07-02 00:00:00,533.8095
2017-07-02 01:00:00,2017-07-02 01:00:00,531.7548
2017-07-02 02:00:00,2017-07-02 02:00:00,530.7225
2017-07-02 03:00:00,2017-07-02 03:00:00,528.8333
2017-07-02 04:00:00,2017-07-02 04:00:00,528.9415
2017-07-02 05:00:00,2017-07-02 05:00:00,532.324
2017-07-02 06:00:00,2017-07-02 06:00:00,547.2092
2017-07-02 07:00:00,2017-07-02 07:00:00,548.643
2017-07-02 08:00:00,2017-07-02 08:00:00,553.4248
2017-07-02 09:00:00,2017-07-02 09:00:00,559.378
2017-07-02 10:00:00,2017-07-02 10:00:00,583.9945
2017-07-02 11:00:00,2017-07-02 11:00:00,595.098
2017-07-02 12:00:00,2017-07-02 12:00:00,603.9352
2017-07-02 13:00:00,2017-07-02 13:00:00,600.5355
2017-07-02 14:00:00,2017-07-02 14:00:00,581.722
2017-07-02 15:00:00,2017-07-02 15:00:00,586.5497
2017-07-02 16:00:00,2017-07-02 16:00:00,583.667
2017-07-02 17:00:00,2017-07-02 17:00:00,575.6647
2017-07-02 18:00:00,2017-07-02 18:00:00,550.952
2017-07-02 19:00:00,2017-07-02 19:00:00,543.4475
2017-07-02 20:00:00,2017-07-02 20:00:00,542.0577
2017-07-02 21:00:00,2017-07-02 21:00:00,543.605
2017-07-02 22:00:00,2017-07-02 22:00:00,545.8348
2017-07-02 23:00:00,2017-07-02 23:00:00,536.5258
2017-07-03 00:00:00,2017-07-03 00:00:00,532.4965
2017-07-03 01:00:00,2017-07-03 01:00:00,530.5998
2017-07-03 02:00:00,2017-07-03 02:00:00,531.047
2017-07-03 03:00:00,2017-07-03 03:00:00,529.711
2017-07-03 04:00:00,2017-07-03 04:00:00,526.1003
2017-07-03 05:00:00,2017-07-03 05:00:00,525.172
2017-07-03 06:00:00,2017-07-03 06:00:00,543.1447
2017-07-03 07:00:00,2017-07-03 07:00:00,546.8802
2017-07-03 08:00:00,2017-07-03 08:00:00,550.1538
2017-07-03 09:00:00,2017-07-03 09:00:00,559.3325
2017-07-03 10:00:00,2017-07-03 10:00:00,583.734
2017-07-03 11:00:00,2017-07-03 11:00:00,616.38
2017-07-03 12:00:00,2017-07-03 12:00:00,631.5487
2017-07-03 13:00:00,2017-07-03 13:00:00,633.9415
2017-07-03 14:00:00,2017-07-03 14:00:00,633.5338
2017-07-03 15:00:00,2017-07-03 15:00:00,630.1768
2017-07-03 16:00:00,2017-07-03 16:00:00,625.7783
2017-07-03 17:00:00,2017-07-03 17:00:00,605.604
2017-07-03 18:00:00,2017-07-03 18:00:00,563.9058
2017-07-03 19:00:00,2017-07-03 19:00:00,553.6637
2017-07-03 20:00:00,2017-07-03 20:00:00,546.586
2017-07-03 21:00:00,2017-07-03 21:00:00,539.8488
2017-07-03 22:00:00,2017-07-03 22:00:00,539.426
2017-07-03 23:00:00,2017-07-03 23:00:00,540.8895
2017-07-04 00:00:00,2017-07-04 00:00:00,535.5818
2017-07-04 01:00:00,2017-07-04 01:00:00,532.032
2017-07-04 02:00:00,2017-07-04 02:00:00,531.9852
2017-07-04 03:00:00,2017-07-04 03:00:00,534.504
2017-07-04 04:00:00,2017-07-04 04:00:00,541.6618
2017-07-04 05:00:00,2017-07-04 05:00:00,536.4013
2017-07-04 06:00:00,2017-07-04 06:00:00,548.3018
2017-07-04 07:00:00,2017-07-04 07:00:00,545.4023
2017-07-04 08:00:00,2017-07-04 08:00:00,549.6842
2017-07-04 09:00:00,2017-07-04 09:00:00,558.5262
2017-07-04 10:00:00,2017-07-04 10:00:00,565.0225
2017-07-04 11:00:00,2017-07-04 11:00:00,584.162
2017-07-04 12:00:00,2017-07-04 12:00:00,603.8413
2017-07-04 13:00:00,2017-07-04 13:00:00,620.8515
2017-07-04 14:00:00,2017-07-04 14:00:00,623.2678
2017-07-04 15:00:00,2017-07-04 15:00:00,613.6332
2017-07-04 16:00:00,2017-07-04 16:00:00,603.3028
2017-07-04 17:00:00,2017-07-04 17:00:00,602.9572
2017-07-04 18:00:00,2017-07-04 18:00:00,596.3014
2017-07-04 19:00:00,2017-07-04 19:00:00,582.2238
2017-07-04 20:00:00,2017-07-04 20:00:00,562.9367
2017-07-04 21:00:00,2017-07-04 21:00:00,553.2353
2017-07-04 22:00:00,2017-07-04 22:00:00,546.9475
2017-07-04 23:00:00,2017-07-04 23:00:00,546.2213
2017-07-05 00:00:00,2017-07-05 00:00:00,540.615
2017-07-05 01:00:00,2017-07-05 01:00:00,536.2113
2017-07-05 02:00:00,2017-07-05 02:00:00,535.3925
2017-07-05 03:00:00,2017-07-05 03:00:00,533.4677
2017-07-05 04:00:00,2017-07-05 04:00:00,533.6628
2017-07-05 05:00:00,2017-07-05 05:00:00,534.6605
2017-07-05 06:00:00,2017-07-05 06:00:00,551.1182
2017-07-05 07:00:00,2017-07-05 07:00:00,553.8445
2017-07-05 08:00:00,2017-07-05 08:00:00,562.114
2017-07-05 09:00:00,2017-07-05 09:00:00,573.7478
2017-07-05 10:00:00,2017-07-05 10:00:00,587.7338
2017-07-05 11:00:00,2017-07-05 11:00:00,609.4717
2017-07-05 12:00:00,2017-07-05 12:00:00,628.6963
2017-07-05 13:00:00,2017-07-05 13:00:00,640.2871
2017-07-05 14:00:00,2017-07-05 14:00:00,648.7798
2017-07-05 15:00:00,2017-07-05 15:00:00,652.2165
2017-07-05 16:00:00,2017-07-05 16:00:00,654.3995
2017-07-05 17:00:00,2017-07-05 17:00:00,653.2715
2017-07-05 18:00:00,2017-07-05 18:00:00,620.9288
2017-07-05 19:00:00,2017-07-05 19:00:00,606.5498
2017-07-05 20:00:00,2017-07-05 20:00:00,583.9045
2017-07-05 21:00:00,2017-07-05 21:00:00,565.2352
2017-07-05 22:00:00,2017-07-05 22:00:00,567.0315
2017-07-05 23:00:00,2017-07-05 23:00:00,550.678
2017-07-06 00:00:00,2017-07-06 00:00:00,542.2168
2017-07-06 01:00:00,2017-07-06 01:00:00,537.9233
2017-07-06 02:00:00,2017-07-06 02:00:00,535.704
2017-07-06 03:00:00,2017-07-06 03:00:00,533.629
2017-07-06 04:00:00,2017-07-06 04:00:00,535.502
2017-07-06 05:00:00,2017-07-06 05:00:00,536.8855
2017-07-06 06:00:00,2017-07-06 06:00:00,554.2413
2017-07-06 07:00:00,2017-07-06 07:00:00,555.2117
2017-07-06 08:00:00,2017-07-06 08:00:00,587.7302
2017-07-06 09:00:00,2017-07-06 09:00:00,616.234
2017-07-06 10:00:00,2017-07-06 10:00:00,642.1763
2017-07-06 11:00:00,2017-07-06 11:00:00,650.8752
2017-07-06 12:00:00,2017-07-06 12:00:00,653.1384
2017-07-06 13:00:00,2017-07-06 13:00:00,652.66
2017-07-06 14:00:00,2017-07-06 14:00:00,658.2963
2017-07-06 15:00:00,2017-07-06 15:00:00,653.6197
2017-07-06 16:00:00,2017-07-06 16:00:00,647.5658
2017-07-06 17:00:00,2017-07-06 17:00:00,653.724
2017-07-06 18:00:00,2017-07-06 18:00:00,626.3648
2017-07-06 19:00:00,2017-07-06 19:00:00,618.7555
2017-07-06 20:00:00,2017-07-06 20:00:00,611.6135
2017-07-06 21:00:00,2017-07-06 21:00:00,607.4375
2017-07-06 22:00:00,2017-07-06 22:00:00,582.1202
2017-07-06 23:00:00,2017-07-06 23:00:00,570.9918
2017-07-07 00:00:00,2017-07-07 00:00:00,565.392
2017-07-07 01:00:00,2017-07-07 01:00:00,558.9882
2017-07-07 02:00:00,2017-07-07 02:00:00,553.9118
2017-07-07 03:00:00,2017-07-07 03:00:00,545.359
2017-07-07 04:00:00,2017-07-07 04:00:00,547.0948
2017-07-07 05:00:00,2017-07-07 05:00:00,546.0752
2017-07-07 06:00:00,2017-07-07 06:00:00,560.9478
2017-07-07 07:00:00,2017-07-07 07:00:00,573.917
2017-07-07 08:00:00,2017-07-07 08:00:00,604.1898
2017-07-07 09:00:00,2017-07-07 09:00:00,633.607
2017-07-07 10:00:00,2017-07-07 10:00:00,645.4548
2017-07-07 11:00:00,2017-07-07 11:00:00,646.2008
2017-07-07 12:00:00,2017-07-07 12:00:00,648.7728
2017-07-07 13:00:00,2017-07-07 13:00:00,653.624
2017-07-07 14:00:00,2017-07-07 14:00:00,654.2575
2017-07-07 15:00:00,2017-07-07 15:00:00,650.9128
2017-07-07 16:00:00,2017-07-07 16:00:00,652.3497
2017-07-07 17:00:00,2017-07-07 17:00:00,647.4708
2017-07-07 18:00:00,2017-07-07 18:00:00,621.6915
2017-07-07 19:00:00,2017-07-07 19:00:00,613.9395
2017-07-07 20:00:00,2017-07-07 20:00:00,608.1882
2017-07-07 21:00:00,2017-07-07 21:00:00,604.4442
2017-07-07 22:00:00,2017-07-07 22:00:00,604.9677
2017-07-07 23:00:00,2017-07-07 23:00:00,600.1073
2017-07-08 00:00:00,2017-07-08 00:00:00,594.9435
2017-07-08 01:00:00,2017-07-08 01:00:00,590.9685
2017-07-08 02:00:00,2017-07-08 02:00:00,598.464
2017-07-08 03:00:00,2017-07-08 03:00:00,595.3735
2017-07-08 04:00:00,2017-07-08 04:00:00,590.2168
2017-07-08 05:00:00,2017-07-08 05:00:00,586.9577
2017-07-08 06:00:00,2017-07-08 06:00:00,590.8647
2017-07-08 07:00:00,2017-07-08 07:00:00,594.9825
2017-07-08 08:00:00,2017-07-08 08:00:00,608.7845
2017-07-08 09:00:00,2017-07-08 09:00:00,615.965
2017-07-08 10:00:00,2017-07-08 10:00:00,617.3602
2017-07-08 11:00:00,2017-07-08 11:00:00,619.0903
2017-07-08 12:00:00,2017-07-08 12:00:00,623.9548
2017-07-08 13:00:00,2017-07-08 13:00:00,627.094
2017-07-08 14:00:00,2017-07-08 14:00:00,621.5892
2017-07-08 15:00:00,2017-07-08 15:00:00,623.23
2017-07-08 16:00:00,2017-07-08 16:00:00,620.7362
2017-07-08 17:00:00,2017-07-08 17:00:00,620.1085
2017-07-08 18:00:00,2017-07-08 18:00:00,603.8938
2017-07-08 19:00:00,2017-07-08 19:00:00,598.863
2017-07-08 20:00:00,2017-07-08 20:00:00,591.0464
2017-07-08 21:00:00,2017-07-08 21:00:00,566.0835
2017-07-08 22:00:00,2017-07-08 22:00:00,554.3062
2017-07-08 23:00:00,2017-07-08 23:00:00,547.8295
2017-07-09 00:00:00,2017-07-09 00:00:00,537.8128
2017-07-09 01:00:00,2017-07-09 01:00:00,526.9108
2017-07-09 02:00:00,2017-07-09 02:00:00,525.1935
2017-07-09 03:00:00,2017-07-09 03:00:00,525.0597
2017-07-09 04:00:00,2017-07-09 04:00:00,525.3872
2017-07-09 05:00:00,2017-07-09 05:00:00,526.5045
2017-07-09 06:00:00,2017-07-09 06:00:00,538.813
2017-07-09 07:00:00,2017-07-09 07:00:00,541.5962
2017-07-09 08:00:00,2017-07-09 08:00:00,550.1172
2017-07-09 09:00:00,2017-07-09 09:00:00,572.645
2017-07-09 10:00:00,2017-07-09 10:00:00,572.4438
2017-07-09 11:00:00,2017-07-09 11:00:00,593.1528
2017-07-09 12:00:00,2017-07-09 12:00:00,606.751
2017-07-09 13:00:00,2017-07-09 13:00:00,619.099
2017-07-09 14:00:00,2017-07-09 14:00:00,624.6707
2017-07-09 15:00:00,2017-07-09 15:00:00,625.0183
2017-07-09 16:00:00,2017-07-09 16:00:00,626.2705
2017-07-09 17:00:00,2017-07-09 17:00:00,620.4598
2017-07-09 18:00:00,2017-07-09 18:00:00,595.8045
2017-07-09 19:00:00,2017-07-09 19:00:00,572.6565
2017-07-09 20:00:00,2017-07-09 20:00:00,562.0865
2017-07-09 21:00:00,2017-07-09 21:00:00,546.9985
2017-07-09 22:00:00,2017-07-09 22:00:00,546.5465
2017-07-09 23:00:00,2017-07-09 23:00:00,538.738
2017-07-10 00:00:00,2017-07-10 00:00:00,534.2233
2017-07-10 01:00:00,2017-07-10 01:00:00,533.313
2017-07-10 02:00:00,2017-07-10 02:00:00,532.9868
2017-07-10 03:00:00,2017-07-10 03:00:00,530.2958
2017-07-10 04:00:00,2017-07-10 04:00:00,527.8585
2017-07-10 05:00:00,2017-07-10 05:00:00,524.755
2017-07-10 06:00:00,2017-07-10 06:00:00,543.247
2017-07-10 07:00:00,2017-07-10 07:00:00,546.1192
2017-07-10 08:00:00,2017-07-10 08:00:00,573.3647
2017-07-10 09:00:00,2017-07-10 09:00:00,595.1692
2017-07-10 10:00:00,2017-07-10 10:00:00,621.8198
2017-07-10 11:00:00,2017-07-10 11:00:00,639.092
2017-07-10 12:00:00,2017-07-10 12:00:00,647.6232
2017-07-10 13:00:00,2017-07-10 13:00:00,646.9825
2017-07-10 14:00:00,2017-07-10 14:00:00,648.0382
2017-07-10 15:00:00,2017-07-10 15:00:00,645.8327
2017-07-10 16:00:00,2017-07-10 16:00:00,640.6398
2017-07-10 17:00:00,2017-07-10 17:00:00,639.42
2017-07-10 18:00:00,2017-07-10 18:00:00,605.089
2017-07-10 19:00:00,2017-07-10 19:00:00,578.1253
2017-07-10 20:00:00,2017-07-10 20:00:00,566.5677
2017-07-10 21:00:00,2017-07-10 21:00:00,557.5733
2017-07-10 22:00:00,2017-07-10 22:00:00,557.3603
2017-07-10 23:00:00,2017-07-10 23:00:00,549.5045
2017-07-11 00:00:00,2017-07-11 00:00:00,542.7345
2017-07-11 01:00:00,2017-07-11 01:00:00,543.7278
2017-07-11 02:00:00,2017-07-11 02:00:00,537.6633
2017-07-11 03:00:00,2017-07-11 03:00:00,535.1773
2017-07-11 04:00:00,2017-07-11 04:00:00,533.2963
2017-07-11 05:00:00,2017-07-11 05:00:00,532.0018
2017-07-11 06:00:00,2017-07-11 06:00:00,546.9085
2017-07-11 07:00:00,2017-07-11 07:00:00,551.507
2017-07-11 08:00:00,2017-07-11 08:00:00,561.6637
2017-07-11 09:00:00,2017-07-11 09:00:00,586.969
2017-07-11 10:00:00,2017-07-11 10:00:00,606.5152
2017-07-11 11:00:00,2017-07-11 11:00:00,631.5213
2017-07-11 12:00:00,2017-07-11 12:00:00,649.6072
2017-07-11 13:00:00,2017-07-11 13:00:00,656.16
2017-07-11 14:00:00,2017-07-11 14:00:00,657.1532
2017-07-11 15:00:00,2017-07-11 15:00:00,654.6888
2017-07-11 16:00:00,2017-07-11 16:00:00,655.8032
2017-07-11 17:00:00,2017-07-11 17:00:00,650.9317
2017-07-11 18:00:00,2017-07-11 18:00:00,618.587
2017-07-11 19:00:00,2017-07-11 19:00:00,591.7302
2017-07-11 20:00:00,2017-07-11 20:00:00,573.3208
2017-07-11 21:00:00,2017-07-11 21:00:00,564.602
2017-07-11 22:00:00,2017-07-11 22:00:00,558.795
2017-07-11 23:00:00,2017-07-11 23:00:00,555.6053
2017-07-12 00:00:00,2017-07-12 00:00:00,549.6525
2017-07-12 01:00:00,2017-07-12 01:00:00,543.0485
2017-07-12 02:00:00,2017-07-12 02:00:00,542.7973
2017-07-12 03:00:00,2017-07-12 03:00:00,542.1378
2017-07-12 04:00:00,2017-07-12 04:00:00,541.3713
2017-07-12 05:00:00,2017-07-12 05:00:00,541.804
2017-07-12 06:00:00,2017-07-12 06:00:00,557.7345
2017-07-12 07:00:00,2017-07-12 07:00:00,557.6857
2017-07-12 08:00:00,2017-07-12 08:00:00,569.7475
2017-07-12 09:00:00,2017-07-12 09:00:00,591.9055
2017-07-12 10:00:00,2017-07-12 10:00:00,608.1465
2017-07-12 11:00:00,2017-07-12 11:00:00,633.3402
2017-07-12 12:00:00,2017-07-12 12:00:00,644.8445
2017-07-12 13:00:00,2017-07-12 13:00:00,651.4018
2017-07-12 14:00:00,2017-07-12 14:00:00,653.2393
2017-07-12 15:00:00,2017-07-12 15:00:00,645.5293
2017-07-12 16:00:00,2017-07-12 16:00:00,633.8248
2017-07-12 17:00:00,2017-07-12 17:00:00,608.808
2017-07-12 18:00:00,2017-07-12 18:00:00,581.3982
2017-07-12 19:00:00,2017-07-12 19:00:00,564.5955
2017-07-12 20:00:00,2017-07-12 20:00:00,552.8132
2017-07-12 21:00:00,2017-07-12 21:00:00,548.069
2017-07-12 22:00:00,2017-07-12 22:00:00,541.361
2017-07-12 23:00:00,2017-07-12 23:00:00,540.2748
2017-07-13 00:00:00,2017-07-13 00:00:00,535.9682
2017-07-13 01:00:00,2017-07-13 01:00:00,537.213
2017-07-13 02:00:00,2017-07-13 02:00:00,535.3642
2017-07-13 03:00:00,2017-07-13 03:00:00,530.9378
2017-07-13 04:00:00,2017-07-13 04:00:00,529.422
2017-07-13 05:00:00,2017-07-13 05:00:00,530.085
2017-07-13 06:00:00,2017-07-13 06:00:00,548.507
2017-07-13 07:00:00,2017-07-13 07:00:00,550.7752
2017-07-13 08:00:00,2017-07-13 08:00:00,556.4165
2017-07-13 09:00:00,2017-07-13 09:00:00,581.6543
2017-07-13 10:00:00,2017-07-13 10:00:00,605.8375
2017-07-13 11:00:00,2017-07-13 11:00:00,615.932
2017-07-13 12:00:00,2017-07-13 12:00:00,635.9388
2017-07-13 13:00:00,2017-07-13 13:00:00,648.8245
2017-07-13 14:00:00,2017-07-13 14:00:00,658.5012
2017-07-13 15:00:00,2017-07-13 15:00:00,652.6372
2017-07-13 16:00:00,2017-07-13 16:00:00,647.9565
2017-07-13 17:00:00,2017-07-13 17:00:00,635.4572
2017-07-13 18:00:00,2017-07-13 18:00:00,596.9528
2017-07-13 19:00:00,2017-07-13 19:00:00,572.7597
2017-07-13 20:00:00,2017-07-13 20:00:00,556.4516
2017-07-13 21:00:00,2017-07-13 21:00:00,556.6921
2017-07-13 22:00:00,2017-07-13 22:00:00,552.8485
2017-07-13 23:00:00,2017-07-13 23:00:00,555.1688
2017-07-14 00:00:00,2017-07-14 00:00:00,551.2148
2017-07-14 01:00:00,2017-07-14 01:00:00,542.0595
2017-07-14 02:00:00,2017-07-14 02:00:00,541.263
2017-07-14 03:00:00,2017-07-14 03:00:00,539.0027
2017-07-14 04:00:00,2017-07-14 04:00:00,537.7587
2017-07-14 05:00:00,2017-07-14 05:00:00,538.1903
2017-07-14 06:00:00,2017-07-14 06:00:00,552.9118
2017-07-14 07:00:00,2017-07-14 07:00:00,553.476
2017-07-14 08:00:00,2017-07-14 08:00:00,579.3598
2017-07-14 09:00:00,2017-07-14 09:00:00,596.7377
2017-07-14 10:00:00,2017-07-14 10:00:00,611.5362
2017-07-14 11:00:00,2017-07-14 11:00:00,632.9448
2017-07-14 12:00:00,2017-07-14 12:00:00,645.9155
2017-07-14 13:00:00,2017-07-14 13:00:00,653.5658
2017-07-14 14:00:00,2017-07-14 14:00:00,660.9742
2017-07-14 15:00:00,2017-07-14 15:00:00,657.9838
2017-07-14 16:00:00,2017-07-14 16:00:00,654.3475
2017-07-14 17:00:00,2017-07-14 17:00:00,641.8005
2017-07-14 18:00:00,2017-07-14 18:00:00,604.4558
2017-07-14 19:00:00,2017-07-14 19:00:00,577.8685
2017-07-14 20:00:00,2017-07-14 20:00:00,563.8868
2017-07-14 21:00:00,2017-07-14 21:00:00,547.6945
2017-07-14 22:00:00,2017-07-14 22:00:00,549.6028
2017-07-14 23:00:00,2017-07-14 23:00:00,550.2328
2017-07-15 00:00:00,2017-07-15 00:00:00,546.1912
2017-07-15 01:00:00,2017-07-15 01:00:00,547.3198
2017-07-15 02:00:00,2017-07-15 02:00:00,546.4117
2017-07-15 03:00:00,2017-07-15 03:00:00,546.0902
2017-07-15 04:00:00,2017-07-15 04:00:00,539.9468
2017-07-15 05:00:00,2017-07-15 05:00:00,537.7143
2017-07-15 06:00:00,2017-07-15 06:00:00,551.867
2017-07-15 07:00:00,2017-07-15 07:00:00,557.4872
2017-07-15 08:00:00,2017-07-15 08:00:00,588.6815
2017-07-15 09:00:00,2017-07-15 09:00:00,615.2517
2017-07-15 10:00:00,2017-07-15 10:00:00,625.1155
2017-07-15 11:00:00,2017-07-15 11:00:00,635.2842
2017-07-15 12:00:00,2017-07-15 12:00:00,632.313
2017-07-15 13:00:00,2017-07-15 13:00:00,634.132
2017-07-15 14:00:00,2017-07-15 14:00:00,638.7385
2017-07-15 15:00:00,2017-07-15 15:00:00,636.038
2017-07-15 16:00:00,2017-07-15 16:00:00,637.5195
2017-07-15 17:00:00,2017-07-15 17:00:00,635.187
2017-07-15 18:00:00,2017-07-15 18:00:00,616.9678
2017-07-15 19:00:00,2017-07-15 19:00:00,613.9025
2017-07-15 20:00:00,2017-07-15 20:00:00,607.334
2017-07-15 21:00:00,2017-07-15 21:00:00,579.4655
2017-07-15 22:00:00,2017-07-15 22:00:00,573.41
2017-07-15 23:00:00,2017-07-15 23:00:00,582.0722
2017-07-16 00:00:00,2017-07-16 00:00:00,584.9407
2017-07-16 01:00:00,2017-07-16 01:00:00,582.578
2017-07-16 02:00:00,2017-07-16 02:00:00,577.7908
2017-07-16 03:00:00,2017-07-16 03:00:00,574.3015
2017-07-16 04:00:00,2017-07-16 04:00:00,569.6865
2017-07-16 05:00:00,2017-07-16 05:00:00,575.2235
2017-07-16 06:00:00,2017-07-16 06:00:00,589.1628
2017-07-16 07:00:00,2017-07-16 07:00:00,607.9647
2017-07-16 08:00:00,2017-07-16 08:00:00,619.9223
2017-07-16 09:00:00,2017-07-16 09:00:00,623.0785
2017-07-16 10:00:00,2017-07-16 10:00:00,620.6663
2017-07-16 11:00:00,2017-07-16 11:00:00,624.8298
2017-07-16 12:00:00,2017-07-16 12:00:00,626.8937
2017-07-16 13:00:00,2017-07-16 13:00:00,632.1045
2017-07-16 14:00:00,2017-07-16 14:00:00,633.7835
2017-07-16 15:00:00,2017-07-16 15:00:00,632.5417
2017-07-16 16:00:00,2017-07-16 16:00:00,630.215
2017-07-16 17:00:00,2017-07-16 17:00:00,628.3192
2017-07-16 18:00:00,2017-07-16 18:00:00,608.6122
2017-07-16 19:00:00,2017-07-16 19:00:00,600.3595
2017-07-16 20:00:00,2017-07-16 20:00:00,600.9472
2017-07-16 21:00:00,2017-07-16 21:00:00,600.6145
2017-07-16 22:00:00,2017-07-16 22:00:00,600.7037
2017-07-16 23:00:00,2017-07-16 23:00:00,600.334
2017-07-17 00:00:00,2017-07-17 00:00:00,594.773
2017-07-17 01:00:00,2017-07-17 01:00:00,592.3795
2017-07-17 02:00:00,2017-07-17 02:00:00,579.9259
2017-07-17 03:00:00,2017-07-17 03:00:00,560.4981
2017-07-17 04:00:00,2017-07-17 04:00:00,551.285
2017-07-17 05:00:00,2017-07-17 05:00:00,553.8293
2017-07-17 06:00:00,2017-07-17 06:00:00,564.2098
2017-07-17 07:00:00,2017-07-17 07:00:00,576.2583
2017-07-17 08:00:00,2017-07-17 08:00:00,598.2882
2017-07-17 09:00:00,2017-07-17 09:00:00,632.2462
2017-07-17 10:00:00,2017-07-17 10:00:00,650.4245
2017-07-17 11:00:00,2017-07-17 11:00:00,655.3217
2017-07-17 12:00:00,2017-07-17 12:00:00,645.9152
2017-07-17 13:00:00,2017-07-17 13:00:00,649.3852
2017-07-17 14:00:00,2017-07-17 14:00:00,652.0228
2017-07-17 15:00:00,2017-07-17 15:00:00,654.1808
2017-07-17 16:00:00,2017-07-17 16:00:00,652.0175
2017-07-17 17:00:00,2017-07-17 17:00:00,651.8715
2017-07-17 18:00:00,2017-07-17 18:00:00,623.1362
2017-07-17 19:00:00,2017-07-17 19:00:00,614.1152
2017-07-17 20:00:00,2017-07-17 20:00:00,610.9912
2017-07-17 21:00:00,2017-07-17 21:00:00,599.4922
2017-07-17 22:00:00,2017-07-17 22:00:00,584.5755
2017-07-17 23:00:00,2017-07-17 23:00:00,560.3092
2017-07-18 00:00:00,2017-07-18 00:00:00,552.4028
2017-07-18 01:00:00,2017-07-18 01:00:00,549.883
2017-07-18 02:00:00,2017-07-18 02:00:00,541.5
2017-07-18 03:00:00,2017-07-18 03:00:00,538.3455
2017-07-18 04:00:00,2017-07-18 04:00:00,536.0193
2017-07-18 05:00:00,2017-07-18 05:00:00,535.9843
2017-07-18 06:00:00,2017-07-18 06:00:00,553.2278
2017-07-18 07:00:00,2017-07-18 07:00:00,552.1028
2017-07-18 08:00:00,2017-07-18 08:00:00,558.8138
2017-07-18 09:00:00,2017-07-18 09:00:00,573.4287
2017-07-18 10:00:00,2017-07-18 10:00:00,589.1902
2017-07-18 11:00:00,2017-07-18 11:00:00,607.6129
2017-07-18 12:00:00,2017-07-18 12:00:00,624.5415
2017-07-18 13:00:00,2017-07-18 13:00:00,642.22
2017-07-18 14:00:00,2017-07-18 14:00:00,652.1502
2017-07-18 15:00:00,2017-07-18 15:00:00,654.2425
2017-07-18 16:00:00,2017-07-18 16:00:00,652.918
2017-07-18 17:00:00,2017-07-18 17:00:00,647.4133
2017-07-18 18:00:00,2017-07-18 18:00:00,620.1648
2017-07-18 19:00:00,2017-07-18 19:00:00,586.8998
2017-07-18 20:00:00,2017-07-18 20:00:00,569.1412
2017-07-18 21:00:00,2017-07-18 21:00:00,553.1565
2017-07-18 22:00:00,2017-07-18 22:00:00,548.9732
2017-07-18 23:00:00,2017-07-18 23:00:00,541.7047
2017-07-19 00:00:00,2017-07-19 00:00:00,538.4537
2017-07-19 01:00:00,2017-07-19 01:00:00,538.6128
2017-07-19 02:00:00,2017-07-19 02:00:00,540.1328
2017-07-19 03:00:00,2017-07-19 03:00:00,540.9538
2017-07-19 04:00:00,2017-07-19 04:00:00,542.2088
2017-07-19 05:00:00,2017-07-19 05:00:00,537.437
2017-07-19 06:00:00,2017-07-19 06:00:00,552.8165
2017-07-19 07:00:00,2017-07-19 07:00:00,561.349
2017-07-19 08:00:00,2017-07-19 08:00:00,570.1067
2017-07-19 09:00:00,2017-07-19 09:00:00,594.2938
2017-07-19 10:00:00,2017-07-19 10:00:00,623.0022
2017-07-19 11:00:00,2017-07-19 11:00:00,648.2902
2017-07-19 12:00:00,2017-07-19 12:00:00,654.2642
2017-07-19 13:00:00,2017-07-19 13:00:00,655.7205
2017-07-19 14:00:00,2017-07-19 14:00:00,661.0943
2017-07-19 15:00:00,2017-07-19 15:00:00,657.1565
2017-07-19 16:00:00,2017-07-19 16:00:00,653.2897
2017-07-19 17:00:00,2017-07-19 17:00:00,648.654
2017-07-19 18:00:00,2017-07-19 18:00:00,622.5052
2017-07-19 19:00:00,2017-07-19 19:00:00,608.5717
2017-07-19 20:00:00,2017-07-19 20:00:00,588.731
2017-07-19 21:00:00,2017-07-19 21:00:00,558.9597
2017-07-19 22:00:00,2017-07-19 22:00:00,547.7115
2017-07-19 23:00:00,2017-07-19 23:00:00,542.1708
2017-07-20 00:00:00,2017-07-20 00:00:00,541.3868
2017-07-20 01:00:00,2017-07-20 01:00:00,538.2015
2017-07-20 02:00:00,2017-07-20 02:00:00,538.3625
2017-07-20 03:00:00,2017-07-20 03:00:00,536.633
2017-07-20 04:00:00,2017-07-20 04:00:00,535.9803
2017-07-20 05:00:00,2017-07-20 05:00:00,532.9212
2017-07-20 06:00:00,2017-07-20 06:00:00,551.8528
2017-07-20 07:00:00,2017-07-20 07:00:00,551.1415
2017-07-20 08:00:00,2017-07-20 08:00:00,561.135
2017-07-20 09:00:00,2017-07-20 09:00:00,591.538
2017-07-20 10:00:00,2017-07-20 10:00:00,616.9232
2017-07-20 11:00:00,2017-07-20 11:00:00,636.246
2017-07-20 12:00:00,2017-07-20 12:00:00,648.3753
2017-07-20 13:00:00,2017-07-20 13:00:00,653.75
2017-07-20 14:00:00,2017-07-20 14:00:00,650.7867
2017-07-20 15:00:00,2017-07-20 15:00:00,658.5162
2017-07-20 16:00:00,2017-07-20 16:00:00,654.478
2017-07-20 17:00:00,2017-07-20 17:00:00,649.6835
2017-07-20 18:00:00,2017-07-20 18:00:00,623.1006
2017-07-20 19:00:00,2017-07-20 19:00:00,613.023
2017-07-20 20:00:00,2017-07-20 20:00:00,601.7585
2017-07-20 21:00:00,2017-07-20 21:00:00,581.875
2017-07-20 22:00:00,2017-07-20 22:00:00,553.2855
2017-07-20 23:00:00,2017-07-20 23:00:00,554.9582
2017-07-21 00:00:00,2017-07-21 00:00:00,544.5575
2017-07-21 01:00:00,2017-07-21 01:00:00,544.194
2017-07-21 02:00:00,2017-07-21 02:00:00,536.781
2017-07-21 03:00:00,2017-07-21 03:00:00,539.4575
2017-07-21 04:00:00,2017-07-21 04:00:00,542.163
2017-07-21 05:00:00,2017-07-21 05:00:00,537.0127
2017-07-21 06:00:00,2017-07-21 06:00:00,550.958
2017-07-21 07:00:00,2017-07-21 07:00:00,558.3507
2017-07-21 08:00:00,2017-07-21 08:00:00,578.5422
2017-07-21 09:00:00,2017-07-21 09:00:00,599.758
2017-07-21 10:00:00,2017-07-21 10:00:00,624.1007
2017-07-21 11:00:00,2017-07-21 11:00:00,645.5135
2017-07-21 12:00:00,2017-07-21 12:00:00,646.2757
2017-07-21 13:00:00,2017-07-21 13:00:00,644.7065
2017-07-21 14:00:00,2017-07-21 14:00:00,646.9917
2017-07-21 15:00:00,2017-07-21 15:00:00,643.2172
2017-07-21 16:00:00,2017-07-21 16:00:00,641.6053
2017-07-21 17:00:00,2017-07-21 17:00:00,640.5928
2017-07-21 18:00:00,2017-07-21 18:00:00,609.2498
2017-07-21 19:00:00,2017-07-21 19:00:00,597.294
2017-07-21 20:00:00,2017-07-21 20:00:00,583.9755
2017-07-21 21:00:00,2017-07-21 21:00:00,563.2195
2017-07-21 22:00:00,2017-07-21 22:00:00,552.0322
2017-07-21 23:00:00,2017-07-21 23:00:00,550.928
2017-07-22 00:00:00,2017-07-22 00:00:00,543.5258
2017-07-22 01:00:00,2017-07-22 01:00:00,546.3543
2017-07-22 02:00:00,2017-07-22 02:00:00,538.861
2017-07-22 03:00:00,2017-07-22 03:00:00,534.4587
2017-07-22 04:00:00,2017-07-22 04:00:00,535.2845
2017-07-22 05:00:00,2017-07-22 05:00:00,534.3115
2017-07-22 06:00:00,2017-07-22 06:00:00,547.65
2017-07-22 07:00:00,2017-07-22 07:00:00,558.273
2017-07-22 08:00:00,2017-07-22 08:00:00,583.7722
2017-07-22 09:00:00,2017-07-22 09:00:00,611.115
2017-07-22 10:00:00,2017-07-22 10:00:00,618.7302
2017-07-22 11:00:00,2017-07-22 11:00:00,624.5862
2017-07-22 12:00:00,2017-07-22 12:00:00,623.6247
2017-07-22 13:00:00,2017-07-22 13:00:00,627.1383
2017-07-22 14:00:00,2017-07-22 14:00:00,627.4742
2017-07-22 15:00:00,2017-07-22 15:00:00,624.4977
2017-07-22 16:00:00,2017-07-22 16:00:00,626.3428
2017-07-22 17:00:00,2017-07-22 17:00:00,623.6645
2017-07-22 18:00:00,2017-07-22 18:00:00,602.3289
2017-07-22 19:00:00,2017-07-22 19:00:00,600.521
2017-07-22 20:00:00,2017-07-22 20:00:00,596.713
2017-07-22 21:00:00,2017-07-22 21:00:00,583.9677
2017-07-22 22:00:00,2017-07-22 22:00:00,567.397
2017-07-22 23:00:00,2017-07-22 23:00:00,569.9968
2017-07-23 00:00:00,2017-07-23 00:00:00,551.6605
2017-07-23 01:00:00,2017-07-23 01:00:00,540.5062
2017-07-23 02:00:00,2017-07-23 02:00:00,535.6672
2017-07-23 03:00:00,2017-07-23 03:00:00,543.2618
2017-07-23 04:00:00,2017-07-23 04:00:00,545.8335
2017-07-23 05:00:00,2017-07-23 05:00:00,540.0132
2017-07-23 06:00:00,2017-07-23 06:00:00,553.2453
2017-07-23 07:00:00,2017-07-23 07:00:00,569.5668
2017-07-23 08:00:00,2017-07-23 08:00:00,588.0152
2017-07-23 09:00:00,2017-07-23 09:00:00,610.7985
2017-07-23 10:00:00,2017-07-23 10:00:00,614.559
2017-07-23 11:00:00,2017-07-23 11:00:00,618.5795
2017-07-23 12:00:00,2017-07-23 12:00:00,618.4905
2017-07-23 13:00:00,2017-07-23 13:00:00,618.475
2017-07-23 14:00:00,2017-07-23 14:00:00,615.4563
2017-07-23 15:00:00,2017-07-23 15:00:00,613.3063
2017-07-23 16:00:00,2017-07-23 16:00:00,617.8738
2017-07-23 17:00:00,2017-07-23 17:00:00,607.028
2017-07-23 18:00:00,2017-07-23 18:00:00,579.782
2017-07-23 19:00:00,2017-07-23 19:00:00,551.082
2017-07-23 20:00:00,2017-07-23 20:00:00,548.4605
2017-07-23 21:00:00,2017-07-23 21:00:00,542.4535
2017-07-23 22:00:00,2017-07-23 22:00:00,542.2445
2017-07-23 23:00:00,2017-07-23 23:00:00,538.158
2017-07-24 00:00:00,2017-07-24 00:00:00,530.4825
2017-07-24 01:00:00,2017-07-24 01:00:00,536.5945
2017-07-24 02:00:00,2017-07-24 02:00:00,540.124
2017-07-24 03:00:00,2017-07-24 03:00:00,535.2107
2017-07-24 04:00:00,2017-07-24 04:00:00,540.6712
2017-07-24 05:00:00,2017-07-24 05:00:00,539.1913
2017-07-24 06:00:00,2017-07-24 06:00:00,559.448
2017-07-24 07:00:00,2017-07-24 07:00:00,565.8225
2017-07-24 08:00:00,2017-07-24 08:00:00,573.173
2017-07-24 09:00:00,2017-07-24 09:00:00,585.957
2017-07-24 10:00:00,2017-07-24 10:00:00,615.31
2017-07-24 11:00:00,2017-07-24 11:00:00,632.8435
2017-07-24 12:00:00,2017-07-24 12:00:00,638.0057
2017-07-24 13:00:00,2017-07-24 13:00:00,644.397
2017-07-24 14:00:00,2017-07-24 14:00:00,652.675
2017-07-24 15:00:00,2017-07-24 15:00:00,650.1052
2017-07-24 16:00:00,2017-07-24 16:00:00,643.2465
2017-07-24 17:00:00,2017-07-24 17:00:00,639.8513
2017-07-24 18:00:00,2017-07-24 18:00:00,609.1405
2017-07-24 19:00:00,2017-07-24 19:00:00,585.1122
2017-07-24 20:00:00,2017-07-24 20:00:00,565.2628
2017-07-24 21:00:00,2017-07-24 21:00:00,563.8615
2017-07-24 22:00:00,2017-07-24 22:00:00,561.7472
2017-07-24 23:00:00,2017-07-24 23:00:00,559.3715
2017-07-25 00:00:00,2017-07-25 00:00:00,552.8113
2017-07-25 01:00:00,2017-07-25 01:00:00,553.3272
2017-07-25 02:00:00,2017-07-25 02:00:00,552.099
2017-07-25 03:00:00,2017-07-25 03:00:00,551.1718
2017-07-25 04:00:00,2017-07-25 04:00:00,551.147
2017-07-25 05:00:00,2017-07-25 05:00:00,552.037
2017-07-25 06:00:00,2017-07-25 06:00:00,571.0632
2017-07-25 07:00:00,2017-07-25 07:00:00,574.0623
2017-07-25 08:00:00,2017-07-25 08:00:00,587.6155
2017-07-25 09:00:00,2017-07-25 09:00:00,615.702
2017-07-25 10:00:00,2017-07-25 10:00:00,629.9392
2017-07-25 11:00:00,2017-07-25 11:00:00,648.5397
2017-07-25 12:00:00,2017-07-25 12:00:00,649.2455
2017-07-25 13:00:00,2017-07-25 13:00:00,649.1017
2017-07-25 14:00:00,2017-07-25 14:00:00,648.3425
2017-07-25 15:00:00,2017-07-25 15:00:00,654.7357
2017-07-25 16:00:00,2017-07-25 16:00:00,644.289
2017-07-25 17:00:00,2017-07-25 17:00:00,639.289
2017-07-25 18:00:00,2017-07-25 18:00:00,615.8623
2017-07-25 19:00:00,2017-07-25 19:00:00,603.0135
2017-07-25 20:00:00,2017-07-25 20:00:00,593.977
2017-07-25 21:00:00,2017-07-25 21:00:00,590.2177
2017-07-25 22:00:00,2017-07-25 22:00:00,583.3045
2017-07-25 23:00:00,2017-07-25 23:00:00,574.9637
2017-07-26 00:00:00,2017-07-26 00:00:00,567.152
2017-07-26 01:00:00,2017-07-26 01:00:00,557.29
2017-07-26 02:00:00,2017-07-26 02:00:00,561.4775
2017-07-26 03:00:00,2017-07-26 03:00:00,559.1318
2017-07-26 04:00:00,2017-07-26 04:00:00,561.7075
2017-07-26 05:00:00,2017-07-26 05:00:00,559.7273
2017-07-26 06:00:00,2017-07-26 06:00:00,579.3073
2017-07-26 07:00:00,2017-07-26 07:00:00,578.6483
2017-07-26 08:00:00,2017-07-26 08:00:00,579.6208
2017-07-26 09:00:00,2017-07-26 09:00:00,594.9095
2017-07-26 10:00:00,2017-07-26 10:00:00,612.7563
2017-07-26 11:00:00,2017-07-26 11:00:00,633.8232
2017-07-26 12:00:00,2017-07-26 12:00:00,647.47
2017-07-26 13:00:00,2017-07-26 13:00:00,655.3225
2017-07-26 14:00:00,2017-07-26 14:00:00,658.3577
2017-07-26 15:00:00,2017-07-26 15:00:00,656.2132
2017-07-26 16:00:00,2017-07-26 16:00:00,655.3457
2017-07-26 17:00:00,2017-07-26 17:00:00,643.9665
2017-07-26 18:00:00,2017-07-26 18:00:00,614.3625
2017-07-26 19:00:00,2017-07-26 19:00:00,600.4442
2017-07-26 20:00:00,2017-07-26 20:00:00,582.8863
2017-07-26 21:00:00,2017-07-26 21:00:00,562.3572
2017-07-26 22:00:00,2017-07-26 22:00:00,558.8923
2017-07-26 23:00:00,2017-07-26 23:00:00,555.7472
2017-07-27 00:00:00,2017-07-27 00:00:00,549.2972
2017-07-27 01:00:00,2017-07-27 01:00:00,551.867
2017-07-27 02:00:00,2017-07-27 02:00:00,543.5437
2017-07-27 03:00:00,2017-07-27 03:00:00,537.0862
2017-07-27 04:00:00,2017-07-27 04:00:00,538.677
2017-07-27 05:00:00,2017-07-27 05:00:00,535.9855
2017-07-27 06:00:00,2017-07-27 06:00:00,558.2398
2017-07-27 07:00:00,2017-07-27 07:00:00,555.0328
2017-07-27 08:00:00,2017-07-27 08:00:00,571.847
2017-07-27 09:00:00,2017-07-27 09:00:00,602.036
2017-07-27 10:00:00,2017-07-27 10:00:00,633.375
2017-07-27 11:00:00,2017-07-27 11:00:00,643.4648
2017-07-27 12:00:00,2017-07-27 12:00:00,650.1392
2017-07-27 13:00:00,2017-07-27 13:00:00,650.67
2017-07-27 14:00:00,2017-07-27 14:00:00,651.6317
2017-07-27 15:00:00,2017-07-27 15:00:00,647.2325
2017-07-27 16:00:00,2017-07-27 16:00:00,644.294
2017-07-27 17:00:00,2017-07-27 17:00:00,640.97
2017-07-27 18:00:00,2017-07-27 18:00:00,614.6496
2017-07-27 19:00:00,2017-07-27 19:00:00,609.9405
2017-07-27 20:00:00,2017-07-27 20:00:00,597.7885
2017-07-27 21:00:00,2017-07-27 21:00:00,585.2107
2017-07-27 22:00:00,2017-07-27 22:00:00,581.2698
2017-07-27 23:00:00,2017-07-27 23:00:00,580.3263
2017-07-28 00:00:00,2017-07-28 00:00:00,561.8542
2017-07-28 01:00:00,2017-07-28 01:00:00,562.1195
2017-07-28 02:00:00,2017-07-28 02:00:00,553.1335
2017-07-28 03:00:00,2017-07-28 03:00:00,553.7092
2017-07-28 04:00:00,2017-07-28 04:00:00,547.037
2017-07-28 05:00:00,2017-07-28 05:00:00,538.346
2017-07-28 06:00:00,2017-07-28 06:00:00,549.8575
2017-07-28 07:00:00,2017-07-28 07:00:00,556.5755
2017-07-28 08:00:00,2017-07-28 08:00:00,567.0255
2017-07-28 09:00:00,2017-07-28 09:00:00,590.4478
2017-07-28 10:00:00,2017-07-28 10:00:00,600.4598
2017-07-28 11:00:00,2017-07-28 11:00:00,630.8057
2017-07-28 12:00:00,2017-07-28 12:00:00,638.548
2017-07-28 13:00:00,2017-07-28 13:00:00,642.452
2017-07-28 14:00:00,2017-07-28 14:00:00,639.3365
2017-07-28 15:00:00,2017-07-28 15:00:00,638.9995
2017-07-28 16:00:00,2017-07-28 16:00:00,640.7708
2017-07-28 17:00:00,2017-07-28 17:00:00,630.5902
2017-07-28 18:00:00,2017-07-28 18:00:00,604.9595
2017-07-28 19:00:00,2017-07-28 19:00:00,587.5417
2017-07-28 20:00:00,2017-07-28 20:00:00,557.5002
2017-07-28 21:00:00,2017-07-28 21:00:00,551.7375
2017-07-28 22:00:00,2017-07-28 22:00:00,547.7785
2017-07-28 23:00:00,2017-07-28 23:00:00,539.5115
2017-07-29 00:00:00,2017-07-29 00:00:00,538.4348
2017-07-29 01:00:00,2017-07-29 01:00:00,537.5768
2017-07-29 02:00:00,2017-07-29 02:00:00,536.1823
2017-07-29 03:00:00,2017-07-29 03:00:00,538.1745
2017-07-29 04:00:00,2017-07-29 04:00:00,539.8132
2017-07-29 05:00:00,2017-07-29 05:00:00,538.2687
2017-07-29 06:00:00,2017-07-29 06:00:00,550.475
2017-07-29 07:00:00,2017-07-29 07:00:00,550.5555
2017-07-29 08:00:00,2017-07-29 08:00:00,551.8925
2017-07-29 09:00:00,2017-07-29 09:00:00,559.5677
2017-07-29 10:00:00,2017-07-29 10:00:00,576.9188
2017-07-29 11:00:00,2017-07-29 11:00:00,587.2872
2017-07-29 12:00:00,2017-07-29 12:00:00,605.706
2017-07-29 13:00:00,2017-07-29 13:00:00,613.37
2017-07-29 14:00:00,2017-07-29 14:00:00,610.1695
2017-07-29 15:00:00,2017-07-29 15:00:00,607.0525
2017-07-29 16:00:00,2017-07-29 16:00:00,598.9315
2017-07-29 17:00:00,2017-07-29 17:00:00,583.3987
2017-07-29 18:00:00,2017-07-29 18:00:00,566.0842
2017-07-29 19:00:00,2017-07-29 19:00:00,548.6192
2017-07-29 20:00:00,2017-07-29 20:00:00,534.2575
2017-07-29 21:00:00,2017-07-29 21:00:00,537.1375
2017-07-29 22:00:00,2017-07-29 22:00:00,531.6278
2017-07-29 23:00:00,2017-07-29 23:00:00,529.946
2017-07-30 00:00:00,2017-07-30 00:00:00,526.4268
2017-07-30 01:00:00,2017-07-30 01:00:00,525.0538
2017-07-30 02:00:00,2017-07-30 02:00:00,524.411
2017-07-30 03:00:00,2017-07-30 03:00:00,525.707
2017-07-30 04:00:00,2017-07-30 04:00:00,535.3035
2017-07-30 05:00:00,2017-07-30 05:00:00,535.4915
2017-07-30 06:00:00,2017-07-30 06:00:00,550.0258
2017-07-30 07:00:00,2017-07-30 07:00:00,548.5363
2017-07-30 08:00:00,2017-07-30 08:00:00,543.0197
2017-07-30 09:00:00,2017-07-30 09:00:00,549.7468
2017-07-30 10:00:00,2017-07-30 10:00:00,568.7858
2017-07-30 11:00:00,2017-07-30 11:00:00,589.7028
2017-07-30 12:00:00,2017-07-30 12:00:00,612.2805
2017-07-30 13:00:00,2017-07-30 13:00:00,610.289
2017-07-30 14:00:00,2017-07-30 14:00:00,618.8417
2017-07-30 15:00:00,2017-07-30 15:00:00,619.0827
2017-07-30 16:00:00,2017-07-30 16:00:00,621.7755
2017-07-30 17:00:00,2017-07-30 17:00:00,617.0863
2017-07-30 18:00:00,2017-07-30 18:00:00,602.1438
2017-07-30 19:00:00,2017-07-30 19:00:00,586.335
2017-07-30 20:00:00,2017-07-30 20:00:00,569.3692
2017-07-30 21:00:00,2017-07-30 21:00:00,561.2142
2017-07-30 22:00:00,2017-07-30 22:00:00,557.26
2017-07-30 23:00:00,2017-07-30 23:00:00,556.5402
2017-07-31 00:00:00,2017-07-31 00:00:00,552.3845
2017-07-31 01:00:00,2017-07-31 01:00:00,548.2437
2017-07-31 02:00:00,2017-07-31 02:00:00,545.7973
2017-07-31 03:00:00,2017-07-31 03:00:00,549.6505
2017-07-31 04:00:00,2017-07-31 04:00:00,542.2622
2017-07-31 05:00:00,2017-07-31 05:00:00,539.074
2017-07-31 06:00:00,2017-07-31 06:00:00,551.6002
2017-07-31 07:00:00,2017-07-31 07:00:00,553.3327
2017-07-31 08:00:00,2017-07-31 08:00:00,567.057
2017-07-31 09:00:00,2017-07-31 09:00:00,594.33
2017-07-31 10:00:00,2017-07-31 10:00:00,613.5665
2017-07-31 11:00:00,2017-07-31 11:00:00,633.419
2017-07-31 12:00:00,2017-07-31 12:00:00,634.525
2017-07-31 13:00:00,2017-07-31 13:00:00,644.8355
2017-07-31 14:00:00,2017-07-31 14:00:00,646.9295
2017-07-31 15:00:00,2017-07-31 15:00:00,646.9283
2017-07-31 16:00:00,2017-07-31 16:00:00,641.2615
2017-07-31 17:00:00,2017-07-31 17:00:00,637.4402
2017-07-31 18:00:00,2017-07-31 18:00:00,606.0862
2017-07-31 19:00:00,2017-07-31 19:00:00,583.9063
2017-07-31 20:00:00,2017-07-31 20:00:00,556.2865
2017-07-31 21:00:00,2017-07-31 21:00:00,547.0658
2017-07-31 22:00:00,2017-07-31 22:00:00,542.4138
2017-07-31 23:00:00,2017-07-31 23:00:00,541.079
2017-08-01 00:00:00,2017-08-01 00:00:00,537.7935
2017-08-01 01:00:00,2017-08-01 01:00:00,537.3145
2017-08-01 02:00:00,2017-08-01 02:00:00,533.6712
2017-08-01 03:00:00,2017-08-01 03:00:00,532.7338
2017-08-01 04:00:00,2017-08-01 04:00:00,528.1427
2017-08-01 05:00:00,2017-08-01 05:00:00,528.1698
2017-08-01 06:00:00,2017-08-01 06:00:00,540.5318
2017-08-01 07:00:00,2017-08-01 07:00:00,544.8627
2017-08-01 08:00:00,2017-08-01 08:00:00,574.409
2017-08-01 09:00:00,2017-08-01 09:00:00,611.8735
2017-08-01 10:00:00,2017-08-01 10:00:00,635.2565
2017-08-01 11:00:00,2017-08-01 11:00:00,646.1477
2017-08-01 12:00:00,2017-08-01 12:00:00,649.18
2017-08-01 13:00:00,2017-08-01 13:00:00,648.2682
2017-08-01 14:00:00,2017-08-01 14:00:00,651.0272
2017-08-01 15:00:00,2017-08-01 15:00:00,649.3248
2017-08-01 16:00:00,2017-08-01 16:00:00,650.4735
2017-08-01 17:00:00,2017-08-01 17:00:00,653.1683
2017-08-01 18:00:00,2017-08-01 18:00:00,628.1195
2017-08-01 19:00:00,2017-08-01 19:00:00,614.3385
2017-08-01 20:00:00,2017-08-01 20:00:00,592.1207
2017-08-01 21:00:00,2017-08-01 21:00:00,582.6605
2017-08-01 22:00:00,2017-08-01 22:00:00,565.7422
2017-08-01 23:00:00,2017-08-01 23:00:00,561.863
2017-08-02 00:00:00,2017-08-02 00:00:00,557.9136
2017-08-02 01:00:00,2017-08-02 01:00:00,555.3515
2017-08-02 02:00:00,2017-08-02 02:00:00,556.2125
2017-08-02 03:00:00,2017-08-02 03:00:00,558.3192
2017-08-02 04:00:00,2017-08-02 04:00:00,558.5627
2017-08-02 05:00:00,2017-08-02 05:00:00,559.5945
2017-08-02 06:00:00,2017-08-02 06:00:00,563.2698
2017-08-02 07:00:00,2017-08-02 07:00:00,561.8057
2017-08-02 08:00:00,2017-08-02 08:00:00,582.0782
2017-08-02 09:00:00,2017-08-02 09:00:00,626.5206
2017-08-02 10:00:00,2017-08-02 10:00:00,644.231
2017-08-02 11:00:00,2017-08-02 11:00:00,651.8117
2017-08-02 12:00:00,2017-08-02 12:00:00,648.4018
2017-08-02 13:00:00,2017-08-02 13:00:00,648.9857
2017-08-02 14:00:00,2017-08-02 14:00:00,652.2687
2017-08-02 15:00:00,2017-08-02 15:00:00,607.0468
2017-08-02 16:00:00,2017-08-02 16:00:00,598.5095
2017-08-02 17:00:00,2017-08-02 17:00:00,595.2528
2017-08-02 18:00:00,2017-08-02 18:00:00,566.3146
2017-08-02 19:00:00,2017-08-02 19:00:00,563.4005
2017-08-02 20:00:00,2017-08-02 20:00:00,560.6583
2017-08-02 21:00:00,2017-08-02 21:00:00,558.4575
2017-08-02 22:00:00,2017-08-02 22:00:00,561.7825
2017-08-02 23:00:00,2017-08-02 23:00:00,569.574
2017-08-03 00:00:00,2017-08-03 00:00:00,563.6653
2017-08-03 01:00:00,2017-08-03 01:00:00,568.6438
2017-08-03 02:00:00,2017-08-03 02:00:00,572.9065
2017-08-03 03:00:00,2017-08-03 03:00:00,574.9125
2017-08-03 04:00:00,2017-08-03 04:00:00,569.7715
2017-08-03 05:00:00,2017-08-03 05:00:00,575.3807
2017-08-03 06:00:00,2017-08-03 06:00:00,592.8282
2017-08-03 07:00:00,2017-08-03 07:00:00,597.3677
2017-08-03 08:00:00,2017-08-03 08:00:00,606.455
2017-08-03 09:00:00,2017-08-03 09:00:00,620.1522
2017-08-03 10:00:00,2017-08-03 10:00:00,632.4195
2017-08-03 11:00:00,2017-08-03 11:00:00,638.3287
2017-08-03 12:00:00,2017-08-03 12:00:00,641.4585
2017-08-03 13:00:00,2017-08-03 13:00:00,644.9835
2017-08-03 14:00:00,2017-08-03 14:00:00,646.7285
2017-08-03 15:00:00,2017-08-03 15:00:00,649.0722
2017-08-03 16:00:00,2017-08-03 16:00:00,645.6463
2017-08-03 17:00:00,2017-08-03 17:00:00,645.2905
2017-08-03 18:00:00,2017-08-03 18:00:00,622.2108
2017-08-03 19:00:00,2017-08-03 19:00:00,615.47
2017-08-03 20:00:00,2017-08-03 20:00:00,611.9047
2017-08-03 21:00:00,2017-08-03 21:00:00,608.1739
2017-08-03 22:00:00,2017-08-03 22:00:00,604.1767
2017-08-03 23:00:00,2017-08-03 23:00:00,600.0313
2017-08-04 00:00:00,2017-08-04 00:00:00,597.219
2017-08-04 01:00:00,2017-08-04 01:00:00,594.6893
2017-08-04 02:00:00,2017-08-04 02:00:00,594.8802
2017-08-04 03:00:00,2017-08-04 03:00:00,597.126
2017-08-04 04:00:00,2017-08-04 04:00:00,596.8695
2017-08-04 05:00:00,2017-08-04 05:00:00,596.442
2017-08-04 06:00:00,2017-08-04 06:00:00,616.4115
2017-08-04 07:00:00,2017-08-04 07:00:00,621.4398
2017-08-04 08:00:00,2017-08-04 08:00:00,624.9917
2017-08-04 09:00:00,2017-08-04 09:00:00,632.734
2017-08-04 10:00:00,2017-08-04 10:00:00,638.3427
2017-08-04 11:00:00,2017-08-04 11:00:00,640.1185
2017-08-04 12:00:00,2017-08-04 12:00:00,642.5158
2017-08-04 13:00:00,2017-08-04 13:00:00,642.11
2017-08-04 14:00:00,2017-08-04 14:00:00,642.5032
2017-08-04 15:00:00,2017-08-04 15:00:00,640.7117
2017-08-04 16:00:00,2017-08-04 16:00:00,641.7765
2017-08-04 17:00:00,2017-08-04 17:00:00,640.755
2017-08-04 18:00:00,2017-08-04 18:00:00,616.8598
2017-08-04 19:00:00,2017-08-04 19:00:00,602.8948
2017-08-04 20:00:00,2017-08-04 20:00:00,602.5555
2017-08-04 21:00:00,2017-08-04 21:00:00,604.3228
2017-08-04 22:00:00,2017-08-04 22:00:00,601.819
2017-08-04 23:00:00,2017-08-04 23:00:00,599.3382
2017-08-05 00:00:00,2017-08-05 00:00:00,595.6872
2017-08-05 01:00:00,2017-08-05 01:00:00,592.2822
2017-08-05 02:00:00,2017-08-05 02:00:00,587.2825
2017-08-05 03:00:00,2017-08-05 03:00:00,587.3732
2017-08-05 04:00:00,2017-08-05 04:00:00,588.7502
2017-08-05 05:00:00,2017-08-05 05:00:00,584.4728
2017-08-05 06:00:00,2017-08-05 06:00:00,601.9135
2017-08-05 07:00:00,2017-08-05 07:00:00,601.5685
2017-08-05 08:00:00,2017-08-05 08:00:00,604.7245
2017-08-05 09:00:00,2017-08-05 09:00:00,610.3487
2017-08-05 10:00:00,2017-08-05 10:00:00,609.2694
2017-08-05 11:00:00,2017-08-05 11:00:00,614.091
2017-08-05 12:00:00,2017-08-05 12:00:00,614.484
2017-08-05 13:00:00,2017-08-05 13:00:00,616.7472
2017-08-05 14:00:00,2017-08-05 14:00:00,618.82
2017-08-05 15:00:00,2017-08-05 15:00:00,617.437
2017-08-05 16:00:00,2017-08-05 16:00:00,618.0817
2017-08-05 17:00:00,2017-08-05 17:00:00,613.3243
2017-08-05 18:00:00,2017-08-05 18:00:00,595.9928
2017-08-05 19:00:00,2017-08-05 19:00:00,594.0337
2017-08-05 20:00:00,2017-08-05 20:00:00,594.7783
2017-08-05 21:00:00,2017-08-05 21:00:00,598.5028
2017-08-05 22:00:00,2017-08-05 22:00:00,600.8498
2017-08-05 23:00:00,2017-08-05 23:00:00,597.9158
2017-08-06 00:00:00,2017-08-06 00:00:00,593.7815
2017-08-06 01:00:00,2017-08-06 01:00:00,592.27
2017-08-06 02:00:00,2017-08-06 02:00:00,594.3767
2017-08-06 03:00:00,2017-08-06 03:00:00,587.5272
2017-08-06 04:00:00,2017-08-06 04:00:00,581.03
2017-08-06 05:00:00,2017-08-06 05:00:00,577.2795
2017-08-06 06:00:00,2017-08-06 06:00:00,593.8322
2017-08-06 07:00:00,2017-08-06 07:00:00,595.8653
2017-08-06 08:00:00,2017-08-06 08:00:00,598.5872
2017-08-06 09:00:00,2017-08-06 09:00:00,600.3838
2017-08-06 10:00:00,2017-08-06 10:00:00,604.9408
2017-08-06 11:00:00,2017-08-06 11:00:00,602.361
2017-08-06 12:00:00,2017-08-06 12:00:00,615.7165
2017-08-06 13:00:00,2017-08-06 13:00:00,617.4915
2017-08-06 14:00:00,2017-08-06 14:00:00,617.8868
2017-08-06 15:00:00,2017-08-06 15:00:00,620.2877
2017-08-06 16:00:00,2017-08-06 16:00:00,619.4534
2017-08-06 17:00:00,2017-08-06 17:00:00,615.8302
2017-08-06 18:00:00,2017-08-06 18:00:00,596.5328
2017-08-06 19:00:00,2017-08-06 19:00:00,593.8335
2017-08-06 20:00:00,2017-08-06 20:00:00,592.917
2017-08-06 21:00:00,2017-08-06 21:00:00,584.633
2017-08-06 22:00:00,2017-08-06 22:00:00,582.596
2017-08-06 23:00:00,2017-08-06 23:00:00,580.1003
2017-08-07 00:00:00,2017-08-07 00:00:00,578.2695
2017-08-07 01:00:00,2017-08-07 01:00:00,576.224
2017-08-07 02:00:00,2017-08-07 02:00:00,575.7762
2017-08-07 03:00:00,2017-08-07 03:00:00,577.726
2017-08-07 04:00:00,2017-08-07 04:00:00,581.0273
2017-08-07 05:00:00,2017-08-07 05:00:00,574.5372
2017-08-07 06:00:00,2017-08-07 06:00:00,593.6237
2017-08-07 07:00:00,2017-08-07 07:00:00,592.9055
2017-08-07 08:00:00,2017-08-07 08:00:00,602.6445
2017-08-07 09:00:00,2017-08-07 09:00:00,610.1895
2017-08-07 10:00:00,2017-08-07 10:00:00,624.7968
2017-08-07 11:00:00,2017-08-07 11:00:00,638.6357
2017-08-07 12:00:00,2017-08-07 12:00:00,655.9943
2017-08-07 13:00:00,2017-08-07 13:00:00,653.35
2017-08-07 14:00:00,2017-08-07 14:00:00,659.8525
2017-08-07 15:00:00,2017-08-07 15:00:00,658.6347
2017-08-07 16:00:00,2017-08-07 16:00:00,645.2625
2017-08-07 17:00:00,2017-08-07 17:00:00,636.4573
2017-08-07 18:00:00,2017-08-07 18:00:00,619.1362
2017-08-07 19:00:00,2017-08-07 19:00:00,608.2245
2017-08-07 20:00:00,2017-08-07 20:00:00,606.042
2017-08-07 21:00:00,2017-08-07 21:00:00,606.083
2017-08-07 22:00:00,2017-08-07 22:00:00,593.3497
2017-08-07 23:00:00,2017-08-07 23:00:00,588.0513
2017-08-08 00:00:00,2017-08-08 00:00:00,586.2832
2017-08-08 01:00:00,2017-08-08 01:00:00,581.5673
2017-08-08 02:00:00,2017-08-08 02:00:00,576.3183
2017-08-08 03:00:00,2017-08-08 03:00:00,573.3395
2017-08-08 04:00:00,2017-08-08 04:00:00,565.408
2017-08-08 05:00:00,2017-08-08 05:00:00,559.409
2017-08-08 06:00:00,2017-08-08 06:00:00,577.6815
2017-08-08 07:00:00,2017-08-08 07:00:00,576.2873
2017-08-08 08:00:00,2017-08-08 08:00:00,580.4235
2017-08-08 09:00:00,2017-08-08 09:00:00,595.504
2017-08-08 10:00:00,2017-08-08 10:00:00,618.9038
2017-08-08 11:00:00,2017-08-08 11:00:00,631.129
2017-08-08 12:00:00,2017-08-08 12:00:00,638.7967
2017-08-08 13:00:00,2017-08-08 13:00:00,646.5995
2017-08-08 14:00:00,2017-08-08 14:00:00,654.5545
2017-08-08 15:00:00,2017-08-08 15:00:00,649.7932
2017-08-08 16:00:00,2017-08-08 16:00:00,642.4045
2017-08-08 17:00:00,2017-08-08 17:00:00,634.0908
2017-08-08 18:00:00,2017-08-08 18:00:00,615.5458
2017-08-08 19:00:00,2017-08-08 19:00:00,605.0638
2017-08-08 20:00:00,2017-08-08 20:00:00,597.352
2017-08-08 21:00:00,2017-08-08 21:00:00,594.1338
2017-08-08 22:00:00,2017-08-08 22:00:00,583.9788
2017-08-08 23:00:00,2017-08-08 23:00:00,583.151
2017-08-09 00:00:00,2017-08-09 00:00:00,576.7685
2017-08-09 01:00:00,2017-08-09 01:00:00,569.579
2017-08-09 02:00:00,2017-08-09 02:00:00,562.402
2017-08-09 03:00:00,2017-08-09 03:00:00,555.9935
2017-08-09 04:00:00,2017-08-09 04:00:00,558.2065
2017-08-09 05:00:00,2017-08-09 05:00:00,557.1858
2017-08-09 06:00:00,2017-08-09 06:00:00,571.6662
2017-08-09 07:00:00,2017-08-09 07:00:00,583.7207
2017-08-09 08:00:00,2017-08-09 08:00:00,590.3932
2017-08-09 09:00:00,2017-08-09 09:00:00,599.6038
2017-08-09 10:00:00,2017-08-09 10:00:00,613.3223
2017-08-09 11:00:00,2017-08-09 11:00:00,627.118
2017-08-09 12:00:00,2017-08-09 12:00:00,635.9558
2017-08-09 13:00:00,2017-08-09 13:00:00,638.5805
2017-08-09 14:00:00,2017-08-09 14:00:00,648.8592
2017-08-09 15:00:00,2017-08-09 15:00:00,650.0737
2017-08-09 16:00:00,2017-08-09 16:00:00,641.421
2017-08-09 17:00:00,2017-08-09 17:00:00,635.834
2017-08-09 18:00:00,2017-08-09 18:00:00,622.8577
2017-08-09 19:00:00,2017-08-09 19:00:00,616.5193
2017-08-09 20:00:00,2017-08-09 20:00:00,610.6097
2017-08-09 21:00:00,2017-08-09 21:00:00,609.7815
2017-08-09 22:00:00,2017-08-09 22:00:00,599.1236
2017-08-09 23:00:00,2017-08-09 23:00:00,597.9615
2017-08-10 00:00:00,2017-08-10 00:00:00,584.2218
2017-08-10 01:00:00,2017-08-10 01:00:00,577.6495
2017-08-10 02:00:00,2017-08-10 02:00:00,572.5328
2017-08-10 03:00:00,2017-08-10 03:00:00,560.7315
2017-08-10 04:00:00,2017-08-10 04:00:00,563.137
2017-08-10 05:00:00,2017-08-10 05:00:00,562.953
2017-08-10 06:00:00,2017-08-10 06:00:00,573.1705
2017-08-10 07:00:00,2017-08-10 07:00:00,578.4282
2017-08-10 08:00:00,2017-08-10 08:00:00,589.5208
2017-08-10 09:00:00,2017-08-10 09:00:00,599.5997
2017-08-10 10:00:00,2017-08-10 10:00:00,615.5057
2017-08-10 11:00:00,2017-08-10 11:00:00,631.9392
2017-08-10 12:00:00,2017-08-10 12:00:00,641.5247
2017-08-10 13:00:00,2017-08-10 13:00:00,646.8705
2017-08-10 14:00:00,2017-08-10 14:00:00,654.772
2017-08-10 15:00:00,2017-08-10 15:00:00,654.037
2017-08-10 16:00:00,2017-08-10 16:00:00,648.1987
2017-08-10 17:00:00,2017-08-10 17:00:00,636.0192
2017-08-10 18:00:00,2017-08-10 18:00:00,617.3657
2017-08-10 19:00:00,2017-08-10 19:00:00,598.7085
2017-08-10 20:00:00,2017-08-10 20:00:00,589.284
2017-08-10 21:00:00,2017-08-10 21:00:00,592.996
2017-08-10 22:00:00,2017-08-10 22:00:00,594.8655
2017-08-10 23:00:00,2017-08-10 23:00:00,580.8815
2017-08-11 00:00:00,2017-08-11 00:00:00,574.6747
2017-08-11 01:00:00,2017-08-11 01:00:00,565.7262
2017-08-11 02:00:00,2017-08-11 02:00:00,568.8465
2017-08-11 03:00:00,2017-08-11 03:00:00,571.9373
2017-08-11 04:00:00,2017-08-11 04:00:00,560.5945
2017-08-11 05:00:00,2017-08-11 05:00:00,561.5545
2017-08-11 06:00:00,2017-08-11 06:00:00,576.1745
2017-08-11 07:00:00,2017-08-11 07:00:00,586.0783
2017-08-11 08:00:00,2017-08-11 08:00:00,593.3022
2017-08-11 09:00:00,2017-08-11 09:00:00,593.8883
2017-08-11 10:00:00,2017-08-11 10:00:00,618.3923
2017-08-11 11:00:00,2017-08-11 11:00:00,641.4183
2017-08-11 12:00:00,2017-08-11 12:00:00,647.4562
2017-08-11 13:00:00,2017-08-11 13:00:00,649.8447
2017-08-11 14:00:00,2017-08-11 14:00:00,651.3198
2017-08-11 15:00:00,2017-08-11 15:00:00,653.1438
2017-08-11 16:00:00,2017-08-11 16:00:00,645.951
2017-08-11 17:00:00,2017-08-11 17:00:00,651.4658
2017-08-11 18:00:00,2017-08-11 18:00:00,619.0768
2017-08-11 19:00:00,2017-08-11 19:00:00,605.0208
2017-08-11 20:00:00,2017-08-11 20:00:00,596.9132
2017-08-11 21:00:00,2017-08-11 21:00:00,595.7368
2017-08-11 22:00:00,2017-08-11 22:00:00,590.1547
2017-08-11 23:00:00,2017-08-11 23:00:00,584.954
2017-08-12 00:00:00,2017-08-12 00:00:00,575.0395
2017-08-12 01:00:00,2017-08-12 01:00:00,572.5378
2017-08-12 02:00:00,2017-08-12 02:00:00,559.956
2017-08-12 03:00:00,2017-08-12 03:00:00,556.3365
2017-08-12 04:00:00,2017-08-12 04:00:00,552.07
2017-08-12 05:00:00,2017-08-12 05:00:00,550.4458
2017-08-12 06:00:00,2017-08-12 06:00:00,558.4588
2017-08-12 07:00:00,2017-08-12 07:00:00,557.185
2017-08-12 08:00:00,2017-08-12 08:00:00,560.4057
2017-08-12 09:00:00,2017-08-12 09:00:00,568.5595
2017-08-12 10:00:00,2017-08-12 10:00:00,572.1042
2017-08-12 11:00:00,2017-08-12 11:00:00,585.787
2017-08-12 12:00:00,2017-08-12 12:00:00,601.5677
2017-08-12 13:00:00,2017-08-12 13:00:00,616.9298
2017-08-12 14:00:00,2017-08-12 14:00:00,622.5815
2017-08-12 15:00:00,2017-08-12 15:00:00,622.1438
2017-08-12 16:00:00,2017-08-12 16:00:00,624.9785
2017-08-12 17:00:00,2017-08-12 17:00:00,618.4925
2017-08-12 18:00:00,2017-08-12 18:00:00,597.1923
2017-08-12 19:00:00,2017-08-12 19:00:00,588.5373
2017-08-12 20:00:00,2017-08-12 20:00:00,584.7626
2017-08-12 21:00:00,2017-08-12 21:00:00,573.63
2017-08-12 22:00:00,2017-08-12 22:00:00,555.534
2017-08-12 23:00:00,2017-08-12 23:00:00,546.5418
2017-08-13 00:00:00,2017-08-13 00:00:00,550.4698
2017-08-13 01:00:00,2017-08-13 01:00:00,556.949
2017-08-13 02:00:00,2017-08-13 02:00:00,545.7135
2017-08-13 03:00:00,2017-08-13 03:00:00,544.3375
2017-08-13 04:00:00,2017-08-13 04:00:00,541.804
2017-08-13 05:00:00,2017-08-13 05:00:00,538.7895
2017-08-13 06:00:00,2017-08-13 06:00:00,551.653
2017-08-13 07:00:00,2017-08-13 07:00:00,549.3627
2017-08-13 08:00:00,2017-08-13 08:00:00,550.6977
2017-08-13 09:00:00,2017-08-13 09:00:00,553.157
2017-08-13 10:00:00,2017-08-13 10:00:00,571.1568
2017-08-13 11:00:00,2017-08-13 11:00:00,591.1823
2017-08-13 12:00:00,2017-08-13 12:00:00,608.4925
2017-08-13 13:00:00,2017-08-13 13:00:00,622.2143
2017-08-13 14:00:00,2017-08-13 14:00:00,625.2397
2017-08-13 15:00:00,2017-08-13 15:00:00,624.294
2017-08-13 16:00:00,2017-08-13 16:00:00,623.786
2017-08-13 17:00:00,2017-08-13 17:00:00,616.5277
2017-08-13 18:00:00,2017-08-13 18:00:00,600.8973
2017-08-13 19:00:00,2017-08-13 19:00:00,600.3238
2017-08-13 20:00:00,2017-08-13 20:00:00,598.142
2017-08-13 21:00:00,2017-08-13 21:00:00,594.6805
2017-08-13 22:00:00,2017-08-13 22:00:00,594.7833
2017-08-13 23:00:00,2017-08-13 23:00:00,591.2243
2017-08-14 00:00:00,2017-08-14 00:00:00,583.8777
2017-08-14 01:00:00,2017-08-14 01:00:00,587.0925
2017-08-14 02:00:00,2017-08-14 02:00:00,577.299
2017-08-14 03:00:00,2017-08-14 03:00:00,570.425
2017-08-14 04:00:00,2017-08-14 04:00:00,566.0092
2017-08-14 05:00:00,2017-08-14 05:00:00,554.2428
2017-08-14 06:00:00,2017-08-14 06:00:00,558.7627
2017-08-14 07:00:00,2017-08-14 07:00:00,557.7625
2017-08-14 08:00:00,2017-08-14 08:00:00,566.7543
2017-08-14 09:00:00,2017-08-14 09:00:00,554.988
2017-08-14 10:00:00,2017-08-14 10:00:00,593.2013
2017-08-14 11:00:00,2017-08-14 11:00:00,569.739
2017-08-14 12:00:00,2017-08-14 12:00:00,571.6627
2017-08-14 13:00:00,2017-08-14 13:00:00,572.464
2017-08-14 14:00:00,2017-08-14 14:00:00,581.7052
2017-08-14 15:00:00,2017-08-14 15:00:00,592.9155
2017-08-14 16:00:00,2017-08-14 16:00:00,580.8162
2017-08-14 17:00:00,2017-08-14 17:00:00,575.6603
2017-08-14 18:00:00,2017-08-14 18:00:00,546.0473
2017-08-14 19:00:00,2017-08-14 19:00:00,541.3437
2017-08-14 20:00:00,2017-08-14 20:00:00,535.3302
2017-08-14 21:00:00,2017-08-14 21:00:00,530.799
2017-08-14 22:00:00,2017-08-14 22:00:00,533.3382
2017-08-14 23:00:00,2017-08-14 23:00:00,529.2882
2017-08-15 00:00:00,2017-08-15 00:00:00,519.5072
2017-08-15 01:00:00,2017-08-15 01:00:00,522.2795
2017-08-15 02:00:00,2017-08-15 02:00:00,520.4153
2017-08-15 03:00:00,2017-08-15 03:00:00,517.1468
2017-08-15 04:00:00,2017-08-15 04:00:00,518.592
2017-08-15 05:00:00,2017-08-15 05:00:00,518.4387
2017-08-15 06:00:00,2017-08-15 06:00:00,535.0588
2017-08-15 07:00:00,2017-08-15 07:00:00,542.1395
2017-08-15 08:00:00,2017-08-15 08:00:00,552.9315
2017-08-15 09:00:00,2017-08-15 09:00:00,561.394
2017-08-15 10:00:00,2017-08-15 10:00:00,578.5318
2017-08-15 11:00:00,2017-08-15 11:00:00,589.8455
2017-08-15 12:00:00,2017-08-15 12:00:00,618.754
2017-08-15 13:00:00,2017-08-15 13:00:00,619.131
2017-08-15 14:00:00,2017-08-15 14:00:00,617.1305
2017-08-15 15:00:00,2017-08-15 15:00:00,624.7003
2017-08-15 16:00:00,2017-08-15 16:00:00,630.6298
2017-08-15 17:00:00,2017-08-15 17:00:00,619.285
2017-08-15 18:00:00,2017-08-15 18:00:00,559.0622
2017-08-15 19:00:00,2017-08-15 19:00:00,539.977
2017-08-15 20:00:00,2017-08-15 20:00:00,530.0482
2017-08-15 21:00:00,2017-08-15 21:00:00,531.3782
2017-08-15 22:00:00,2017-08-15 22:00:00,527.6668
2017-08-15 23:00:00,2017-08-15 23:00:00,525.032
2017-08-16 00:00:00,2017-08-16 00:00:00,527.3653
2017-08-16 01:00:00,2017-08-16 01:00:00,519.014
2017-08-16 02:00:00,2017-08-16 02:00:00,521.8867
2017-08-16 03:00:00,2017-08-16 03:00:00,530.4582
2017-08-16 04:00:00,2017-08-16 04:00:00,535.661
2017-08-16 05:00:00,2017-08-16 05:00:00,533.548
2017-08-16 06:00:00,2017-08-16 06:00:00,552.4895
2017-08-16 07:00:00,2017-08-16 07:00:00,556.351
2017-08-16 08:00:00,2017-08-16 08:00:00,588.9273
2017-08-16 09:00:00,2017-08-16 09:00:00,603.041
2017-08-16 10:00:00,2017-08-16 10:00:00,614.8852
2017-08-16 11:00:00,2017-08-16 11:00:00,637.0012
2017-08-16 12:00:00,2017-08-16 12:00:00,641.3455
2017-08-16 13:00:00,2017-08-16 13:00:00,644.7642
2017-08-16 14:00:00,2017-08-16 14:00:00,644.7675
2017-08-16 15:00:00,2017-08-16 15:00:00,642.877
2017-08-16 16:00:00,2017-08-16 16:00:00,644.577
2017-08-16 17:00:00,2017-08-16 17:00:00,636.1425
2017-08-16 18:00:00,2017-08-16 18:00:00,609.4447
2017-08-16 19:00:00,2017-08-16 19:00:00,598.5138
2017-08-16 20:00:00,2017-08-16 20:00:00,598.6647
2017-08-16 21:00:00,2017-08-16 21:00:00,598.5007
2017-08-16 22:00:00,2017-08-16 22:00:00,593.7452
2017-08-16 23:00:00,2017-08-16 23:00:00,590.4725
2017-08-17 00:00:00,2017-08-17 00:00:00,586.277
2017-08-17 01:00:00,2017-08-17 01:00:00,580.2288
2017-08-17 02:00:00,2017-08-17 02:00:00,581.8537
2017-08-17 03:00:00,2017-08-17 03:00:00,577.8073
2017-08-17 04:00:00,2017-08-17 04:00:00,573.4885
2017-08-17 05:00:00,2017-08-17 05:00:00,575.2252
2017-08-17 06:00:00,2017-08-17 06:00:00,594.9872
2017-08-17 07:00:00,2017-08-17 07:00:00,600.4435
2017-08-17 08:00:00,2017-08-17 08:00:00,606.7378
2017-08-17 09:00:00,2017-08-17 09:00:00,616.0008
2017-08-17 10:00:00,2017-08-17 10:00:00,623.0813
2017-08-17 11:00:00,2017-08-17 11:00:00,630.8375
2017-08-17 12:00:00,2017-08-17 12:00:00,643.9112
2017-08-17 13:00:00,2017-08-17 13:00:00,644.8092
2017-08-17 14:00:00,2017-08-17 14:00:00,646.3185
2017-08-17 15:00:00,2017-08-17 15:00:00,651.799
2017-08-17 16:00:00,2017-08-17 16:00:00,650.128
2017-08-17 17:00:00,2017-08-17 17:00:00,640.907
2017-08-17 18:00:00,2017-08-17 18:00:00,616.7117
2017-08-17 19:00:00,2017-08-17 19:00:00,604.6778
2017-08-17 20:00:00,2017-08-17 20:00:00,595.1565
2017-08-17 21:00:00,2017-08-17 21:00:00,590.289
2017-08-17 22:00:00,2017-08-17 22:00:00,594.4395
2017-08-17 23:00:00,2017-08-17 23:00:00,587.976
2017-08-18 00:00:00,2017-08-18 00:00:00,582.3572
2017-08-18 01:00:00,2017-08-18 01:00:00,554.7222
2017-08-18 02:00:00,2017-08-18 02:00:00,569.707
2017-08-18 03:00:00,2017-08-18 03:00:00,577.7605
2017-08-18 04:00:00,2017-08-18 04:00:00,573.71
2017-08-18 05:00:00,2017-08-18 05:00:00,547.5895
2017-08-18 06:00:00,2017-08-18 06:00:00,556.231
2017-08-18 07:00:00,2017-08-18 07:00:00,568.9158
2017-08-18 08:00:00,2017-08-18 08:00:00,605.246
2017-08-18 09:00:00,2017-08-18 09:00:00,615.927
2017-08-18 10:00:00,2017-08-18 10:00:00,628.6535
2017-08-18 11:00:00,2017-08-18 11:00:00,647.3102
2017-08-18 12:00:00,2017-08-18 12:00:00,647.0017
2017-08-18 13:00:00,2017-08-18 13:00:00,652.6175
2017-08-18 14:00:00,2017-08-18 14:00:00,654.2452
2017-08-18 15:00:00,2017-08-18 15:00:00,652.1578
2017-08-18 16:00:00,2017-08-18 16:00:00,655.0457
2017-08-18 17:00:00,2017-08-18 17:00:00,645.9978
2017-08-18 18:00:00,2017-08-18 18:00:00,613.3522
2017-08-18 19:00:00,2017-08-18 19:00:00,607.3793
2017-08-18 20:00:00,2017-08-18 20:00:00,599.5808
2017-08-18 21:00:00,2017-08-18 21:00:00,603.3665
2017-08-18 22:00:00,2017-08-18 22:00:00,599.5517
2017-08-18 23:00:00,2017-08-18 23:00:00,596.7122
2017-08-19 00:00:00,2017-08-19 00:00:00,592.427
2017-08-19 01:00:00,2017-08-19 01:00:00,590.2393
2017-08-19 02:00:00,2017-08-19 02:00:00,590.2163
2017-08-19 03:00:00,2017-08-19 03:00:00,583.3397
2017-08-19 04:00:00,2017-08-19 04:00:00,584.2465
2017-08-19 05:00:00,2017-08-19 05:00:00,578.4425
2017-08-19 06:00:00,2017-08-19 06:00:00,592.5467
2017-08-19 07:00:00,2017-08-19 07:00:00,598.6055
2017-08-19 08:00:00,2017-08-19 08:00:00,601.2943
2017-08-19 09:00:00,2017-08-19 09:00:00,595.2605
2017-08-19 10:00:00,2017-08-19 10:00:00,601.7928
2017-08-19 11:00:00,2017-08-19 11:00:00,610.058
2017-08-19 12:00:00,2017-08-19 12:00:00,620.8715
2017-08-19 13:00:00,2017-08-19 13:00:00,629.9445
2017-08-19 14:00:00,2017-08-19 14:00:00,633.2952
2017-08-19 15:00:00,2017-08-19 15:00:00,639.598
2017-08-19 16:00:00,2017-08-19 16:00:00,624.8753
2017-08-19 17:00:00,2017-08-19 17:00:00,623.7133
2017-08-19 18:00:00,2017-08-19 18:00:00,601.532
2017-08-19 19:00:00,2017-08-19 19:00:00,595.7012
2017-08-19 20:00:00,2017-08-19 20:00:00,590.9085
2017-08-19 21:00:00,2017-08-19 21:00:00,593.769
2017-08-19 22:00:00,2017-08-19 22:00:00,590.658
2017-08-19 23:00:00,2017-08-19 23:00:00,588.8115
2017-08-20 00:00:00,2017-08-20 00:00:00,584.2152
2017-08-20 01:00:00,2017-08-20 01:00:00,584.4455
2017-08-20 02:00:00,2017-08-20 02:00:00,586.549
2017-08-20 03:00:00,2017-08-20 03:00:00,585.2345
2017-08-20 04:00:00,2017-08-20 04:00:00,580.9632
2017-08-20 05:00:00,2017-08-20 05:00:00,582.4047
2017-08-20 06:00:00,2017-08-20 06:00:00,597.9467
2017-08-20 07:00:00,2017-08-20 07:00:00,604.019
2017-08-20 08:00:00,2017-08-20 08:00:00,603.6232
2017-08-20 09:00:00,2017-08-20 09:00:00,604.3807
2017-08-20 10:00:00,2017-08-20 10:00:00,610.443
2017-08-20 11:00:00,2017-08-20 11:00:00,619.4598
2017-08-20 12:00:00,2017-08-20 12:00:00,621.6045
2017-08-20 13:00:00,2017-08-20 13:00:00,620.8543
2017-08-20 14:00:00,2017-08-20 14:00:00,624.7378
2017-08-20 15:00:00,2017-08-20 15:00:00,625.1202
2017-08-20 16:00:00,2017-08-20 16:00:00,628.7488
2017-08-20 17:00:00,2017-08-20 17:00:00,627.301
2017-08-20 18:00:00,2017-08-20 18:00:00,615.3113
2017-08-20 19:00:00,2017-08-20 19:00:00,609.9215
2017-08-20 20:00:00,2017-08-20 20:00:00,603.3507
2017-08-20 21:00:00,2017-08-20 21:00:00,603.7462
2017-08-20 22:00:00,2017-08-20 22:00:00,602.7205
2017-08-20 23:00:00,2017-08-20 23:00:00,602.4032
2017-08-21 00:00:00,2017-08-21 00:00:00,597.465
2017-08-21 01:00:00,2017-08-21 01:00:00,593.7695
2017-08-21 02:00:00,2017-08-21 02:00:00,597.0358
2017-08-21 03:00:00,2017-08-21 03:00:00,598.1518
2017-08-21 04:00:00,2017-08-21 04:00:00,590.2745
2017-08-21 05:00:00,2017-08-21 05:00:00,593.793
2017-08-21 06:00:00,2017-08-21 06:00:00,611.6885
2017-08-21 07:00:00,2017-08-21 07:00:00,612.4832
2017-08-21 08:00:00,2017-08-21 08:00:00,632.2013
2017-08-21 09:00:00,2017-08-21 09:00:00,635.9262
2017-08-21 10:00:00,2017-08-21 10:00:00,641.122
2017-08-21 11:00:00,2017-08-21 11:00:00,645.1828
2017-08-21 12:00:00,2017-08-21 12:00:00,649.4995
2017-08-21 13:00:00,2017-08-21 13:00:00,653.9433
2017-08-21 14:00:00,2017-08-21 14:00:00,656.5208
2017-08-21 15:00:00,2017-08-21 15:00:00,656.6765
2017-08-21 16:00:00,2017-08-21 16:00:00,660.568
2017-08-21 17:00:00,2017-08-21 17:00:00,655.3865
2017-08-21 18:00:00,2017-08-21 18:00:00,632.9408
2017-08-21 19:00:00,2017-08-21 19:00:00,621.7755
2017-08-21 20:00:00,2017-08-21 20:00:00,615.2198
2017-08-21 21:00:00,2017-08-21 21:00:00,614.032
2017-08-21 22:00:00,2017-08-21 22:00:00,607.8977
2017-08-21 23:00:00,2017-08-21 23:00:00,606.9177
2017-08-22 00:00:00,2017-08-22 00:00:00,592.5967
2017-08-22 01:00:00,2017-08-22 01:00:00,585.3722
2017-08-22 02:00:00,2017-08-22 02:00:00,586.9742
2017-08-22 03:00:00,2017-08-22 03:00:00,590.5995
2017-08-22 04:00:00,2017-08-22 04:00:00,590.8492
2017-08-22 05:00:00,2017-08-22 05:00:00,586.7902
2017-08-22 06:00:00,2017-08-22 06:00:00,599.7482
2017-08-22 07:00:00,2017-08-22 07:00:00,604.8763
2017-08-22 08:00:00,2017-08-22 08:00:00,609.2285
2017-08-22 09:00:00,2017-08-22 09:00:00,621.7783
2017-08-22 10:00:00,2017-08-22 10:00:00,639.4163
2017-08-22 11:00:00,2017-08-22 11:00:00,655.2065
2017-08-22 12:00:00,2017-08-22 12:00:00,650.664
2017-08-22 13:00:00,2017-08-22 13:00:00,654.7138
2017-08-22 14:00:00,2017-08-22 14:00:00,652.5115
2017-08-22 15:00:00,2017-08-22 15:00:00,685.1668
2017-08-22 16:00:00,2017-08-22 16:00:00,648.1427
2017-08-22 17:00:00,2017-08-22 17:00:00,602.156
2017-08-22 18:00:00,2017-08-22 18:00:00,584.4893
2017-08-22 19:00:00,2017-08-22 19:00:00,577.5675
2017-08-22 20:00:00,2017-08-22 20:00:00,564.8383
2017-08-22 21:00:00,2017-08-22 21:00:00,559.7648
2017-08-22 22:00:00,2017-08-22 22:00:00,555.1385
2017-08-22 23:00:00,2017-08-22 23:00:00,554.141
2017-08-23 00:00:00,2017-08-23 00:00:00,548.7342
2017-08-23 01:00:00,2017-08-23 01:00:00,546.3112
2017-08-23 02:00:00,2017-08-23 02:00:00,544.6778
2017-08-23 03:00:00,2017-08-23 03:00:00,537.6888
2017-08-23 04:00:00,2017-08-23 04:00:00,506.7143
2017-08-23 05:00:00,2017-08-23 05:00:00,502.233
2017-08-23 06:00:00,2017-08-23 06:00:00,516.2158
2017-08-23 07:00:00,2017-08-23 07:00:00,521.1133
2017-08-23 08:00:00,2017-08-23 08:00:00,532.596
2017-08-23 09:00:00,2017-08-23 09:00:00,541.795
2017-08-23 10:00:00,2017-08-23 10:00:00,552.3742
2017-08-23 11:00:00,2017-08-23 11:00:00,567.4602
2017-08-23 12:00:00,2017-08-23 12:00:00,582.033
2017-08-23 13:00:00,2017-08-23 13:00:00,574.9848
2017-08-23 14:00:00,2017-08-23 14:00:00,565.4948
2017-08-23 15:00:00,2017-08-23 15:00:00,571.1605
2017-08-23 16:00:00,2017-08-23 16:00:00,572.454
2017-08-23 17:00:00,2017-08-23 17:00:00,558.0448
2017-08-23 18:00:00,2017-08-23 18:00:00,543.1387
2017-08-23 19:00:00,2017-08-23 19:00:00,566.898
2017-08-23 20:00:00,2017-08-23 20:00:00,551.8623
2017-08-23 21:00:00,2017-08-23 21:00:00,544.2525
2017-08-23 22:00:00,2017-08-23 22:00:00,546.9517
2017-08-23 23:00:00,2017-08-23 23:00:00,546.3077
2017-08-24 00:00:00,2017-08-24 00:00:00,534.9708
2017-08-24 01:00:00,2017-08-24 01:00:00,504.4502
2017-08-24 02:00:00,2017-08-24 02:00:00,505.9438
2017-08-24 03:00:00,2017-08-24 03:00:00,506.4905
2017-08-24 04:00:00,2017-08-24 04:00:00,507.436
2017-08-24 05:00:00,2017-08-24 05:00:00,506.3407
2017-08-24 06:00:00,2017-08-24 06:00:00,540.833
2017-08-24 07:00:00,2017-08-24 07:00:00,540.537
2017-08-24 08:00:00,2017-08-24 08:00:00,534.926
2017-08-24 09:00:00,2017-08-24 09:00:00,543.126
2017-08-24 10:00:00,2017-08-24 10:00:00,546.0732
2017-08-24 11:00:00,2017-08-24 11:00:00,550.9662
2017-08-24 12:00:00,2017-08-24 12:00:00,558.8363
2017-08-24 13:00:00,2017-08-24 13:00:00,570.535
2017-08-24 14:00:00,2017-08-24 14:00:00,573.095
2017-08-24 15:00:00,2017-08-24 15:00:00,567.623
2017-08-24 16:00:00,2017-08-24 16:00:00,600.8973
2017-08-24 17:00:00,2017-08-24 17:00:00,598.5868
2017-08-24 18:00:00,2017-08-24 18:00:00,571.8805
2017-08-24 19:00:00,2017-08-24 19:00:00,555.3282
2017-08-24 20:00:00,2017-08-24 20:00:00,538.5835
2017-08-24 21:00:00,2017-08-24 21:00:00,519.6815
2017-08-24 22:00:00,2017-08-24 22:00:00,513.5255
2017-08-24 23:00:00,2017-08-24 23:00:00,503.9535
2017-08-25 00:00:00,2017-08-25 00:00:00,498.2645
2017-08-25 01:00:00,2017-08-25 01:00:00,494.6603
2017-08-25 02:00:00,2017-08-25 02:00:00,493.5272
2017-08-25 03:00:00,2017-08-25 03:00:00,487.6165
2017-08-25 04:00:00,2017-08-25 04:00:00,481.4058
2017-08-25 05:00:00,2017-08-25 05:00:00,478.5975
2017-08-25 06:00:00,2017-08-25 06:00:00,493.1127
2017-08-25 07:00:00,2017-08-25 07:00:00,499.9627
2017-08-25 08:00:00,2017-08-25 08:00:00,514.9645
2017-08-25 09:00:00,2017-08-25 09:00:00,340.1825
2017-08-25 10:00:00,2017-08-25 10:00:00,354.8185
2017-08-25 11:00:00,2017-08-25 11:00:00,460.636
2017-08-25 12:00:00,2017-08-25 12:00:00,549.6665
2017-08-25 13:00:00,2017-08-25 13:00:00,580.586
2017-08-25 14:00:00,2017-08-25 14:00:00,581.3293
2017-08-25 15:00:00,2017-08-25 15:00:00,577.6145
2017-08-25 16:00:00,2017-08-25 16:00:00,576.1823
2017-08-25 17:00:00,2017-08-25 17:00:00,568.736
2017-08-25 18:00:00,2017-08-25 18:00:00,544.1987
2017-08-25 19:00:00,2017-08-25 19:00:00,526.4565
2017-08-25 20:00:00,2017-08-25 20:00:00,496.793
2017-08-25 21:00:00,2017-08-25 21:00:00,469.143
2017-08-25 22:00:00,2017-08-25 22:00:00,457.617
2017-08-25 23:00:00,2017-08-25 23:00:00,444.855
2017-08-26 00:00:00,2017-08-26 00:00:00,437.5565
2017-08-26 01:00:00,2017-08-26 01:00:00,434.324
2017-08-26 02:00:00,2017-08-26 02:00:00,430.4163
2017-08-26 03:00:00,2017-08-26 03:00:00,428.8162
2017-08-26 04:00:00,2017-08-26 04:00:00,419.564
2017-08-26 05:00:00,2017-08-26 05:00:00,425.8035
2017-08-26 06:00:00,2017-08-26 06:00:00,444.6828
2017-08-26 07:00:00,2017-08-26 07:00:00,454.0003
2017-08-26 08:00:00,2017-08-26 08:00:00,468.5402
2017-08-26 09:00:00,2017-08-26 09:00:00,496.231
2017-08-26 10:00:00,2017-08-26 10:00:00,509.0967
2017-08-26 11:00:00,2017-08-26 11:00:00,569.4425
2017-08-26 12:00:00,2017-08-26 12:00:00,542.662
2017-08-26 13:00:00,2017-08-26 13:00:00,613.7627
2017-08-26 14:00:00,2017-08-26 14:00:00,560.1958
2017-08-26 15:00:00,2017-08-26 15:00:00,599.96
2017-08-26 16:00:00,2017-08-26 16:00:00,550.4385
2017-08-26 17:00:00,2017-08-26 17:00:00,550.6987
2017-08-26 18:00:00,2017-08-26 18:00:00,552.9743
2017-08-26 19:00:00,2017-08-26 19:00:00,539.698
2017-08-26 20:00:00,2017-08-26 20:00:00,535.5488
2017-08-26 21:00:00,2017-08-26 21:00:00,531.1628
2017-08-26 22:00:00,2017-08-26 22:00:00,511.9003
2017-08-26 23:00:00,2017-08-26 23:00:00,482.8742
2017-08-27 00:00:00,2017-08-27 00:00:00,511.5145
2017-08-27 01:00:00,2017-08-27 01:00:00,477.8727
2017-08-27 02:00:00,2017-08-27 02:00:00,494.238
2017-08-27 03:00:00,2017-08-27 03:00:00,505.617
2017-08-27 04:00:00,2017-08-27 04:00:00,490.927
2017-08-27 05:00:00,2017-08-27 05:00:00,492.8932
2017-08-27 06:00:00,2017-08-27 06:00:00,508.9273
2017-08-27 07:00:00,2017-08-27 07:00:00,523.4442
2017-08-27 08:00:00,2017-08-27 08:00:00,534.1737
2017-08-27 09:00:00,2017-08-27 09:00:00,545.8908
2017-08-27 10:00:00,2017-08-27 10:00:00,560.6412
2017-08-27 11:00:00,2017-08-27 11:00:00,584.043
2017-08-27 12:00:00,2017-08-27 12:00:00,598.6767
2017-08-27 13:00:00,2017-08-27 13:00:00,608.3285
2017-08-27 14:00:00,2017-08-27 14:00:00,604.4038
2017-08-27 15:00:00,2017-08-27 15:00:00,573.1103
2017-08-27 16:00:00,2017-08-27 16:00:00,577.3515
2017-08-27 17:00:00,2017-08-27 17:00:00,577.7763
2017-08-27 18:00:00,2017-08-27 18:00:00,536.64
2017-08-27 19:00:00,2017-08-27 19:00:00,551.5025
2017-08-27 20:00:00,2017-08-27 20:00:00,531.6135
2017-08-27 21:00:00,2017-08-27 21:00:00,533.6972
2017-08-27 22:00:00,2017-08-27 22:00:00,529.0547
2017-08-27 23:00:00,2017-08-27 23:00:00,534.0505
2017-08-28 00:00:00,2017-08-28 00:00:00,534.065
2017-08-28 01:00:00,2017-08-28 01:00:00,523.5363
2017-08-28 02:00:00,2017-08-28 02:00:00,516.7643
2017-08-28 03:00:00,2017-08-28 03:00:00,515.6565
2017-08-28 04:00:00,2017-08-28 04:00:00,511.6477
2017-08-28 05:00:00,2017-08-28 05:00:00,512.9115
2017-08-28 06:00:00,2017-08-28 06:00:00,524.143
2017-08-28 07:00:00,2017-08-28 07:00:00,491.3725
2017-08-28 08:00:00,2017-08-28 08:00:00,504.5697
2017-08-28 09:00:00,2017-08-28 09:00:00,519.272
2017-08-28 10:00:00,2017-08-28 10:00:00,535.1782
2017-08-28 11:00:00,2017-08-28 11:00:00,587.9127
2017-08-28 12:00:00,2017-08-28 12:00:00,538.1732
2017-08-28 13:00:00,2017-08-28 13:00:00,548.824
2017-08-28 14:00:00,2017-08-28 14:00:00,621.7048
2017-08-28 15:00:00,2017-08-28 15:00:00,630.5623
2017-08-28 16:00:00,2017-08-28 16:00:00,599.9665
2017-08-28 17:00:00,2017-08-28 17:00:00,586.7158
2017-08-28 18:00:00,2017-08-28 18:00:00,556.5992
2017-08-28 19:00:00,2017-08-28 19:00:00,551.4122
2017-08-28 20:00:00,2017-08-28 20:00:00,538.8372
2017-08-28 21:00:00,2017-08-28 21:00:00,535.7122
2017-08-28 22:00:00,2017-08-28 22:00:00,529.335
2017-08-28 23:00:00,2017-08-28 23:00:00,525.4085
2017-08-29 00:00:00,2017-08-29 00:00:00,513.5588
2017-08-29 01:00:00,2017-08-29 01:00:00,513.7895
2017-08-29 02:00:00,2017-08-29 02:00:00,515.4008
2017-08-29 03:00:00,2017-08-29 03:00:00,509.0483
2017-08-29 04:00:00,2017-08-29 04:00:00,503.4808
2017-08-29 05:00:00,2017-08-29 05:00:00,488.2932
2017-08-29 06:00:00,2017-08-29 06:00:00,486.572
2017-08-29 07:00:00,2017-08-29 07:00:00,485.9235
2017-08-29 08:00:00,2017-08-29 08:00:00,494.4345
2017-08-29 09:00:00,2017-08-29 09:00:00,508.7945
2017-08-29 10:00:00,2017-08-29 10:00:00,528.443
2017-08-29 11:00:00,2017-08-29 11:00:00,531.332
2017-08-29 12:00:00,2017-08-29 12:00:00,534.6385
2017-08-29 13:00:00,2017-08-29 13:00:00,543.7595
2017-08-29 14:00:00,2017-08-29 14:00:00,550.137
2017-08-29 15:00:00,2017-08-29 15:00:00,548.9462
2017-08-29 16:00:00,2017-08-29 16:00:00,528.5962
2017-08-29 17:00:00,2017-08-29 17:00:00,574.2688
2017-08-29 18:00:00,2017-08-29 18:00:00,548.3222
2017-08-29 19:00:00,2017-08-29 19:00:00,536.111
2017-08-29 20:00:00,2017-08-29 20:00:00,535.135
2017-08-29 21:00:00,2017-08-29 21:00:00,528.1647
2017-08-29 22:00:00,2017-08-29 22:00:00,520.9408
2017-08-29 23:00:00,2017-08-29 23:00:00,515.7658
2017-08-30 00:00:00,2017-08-30 00:00:00,500.0602
2017-08-30 01:00:00,2017-08-30 01:00:00,474.5772
2017-08-30 02:00:00,2017-08-30 02:00:00,457.0615
2017-08-30 03:00:00,2017-08-30 03:00:00,455.4178
2017-08-30 04:00:00,2017-08-30 04:00:00,453.0288
2017-08-30 05:00:00,2017-08-30 05:00:00,444.5192
2017-08-30 06:00:00,2017-08-30 06:00:00,458.8945
2017-08-30 07:00:00,2017-08-30 07:00:00,463.323
2017-08-30 08:00:00,2017-08-30 08:00:00,473.5852
2017-08-30 09:00:00,2017-08-30 09:00:00,489.4155
2017-08-30 10:00:00,2017-08-30 10:00:00,512.2142
2017-08-30 11:00:00,2017-08-30 11:00:00,530.604
2017-08-30 12:00:00,2017-08-30 12:00:00,544.402
2017-08-30 13:00:00,2017-08-30 13:00:00,568.063
2017-08-30 14:00:00,2017-08-30 14:00:00,556.3518
2017-08-30 15:00:00,2017-08-30 15:00:00,601.0525
2017-08-30 16:00:00,2017-08-30 16:00:00,586.8688
2017-08-30 17:00:00,2017-08-30 17:00:00,584.5545
2017-08-30 18:00:00,2017-08-30 18:00:00,560.3562
2017-08-30 19:00:00,2017-08-30 19:00:00,554.2595
2017-08-30 20:00:00,2017-08-30 20:00:00,542.822
2017-08-30 21:00:00,2017-08-30 21:00:00,537.7277
2017-08-30 22:00:00,2017-08-30 22:00:00,528.7872
2017-08-30 23:00:00,2017-08-30 23:00:00,515.6347
2017-08-31 00:00:00,2017-08-31 00:00:00,492.1372
2017-08-31 01:00:00,2017-08-31 01:00:00,476.4865
2017-08-31 02:00:00,2017-08-31 02:00:00,463.9268
2017-08-31 03:00:00,2017-08-31 03:00:00,465.0785
2017-08-31 04:00:00,2017-08-31 04:00:00,442.8005
2017-08-31 05:00:00,2017-08-31 05:00:00,449.8937
2017-08-31 06:00:00,2017-08-31 06:00:00,468.0593
2017-08-31 07:00:00,2017-08-31 07:00:00,483.3152
2017-08-31 08:00:00,2017-08-31 08:00:00,500.7992
2017-08-31 09:00:00,2017-08-31 09:00:00,533.1212
2017-08-31 10:00:00,2017-08-31 10:00:00,548.4123
2017-08-31 11:00:00,2017-08-31 11:00:00,585.2427
2017-08-31 12:00:00,2017-08-31 12:00:00,628.8947
2017-08-31 13:00:00,2017-08-31 13:00:00,643.9088
2017-08-31 14:00:00,2017-08-31 14:00:00,642.862
2017-08-31 15:00:00,2017-08-31 15:00:00,639.4817
2017-08-31 16:00:00,2017-08-31 16:00:00,701.646
2017-08-31 18:00:00,2017-08-31 18:00:00,728.1955
2017-08-31 19:00:00,2017-08-31 19:00:00,716.1405
2017-08-31 20:00:00,2017-08-31 20:00:00,686.938
2017-08-31 21:00:00,2017-08-31 21:00:00,687.3495
2017-08-31 22:00:00,2017-08-31 22:00:00,690.4415
2017-08-31 23:00:00,2017-08-31 23:00:00,684.3852
2017-09-01 00:00:00,2017-09-01 00:00:00,667.6555
2017-09-01 01:00:00,2017-09-01 01:00:00,653.7433
2017-09-01 02:00:00,2017-09-01 02:00:00,654.136
2017-09-01 03:00:00,2017-09-01 03:00:00,647.6327
2017-09-01 04:00:00,2017-09-01 04:00:00,641.2103
2017-09-01 05:00:00,2017-09-01 05:00:00,636.3785
2017-09-01 06:00:00,2017-09-01 06:00:00,667.5735
2017-09-01 07:00:00,2017-09-01 07:00:00,673.7493
2017-09-01 08:00:00,2017-09-01 08:00:00,700.8155
2017-09-01 20:00:00,2017-09-01 20:00:00,724.6787
2017-09-01 21:00:00,2017-09-01 21:00:00,718.7785
2017-09-01 22:00:00,2017-09-01 22:00:00,716.9335
2017-09-01 23:00:00,2017-09-01 23:00:00,716.417
2017-09-02 00:00:00,2017-09-02 00:00:00,697.0913
2017-09-02 01:00:00,2017-09-02 01:00:00,689.6767
2017-09-02 02:00:00,2017-09-02 02:00:00,688.8793
2017-09-02 03:00:00,2017-09-02 03:00:00,679.1662
2017-09-02 04:00:00,2017-09-02 04:00:00,683.0655
2017-09-02 05:00:00,2017-09-02 05:00:00,681.9418
2017-09-02 06:00:00,2017-09-02 06:00:00,699.2172
2017-09-02 07:00:00,2017-09-02 07:00:00,702.4017
2017-09-02 08:00:00,2017-09-02 08:00:00,719.252
2017-09-02 09:00:00,2017-09-02 09:00:00,728.168
2017-09-02 22:00:00,2017-09-02 22:00:00,716.9555
2017-09-02 23:00:00,2017-09-02 23:00:00,724.2997
2017-09-03 00:00:00,2017-09-03 00:00:00,711.2133
2017-09-03 01:00:00,2017-09-03 01:00:00,715.9668
2017-09-03 02:00:00,2017-09-03 02:00:00,710.0513
2017-09-03 03:00:00,2017-09-03 03:00:00,692.0913
2017-09-03 04:00:00,2017-09-03 04:00:00,677.5892
2017-09-03 05:00:00,2017-09-03 05:00:00,676.624
2017-09-03 06:00:00,2017-09-03 06:00:00,690.7977
2017-09-03 07:00:00,2017-09-03 07:00:00,691.647
2017-09-03 08:00:00,2017-09-03 08:00:00,695.645
2017-09-03 09:00:00,2017-09-03 09:00:00,717.3412
2017-09-03 10:00:00,2017-09-03 10:00:00,723.7942
2017-09-03 18:00:00,2017-09-03 18:00:00,730.4342
2017-09-03 19:00:00,2017-09-03 19:00:00,704.1628
2017-09-03 20:00:00,2017-09-03 20:00:00,681.305
2017-09-03 21:00:00,2017-09-03 21:00:00,677.4972
2017-09-03 22:00:00,2017-09-03 22:00:00,674.0138
2017-09-03 23:00:00,2017-09-03 23:00:00,670.1622
2017-09-04 00:00:00,2017-09-04 00:00:00,653.4212
2017-09-04 01:00:00,2017-09-04 01:00:00,653.8623
2017-09-04 02:00:00,2017-09-04 02:00:00,650.2232
2017-09-04 03:00:00,2017-09-04 03:00:00,651.4527
2017-09-04 04:00:00,2017-09-04 04:00:00,646.5072
2017-09-04 05:00:00,2017-09-04 05:00:00,642.3365
2017-09-04 06:00:00,2017-09-04 06:00:00,660.4102
2017-09-04 07:00:00,2017-09-04 07:00:00,669.225
2017-09-04 08:00:00,2017-09-04 08:00:00,684.4622
2017-09-04 09:00:00,2017-09-04 09:00:00,704.9475
2017-09-04 10:00:00,2017-09-04 10:00:00,709.395
2017-09-04 11:00:00,2017-09-04 11:00:00,711.755
2017-09-04 12:00:00,2017-09-04 12:00:00,712.808
2017-09-04 13:00:00,2017-09-04 13:00:00,726.719
2017-09-04 18:00:00,2017-09-04 18:00:00,721.9173
2017-09-04 19:00:00,2017-09-04 19:00:00,692.2992
2017-09-04 20:00:00,2017-09-04 20:00:00,688.0605
2017-09-04 21:00:00,2017-09-04 21:00:00,676.5125
2017-09-04 22:00:00,2017-09-04 22:00:00,681.0957
2017-09-04 23:00:00,2017-09-04 23:00:00,674.4822
2017-09-05 00:00:00,2017-09-05 00:00:00,678.4452
2017-09-05 01:00:00,2017-09-05 01:00:00,687.5307
2017-09-05 02:00:00,2017-09-05 02:00:00,685.7752
2017-09-05 03:00:00,2017-09-05 03:00:00,687.2505
2017-09-05 04:00:00,2017-09-05 04:00:00,690.199
2017-09-05 05:00:00,2017-09-05 05:00:00,672.4328
2017-09-05 06:00:00,2017-09-05 06:00:00,699.5978
2017-09-05 07:00:00,2017-09-05 07:00:00,708.8165
2017-09-05 08:00:00,2017-09-05 08:00:00,726.871
2017-09-05 18:00:00,2017-09-05 18:00:00,722.2268
2017-09-05 19:00:00,2017-09-05 19:00:00,695.1925
2017-09-05 20:00:00,2017-09-05 20:00:00,688.6818
2017-09-05 21:00:00,2017-09-05 21:00:00,673.2415
2017-09-05 22:00:00,2017-09-05 22:00:00,668.9067
2017-09-05 23:00:00,2017-09-05 23:00:00,656.6875
2017-09-06 00:00:00,2017-09-06 00:00:00,649.112
2017-09-06 01:00:00,2017-09-06 01:00:00,649.6682
2017-09-06 02:00:00,2017-09-06 02:00:00,650.9285
2017-09-06 03:00:00,2017-09-06 03:00:00,645.4363
2017-09-06 04:00:00,2017-09-06 04:00:00,645.5698
2017-09-06 05:00:00,2017-09-06 05:00:00,639.2835
2017-09-06 06:00:00,2017-09-06 06:00:00,648.8165
2017-09-06 07:00:00,2017-09-06 07:00:00,660.8125
2017-09-06 08:00:00,2017-09-06 08:00:00,678.7112
2017-09-06 09:00:00,2017-09-06 09:00:00,697.9562
2017-09-06 10:00:00,2017-09-06 10:00:00,702.8635
2017-09-06 11:00:00,2017-09-06 11:00:00,706.0525
2017-09-06 12:00:00,2017-09-06 12:00:00,699.0815
2017-09-06 13:00:00,2017-09-06 13:00:00,720.5713
2017-09-06 17:00:00,2017-09-06 17:00:00,732.041
2017-09-06 18:00:00,2017-09-06 18:00:00,694.7635
2017-09-06 19:00:00,2017-09-06 19:00:00,681.8285
2017-09-06 20:00:00,2017-09-06 20:00:00,674.8587
2017-09-06 21:00:00,2017-09-06 21:00:00,674.9307
2017-09-06 22:00:00,2017-09-06 22:00:00,673.381
2017-09-06 23:00:00,2017-09-06 23:00:00,673.9685
2017-09-07 00:00:00,2017-09-07 00:00:00,667.475
2017-09-07 01:00:00,2017-09-07 01:00:00,659.1942
2017-09-07 02:00:00,2017-09-07 02:00:00,662.2473
2017-09-07 03:00:00,2017-09-07 03:00:00,653.5642
2017-09-07 04:00:00,2017-09-07 04:00:00,645.9353
2017-09-07 05:00:00,2017-09-07 05:00:00,648.8055
2017-09-07 06:00:00,2017-09-07 06:00:00,667.5378
2017-09-07 07:00:00,2017-09-07 07:00:00,677.6845
2017-09-07 08:00:00,2017-09-07 08:00:00,694.9327
2017-09-07 09:00:00,2017-09-07 09:00:00,706.1799
2017-09-07 10:00:00,2017-09-07 10:00:00,712.4875
2017-09-07 12:00:00,2017-09-07 12:00:00,724.5247
2017-09-07 13:00:00,2017-09-07 13:00:00,725.496
2017-09-07 15:00:00,2017-09-07 15:00:00,717.0025
2017-09-07 16:00:00,2017-09-07 16:00:00,716.6372
2017-09-07 17:00:00,2017-09-07 17:00:00,708.1315
2017-09-07 18:00:00,2017-09-07 18:00:00,670.5925
2017-09-07 19:00:00,2017-09-07 19:00:00,660.0902
2017-09-07 20:00:00,2017-09-07 20:00:00,655.1267
2017-09-07 21:00:00,2017-09-07 21:00:00,645.4522
2017-09-07 22:00:00,2017-09-07 22:00:00,637.9315
2017-09-07 23:00:00,2017-09-07 23:00:00,643.5933
2017-09-08 00:00:00,2017-09-08 00:00:00,632.3902
2017-09-08 01:00:00,2017-09-08 01:00:00,623.8165
2017-09-08 02:00:00,2017-09-08 02:00:00,618.7355
2017-09-08 03:00:00,2017-09-08 03:00:00,622.0315
2017-09-08 04:00:00,2017-09-08 04:00:00,621.2568
2017-09-08 05:00:00,2017-09-08 05:00:00,615.038
2017-09-08 06:00:00,2017-09-08 06:00:00,627.257
2017-09-08 07:00:00,2017-09-08 07:00:00,624.8727
2017-09-08 08:00:00,2017-09-08 08:00:00,646.4228
2017-09-08 09:00:00,2017-09-08 09:00:00,654.3398
2017-09-08 10:00:00,2017-09-08 10:00:00,669.9912
2017-09-08 11:00:00,2017-09-08 11:00:00,684.7715
2017-09-08 12:00:00,2017-09-08 12:00:00,696.6407
2017-09-08 13:00:00,2017-09-08 13:00:00,712.3205
2017-09-08 14:00:00,2017-09-08 14:00:00,710.4212
2017-09-08 15:00:00,2017-09-08 15:00:00,711.6075
2017-09-08 16:00:00,2017-09-08 16:00:00,704.5095
2017-09-08 17:00:00,2017-09-08 17:00:00,698.4097
2017-09-08 18:00:00,2017-09-08 18:00:00,652.5015
2017-09-08 19:00:00,2017-09-08 19:00:00,639.3192
2017-09-08 20:00:00,2017-09-08 20:00:00,642.43
2017-09-08 21:00:00,2017-09-08 21:00:00,626.896
2017-09-08 22:00:00,2017-09-08 22:00:00,621.4287
2017-09-08 23:00:00,2017-09-08 23:00:00,615.8693
2017-09-09 00:00:00,2017-09-09 00:00:00,614.3595
2017-09-09 01:00:00,2017-09-09 01:00:00,611.212
2017-09-09 02:00:00,2017-09-09 02:00:00,608.3608
2017-09-09 03:00:00,2017-09-09 03:00:00,610.2678
2017-09-09 04:00:00,2017-09-09 04:00:00,606.3472
2017-09-09 05:00:00,2017-09-09 05:00:00,611.8868
2017-09-09 06:00:00,2017-09-09 06:00:00,626.031
2017-09-09 07:00:00,2017-09-09 07:00:00,632.5812
2017-09-09 08:00:00,2017-09-09 08:00:00,634.036
2017-09-09 09:00:00,2017-09-09 09:00:00,636.0162
2017-09-09 10:00:00,2017-09-09 10:00:00,639.6475
2017-09-09 11:00:00,2017-09-09 11:00:00,665.199
2017-09-09 12:00:00,2017-09-09 12:00:00,676.6692
2017-09-09 13:00:00,2017-09-09 13:00:00,694.4945
2017-09-09 14:00:00,2017-09-09 14:00:00,685.2345
2017-09-09 15:00:00,2017-09-09 15:00:00,685.1445
2017-09-09 16:00:00,2017-09-09 16:00:00,687.6343
2017-09-09 17:00:00,2017-09-09 17:00:00,675.375
2017-09-09 18:00:00,2017-09-09 18:00:00,650.5938
2017-09-09 19:00:00,2017-09-09 19:00:00,641.3263
2017-09-09 20:00:00,2017-09-09 20:00:00,620.1855
2017-09-09 21:00:00,2017-09-09 21:00:00,618.2797
2017-09-09 22:00:00,2017-09-09 22:00:00,624.2434
2017-09-09 23:00:00,2017-09-09 23:00:00,619.051
2017-09-10 00:00:00,2017-09-10 00:00:00,612.9825
2017-09-10 01:00:00,2017-09-10 01:00:00,613.8797
2017-09-10 02:00:00,2017-09-10 02:00:00,612.5793
2017-09-10 03:00:00,2017-09-10 03:00:00,611.823
2017-09-10 04:00:00,2017-09-10 04:00:00,611.6042
2017-09-10 05:00:00,2017-09-10 05:00:00,609.7845
2017-09-10 06:00:00,2017-09-10 06:00:00,628.668
2017-09-10 07:00:00,2017-09-10 07:00:00,634.1078
2017-09-10 08:00:00,2017-09-10 08:00:00,639.4083
2017-09-10 09:00:00,2017-09-10 09:00:00,656.9302
2017-09-10 10:00:00,2017-09-10 10:00:00,685.8515
2017-09-10 11:00:00,2017-09-10 11:00:00,709.292
2017-09-10 17:00:00,2017-09-10 17:00:00,730.528
2017-09-10 18:00:00,2017-09-10 18:00:00,699.1745
2017-09-10 19:00:00,2017-09-10 19:00:00,686.9488
2017-09-10 20:00:00,2017-09-10 20:00:00,677.6785
2017-09-10 21:00:00,2017-09-10 21:00:00,663.6678
2017-09-10 22:00:00,2017-09-10 22:00:00,655.3847
2017-09-10 23:00:00,2017-09-10 23:00:00,662.7027
2017-09-11 00:00:00,2017-09-11 00:00:00,650.4792
2017-09-11 01:00:00,2017-09-11 01:00:00,645.5482
2017-09-11 02:00:00,2017-09-11 02:00:00,643.5482
2017-09-11 03:00:00,2017-09-11 03:00:00,643.7345
2017-09-11 04:00:00,2017-09-11 04:00:00,641.5108
2017-09-11 05:00:00,2017-09-11 05:00:00,643.4905
2017-09-11 06:00:00,2017-09-11 06:00:00,660.775
2017-09-11 07:00:00,2017-09-11 07:00:00,659.8963
2017-09-11 08:00:00,2017-09-11 08:00:00,679.0755
2017-09-11 09:00:00,2017-09-11 09:00:00,697.3135
2017-09-11 10:00:00,2017-09-11 10:00:00,711.591
2017-09-11 11:00:00,2017-09-11 11:00:00,715.8912
2017-09-11 16:00:00,2017-09-11 16:00:00,722.025
2017-09-11 17:00:00,2017-09-11 17:00:00,714.496
2017-09-11 18:00:00,2017-09-11 18:00:00,682.4635
2017-09-11 19:00:00,2017-09-11 19:00:00,669.2575
2017-09-11 20:00:00,2017-09-11 20:00:00,660.3225
2017-09-11 21:00:00,2017-09-11 21:00:00,656.3313
2017-09-11 22:00:00,2017-09-11 22:00:00,650.1868
2017-09-11 23:00:00,2017-09-11 23:00:00,639.422
2017-09-12 00:00:00,2017-09-12 00:00:00,637.3185
2017-09-12 01:00:00,2017-09-12 01:00:00,634.7452
2017-09-12 02:00:00,2017-09-12 02:00:00,623.6587
2017-09-12 03:00:00,2017-09-12 03:00:00,623.3592
2017-09-12 04:00:00,2017-09-12 04:00:00,624.4957
2017-09-12 05:00:00,2017-09-12 05:00:00,624.7512
2017-09-12 06:00:00,2017-09-12 06:00:00,648.0933
2017-09-12 07:00:00,2017-09-12 07:00:00,664.9123
2017-09-12 08:00:00,2017-09-12 08:00:00,696.11
2017-09-12 09:00:00,2017-09-12 09:00:00,712.2027
2017-09-12 10:00:00,2017-09-12 10:00:00,730.2805
2017-09-12 16:00:00,2017-09-12 16:00:00,723.52
2017-09-12 17:00:00,2017-09-12 17:00:00,709.113
2017-09-12 18:00:00,2017-09-12 18:00:00,666.2037
2017-09-12 19:00:00,2017-09-12 19:00:00,657.937
2017-09-12 20:00:00,2017-09-12 20:00:00,647.1913
2017-09-12 21:00:00,2017-09-12 21:00:00,650.3897
2017-09-12 22:00:00,2017-09-12 22:00:00,644.502
2017-09-12 23:00:00,2017-09-12 23:00:00,641.5842
2017-09-13 00:00:00,2017-09-13 00:00:00,646.9074
2017-09-13 01:00:00,2017-09-13 01:00:00,635.2095
2017-09-13 02:00:00,2017-09-13 02:00:00,634.6682
2017-09-13 03:00:00,2017-09-13 03:00:00,631.7038
2017-09-13 04:00:00,2017-09-13 04:00:00,630.1408
2017-09-13 05:00:00,2017-09-13 05:00:00,624.913
2017-09-13 06:00:00,2017-09-13 06:00:00,642.7932
2017-09-13 07:00:00,2017-09-13 07:00:00,644.2732
2017-09-13 08:00:00,2017-09-13 08:00:00,658.147
2017-09-13 09:00:00,2017-09-13 09:00:00,667.7415
2017-09-13 10:00:00,2017-09-13 10:00:00,675.1635
2017-09-13 11:00:00,2017-09-13 11:00:00,690.6438
2017-09-13 12:00:00,2017-09-13 12:00:00,690.2622
2017-09-13 13:00:00,2017-09-13 13:00:00,699.0303
2017-09-13 14:00:00,2017-09-13 14:00:00,701.7347
2017-09-13 15:00:00,2017-09-13 15:00:00,708.7235
2017-09-13 16:00:00,2017-09-13 16:00:00,698.1082
2017-09-13 17:00:00,2017-09-13 17:00:00,679.6085
2017-09-13 18:00:00,2017-09-13 18:00:00,664.112
2017-09-13 19:00:00,2017-09-13 19:00:00,660.1083
2017-09-13 20:00:00,2017-09-13 20:00:00,648.7365
2017-09-13 21:00:00,2017-09-13 21:00:00,646.1565
2017-09-13 22:00:00,2017-09-13 22:00:00,640.3195
2017-09-13 23:00:00,2017-09-13 23:00:00,630.306
2017-09-14 00:00:00,2017-09-14 00:00:00,625.0685
2017-09-14 01:00:00,2017-09-14 01:00:00,621.6742
2017-09-14 02:00:00,2017-09-14 02:00:00,623.1245
2017-09-14 03:00:00,2017-09-14 03:00:00,613.5463
2017-09-14 04:00:00,2017-09-14 04:00:00,639.4635
2017-09-14 05:00:00,2017-09-14 05:00:00,575.978
2017-09-14 06:00:00,2017-09-14 06:00:00,604.4053
2017-09-14 07:00:00,2017-09-14 07:00:00,606.8075
2017-09-14 08:00:00,2017-09-14 08:00:00,620.0892
2017-09-14 09:00:00,2017-09-14 09:00:00,651.0832
2017-09-14 10:00:00,2017-09-14 10:00:00,633.42
2017-09-14 11:00:00,2017-09-14 11:00:00,636.3212
2017-09-14 12:00:00,2017-09-14 12:00:00,637.6215
2017-09-14 13:00:00,2017-09-14 13:00:00,642.4137
2017-09-14 14:00:00,2017-09-14 14:00:00,640.9525
2017-09-14 15:00:00,2017-09-14 15:00:00,645.3892
2017-09-14 16:00:00,2017-09-14 16:00:00,643.3055
2017-09-14 17:00:00,2017-09-14 17:00:00,635.5048
2017-09-14 18:00:00,2017-09-14 18:00:00,610.8683
2017-09-14 19:00:00,2017-09-14 19:00:00,604.371
2017-09-14 20:00:00,2017-09-14 20:00:00,601.0218
2017-09-14 21:00:00,2017-09-14 21:00:00,596.0475
2017-09-14 22:00:00,2017-09-14 22:00:00,593.7232
2017-09-14 23:00:00,2017-09-14 23:00:00,594.2645
2017-09-15 00:00:00,2017-09-15 00:00:00,593.197
2017-09-15 01:00:00,2017-09-15 01:00:00,593.4453
2017-09-15 02:00:00,2017-09-15 02:00:00,593.3148
2017-09-15 03:00:00,2017-09-15 03:00:00,591.6283
2017-09-15 04:00:00,2017-09-15 04:00:00,593.5812
2017-09-15 05:00:00,2017-09-15 05:00:00,593.7213
2017-09-15 06:00:00,2017-09-15 06:00:00,607.8345
2017-09-15 07:00:00,2017-09-15 07:00:00,611.8598
2017-09-15 08:00:00,2017-09-15 08:00:00,618.7215
2017-09-15 09:00:00,2017-09-15 09:00:00,626.2562
2017-09-15 10:00:00,2017-09-15 10:00:00,632.2715
2017-09-15 11:00:00,2017-09-15 11:00:00,634.3275
2017-09-15 12:00:00,2017-09-15 12:00:00,637.8277
2017-09-15 13:00:00,2017-09-15 13:00:00,631.014
2017-09-15 14:00:00,2017-09-15 14:00:00,625.973
2017-09-15 15:00:00,2017-09-15 15:00:00,626.8435
2017-09-15 16:00:00,2017-09-15 16:00:00,626.1098
2017-09-15 17:00:00,2017-09-15 17:00:00,623.9898
2017-09-15 18:00:00,2017-09-15 18:00:00,602.471
2017-09-15 19:00:00,2017-09-15 19:00:00,594.0905
2017-09-15 20:00:00,2017-09-15 20:00:00,594.4125
2017-09-15 21:00:00,2017-09-15 21:00:00,591.5852
2017-09-15 22:00:00,2017-09-15 22:00:00,592.741
2017-09-15 23:00:00,2017-09-15 23:00:00,594.5582
2017-09-16 00:00:00,2017-09-16 00:00:00,591.1248
2017-09-16 01:00:00,2017-09-16 01:00:00,590.6902
2017-09-16 02:00:00,2017-09-16 02:00:00,592.276
2017-09-16 03:00:00,2017-09-16 03:00:00,591.6178
2017-09-16 04:00:00,2017-09-16 04:00:00,588.34
2017-09-16 05:00:00,2017-09-16 05:00:00,586.6792
2017-09-16 06:00:00,2017-09-16 06:00:00,601.483
2017-09-16 07:00:00,2017-09-16 07:00:00,602.5278
2017-09-16 08:00:00,2017-09-16 08:00:00,601.2822
2017-09-16 09:00:00,2017-09-16 09:00:00,605.2767
2017-09-16 10:00:00,2017-09-16 10:00:00,607.167
2017-09-16 11:00:00,2017-09-16 11:00:00,607.8133
2017-09-16 12:00:00,2017-09-16 12:00:00,605.9368
2017-09-16 13:00:00,2017-09-16 13:00:00,607.413
2017-09-16 14:00:00,2017-09-16 14:00:00,614.3403
2017-09-16 15:00:00,2017-09-16 15:00:00,609.4925
2017-09-16 16:00:00,2017-09-16 16:00:00,606.9015
2017-09-16 17:00:00,2017-09-16 17:00:00,607.5658
2017-09-16 18:00:00,2017-09-16 18:00:00,592.855
2017-09-16 19:00:00,2017-09-16 19:00:00,594.6318
2017-09-16 20:00:00,2017-09-16 20:00:00,593.894
2017-09-16 21:00:00,2017-09-16 21:00:00,590.312
2017-09-16 22:00:00,2017-09-16 22:00:00,588.1402
2017-09-16 23:00:00,2017-09-16 23:00:00,588.1765
2017-09-17 00:00:00,2017-09-17 00:00:00,586.3115
2017-09-17 01:00:00,2017-09-17 01:00:00,585.8003
2017-09-17 02:00:00,2017-09-17 02:00:00,585.416
2017-09-17 03:00:00,2017-09-17 03:00:00,587.3402
2017-09-17 04:00:00,2017-09-17 04:00:00,587.906
2017-09-17 05:00:00,2017-09-17 05:00:00,587.357
2017-09-17 06:00:00,2017-09-17 06:00:00,600.3728
2017-09-17 07:00:00,2017-09-17 07:00:00,599.4667
2017-09-17 08:00:00,2017-09-17 08:00:00,599.8028
2017-09-17 09:00:00,2017-09-17 09:00:00,600.2788
2017-09-17 10:00:00,2017-09-17 10:00:00,601.0397
2017-09-17 11:00:00,2017-09-17 11:00:00,604.7125
2017-09-17 12:00:00,2017-09-17 12:00:00,606.5157
2017-09-17 13:00:00,2017-09-17 13:00:00,598.2595
2017-09-17 14:00:00,2017-09-17 14:00:00,597.559
2017-09-17 15:00:00,2017-09-17 15:00:00,600.5715
2017-09-17 16:00:00,2017-09-17 16:00:00,604.7475
2017-09-17 17:00:00,2017-09-17 17:00:00,609.256
2017-09-17 18:00:00,2017-09-17 18:00:00,591.9522
2017-09-17 19:00:00,2017-09-17 19:00:00,589.5902
2017-09-17 20:00:00,2017-09-17 20:00:00,592.1987
2017-09-17 21:00:00,2017-09-17 21:00:00,592.042
2017-09-17 22:00:00,2017-09-17 22:00:00,589.2748
2017-09-17 23:00:00,2017-09-17 23:00:00,588.9895
2017-09-18 00:00:00,2017-09-18 00:00:00,585.2018
2017-09-18 01:00:00,2017-09-18 01:00:00,584.4993
2017-09-18 02:00:00,2017-09-18 02:00:00,582.8637
2017-09-18 03:00:00,2017-09-18 03:00:00,582.2855
2017-09-18 04:00:00,2017-09-18 04:00:00,583.1353
2017-09-18 05:00:00,2017-09-18 05:00:00,582.7293
2017-09-18 06:00:00,2017-09-18 06:00:00,597.999
2017-09-18 07:00:00,2017-09-18 07:00:00,597.4438
2017-09-18 08:00:00,2017-09-18 08:00:00,608.6653
2017-09-18 09:00:00,2017-09-18 09:00:00,614.2665
2017-09-18 10:00:00,2017-09-18 10:00:00,621.271
2017-09-18 11:00:00,2017-09-18 11:00:00,623.624
2017-09-18 12:00:00,2017-09-18 12:00:00,628.3585
2017-09-18 13:00:00,2017-09-18 13:00:00,633.6595
2017-09-18 14:00:00,2017-09-18 14:00:00,641.4045
2017-09-18 15:00:00,2017-09-18 15:00:00,633.4452
2017-09-18 16:00:00,2017-09-18 16:00:00,630.6795
2017-09-18 17:00:00,2017-09-18 17:00:00,634.116
2017-09-18 18:00:00,2017-09-18 18:00:00,614.1105
2017-09-18 19:00:00,2017-09-18 19:00:00,601.297
2017-09-18 20:00:00,2017-09-18 20:00:00,599.3687
2017-09-18 21:00:00,2017-09-18 21:00:00,599.4145
2017-09-18 22:00:00,2017-09-18 22:00:00,601.0435
2017-09-18 23:00:00,2017-09-18 23:00:00,597.7573
2017-09-19 00:00:00,2017-09-19 00:00:00,596.5803
2017-09-19 01:00:00,2017-09-19 01:00:00,596.329
2017-09-19 02:00:00,2017-09-19 02:00:00,597.1645
2017-09-19 03:00:00,2017-09-19 03:00:00,599.5955
2017-09-19 04:00:00,2017-09-19 04:00:00,595.8048
2017-09-19 05:00:00,2017-09-19 05:00:00,593.5222
2017-09-19 06:00:00,2017-09-19 06:00:00,606.897
2017-09-19 07:00:00,2017-09-19 07:00:00,609.0192
2017-09-19 08:00:00,2017-09-19 08:00:00,621.582
2017-09-19 09:00:00,2017-09-19 09:00:00,627.5505
2017-09-19 10:00:00,2017-09-19 10:00:00,630.1378
2017-09-19 11:00:00,2017-09-19 11:00:00,669.9497
2017-09-19 12:00:00,2017-09-19 12:00:00,655.0947
2017-09-19 13:00:00,2017-09-19 13:00:00,651.6697
2017-09-19 14:00:00,2017-09-19 14:00:00,648.6125
2017-09-19 15:00:00,2017-09-19 15:00:00,658.0797
2017-09-19 16:00:00,2017-09-19 16:00:00,649.573
2017-09-19 17:00:00,2017-09-19 17:00:00,638.3075
2017-09-19 18:00:00,2017-09-19 18:00:00,584.3872
2017-09-19 19:00:00,2017-09-19 19:00:00,542.7203
2017-09-19 20:00:00,2017-09-19 20:00:00,525.4252
2017-09-19 21:00:00,2017-09-19 21:00:00,514.851
2017-09-19 22:00:00,2017-09-19 22:00:00,515.0578
2017-09-19 23:00:00,2017-09-19 23:00:00,513.219
2017-09-20 00:00:00,2017-09-20 00:00:00,506.6493
2017-09-20 01:00:00,2017-09-20 01:00:00,505.6015
2017-09-20 02:00:00,2017-09-20 02:00:00,503.2005
2017-09-20 03:00:00,2017-09-20 03:00:00,500.06
2017-09-20 04:00:00,2017-09-20 04:00:00,503.1885
2017-09-20 05:00:00,2017-09-20 05:00:00,502.3907
2017-09-20 06:00:00,2017-09-20 06:00:00,520.729
2017-09-20 07:00:00,2017-09-20 07:00:00,531.7678
2017-09-20 08:00:00,2017-09-20 08:00:00,545.3298
2017-09-20 09:00:00,2017-09-20 09:00:00,619.181
2017-09-20 10:00:00,2017-09-20 10:00:00,621.1398
2017-09-20 11:00:00,2017-09-20 11:00:00,624.5957
2017-09-20 12:00:00,2017-09-20 12:00:00,631.4255
2017-09-20 13:00:00,2017-09-20 13:00:00,638.5885
2017-09-20 14:00:00,2017-09-20 14:00:00,627.208
2017-09-20 15:00:00,2017-09-20 15:00:00,628.909
2017-09-20 16:00:00,2017-09-20 16:00:00,625.8667
2017-09-20 17:00:00,2017-09-20 17:00:00,613.094
2017-09-20 18:00:00,2017-09-20 18:00:00,582.3048
2017-09-20 19:00:00,2017-09-20 19:00:00,577.4775
2017-09-20 20:00:00,2017-09-20 20:00:00,538.3707
2017-09-20 21:00:00,2017-09-20 21:00:00,518.0792
2017-09-20 22:00:00,2017-09-20 22:00:00,513.7298
2017-09-20 23:00:00,2017-09-20 23:00:00,504.6748
2017-09-21 00:00:00,2017-09-21 00:00:00,355.9933
2017-09-21 01:00:00,2017-09-21 01:00:00,494.6835
2017-09-21 02:00:00,2017-09-21 02:00:00,490.051
2017-09-21 03:00:00,2017-09-21 03:00:00,489.539
2017-09-21 04:00:00,2017-09-21 04:00:00,444.4173
2017-09-21 05:00:00,2017-09-21 05:00:00,407.4617
2017-09-21 06:00:00,2017-09-21 06:00:00,424.8227
2017-09-21 07:00:00,2017-09-21 07:00:00,426.614
2017-09-21 08:00:00,2017-09-21 08:00:00,463.3243
2017-09-21 09:00:00,2017-09-21 09:00:00,529.2013
2017-09-21 10:00:00,2017-09-21 10:00:00,535.7502
2017-09-21 11:00:00,2017-09-21 11:00:00,544.5777
2017-09-21 12:00:00,2017-09-21 12:00:00,555.0492
2017-09-21 13:00:00,2017-09-21 13:00:00,571.4448
2017-09-21 14:00:00,2017-09-21 14:00:00,571.25
2017-09-21 15:00:00,2017-09-21 15:00:00,568.3675
2017-09-21 16:00:00,2017-09-21 16:00:00,570.3185
2017-09-21 17:00:00,2017-09-21 17:00:00,555.0305
2017-09-21 18:00:00,2017-09-21 18:00:00,526.648
2017-09-21 19:00:00,2017-09-21 19:00:00,508.2712
2017-09-21 20:00:00,2017-09-21 20:00:00,488.261
2017-09-21 21:00:00,2017-09-21 21:00:00,474.937
2017-09-21 22:00:00,2017-09-21 22:00:00,468.9905
2017-09-21 23:00:00,2017-09-21 23:00:00,460.9885
2017-09-22 00:00:00,2017-09-22 00:00:00,459.5732
2017-09-22 01:00:00,2017-09-22 01:00:00,447.8328
2017-09-22 02:00:00,2017-09-22 02:00:00,444.9285
2017-09-22 03:00:00,2017-09-22 03:00:00,443.004
2017-09-22 04:00:00,2017-09-22 04:00:00,442.4495
2017-09-22 05:00:00,2017-09-22 05:00:00,440.596
2017-09-22 06:00:00,2017-09-22 06:00:00,448.9363
2017-09-22 07:00:00,2017-09-22 07:00:00,454.303
2017-09-22 08:00:00,2017-09-22 08:00:00,466.035
2017-09-22 09:00:00,2017-09-22 09:00:00,501.165
2017-09-22 10:00:00,2017-09-22 10:00:00,520.5948
2017-09-22 11:00:00,2017-09-22 11:00:00,547.0962
2017-09-22 12:00:00,2017-09-22 12:00:00,580.4928
2017-09-22 13:00:00,2017-09-22 13:00:00,596.219
2017-09-22 14:00:00,2017-09-22 14:00:00,596.8538
2017-09-22 15:00:00,2017-09-22 15:00:00,581.9137
2017-09-22 16:00:00,2017-09-22 16:00:00,571.3095
2017-09-22 17:00:00,2017-09-22 17:00:00,566.212
2017-09-22 18:00:00,2017-09-22 18:00:00,539.549
2017-09-22 19:00:00,2017-09-22 19:00:00,518.647
2017-09-22 20:00:00,2017-09-22 20:00:00,507.0272
2017-09-22 21:00:00,2017-09-22 21:00:00,504.4725
2017-09-22 22:00:00,2017-09-22 22:00:00,505.1445
2017-09-22 23:00:00,2017-09-22 23:00:00,502.7675
2017-09-23 00:00:00,2017-09-23 00:00:00,496.0302
2017-09-23 01:00:00,2017-09-23 01:00:00,498.5402
2017-09-23 02:00:00,2017-09-23 02:00:00,492.923
2017-09-23 03:00:00,2017-09-23 03:00:00,490.5915
2017-09-23 04:00:00,2017-09-23 04:00:00,488.9535
2017-09-23 05:00:00,2017-09-23 05:00:00,489.1018
2017-09-23 06:00:00,2017-09-23 06:00:00,497.988
2017-09-23 07:00:00,2017-09-23 07:00:00,511.8393
2017-09-23 08:00:00,2017-09-23 08:00:00,512.1815
2017-09-23 09:00:00,2017-09-23 09:00:00,526.651
2017-09-23 10:00:00,2017-09-23 10:00:00,545.1095
2017-09-23 11:00:00,2017-09-23 11:00:00,565.2752
2017-09-23 12:00:00,2017-09-23 12:00:00,577.7805
2017-09-23 13:00:00,2017-09-23 13:00:00,591.584
2017-09-23 14:00:00,2017-09-23 14:00:00,594.408
2017-09-23 15:00:00,2017-09-23 15:00:00,589.1265
2017-09-23 16:00:00,2017-09-23 16:00:00,587.014
2017-09-23 17:00:00,2017-09-23 17:00:00,584.003
2017-09-23 18:00:00,2017-09-23 18:00:00,561.42
2017-09-23 19:00:00,2017-09-23 19:00:00,543.6785
2017-09-23 20:00:00,2017-09-23 20:00:00,525.5538
2017-09-23 21:00:00,2017-09-23 21:00:00,514.1827
2017-09-23 22:00:00,2017-09-23 22:00:00,510.1778
2017-09-23 23:00:00,2017-09-23 23:00:00,508.546
2017-09-24 00:00:00,2017-09-24 00:00:00,503.056
2017-09-24 01:00:00,2017-09-24 01:00:00,499.382
2017-09-24 02:00:00,2017-09-24 02:00:00,498.9825
2017-09-24 03:00:00,2017-09-24 03:00:00,498.4905
2017-09-24 04:00:00,2017-09-24 04:00:00,499.352
2017-09-24 05:00:00,2017-09-24 05:00:00,496.3812
2017-09-24 06:00:00,2017-09-24 06:00:00,505.8412
2017-09-24 07:00:00,2017-09-24 07:00:00,512.0555
2017-09-24 08:00:00,2017-09-24 08:00:00,515.7667
2017-09-24 09:00:00,2017-09-24 09:00:00,530.5077
2017-09-24 10:00:00,2017-09-24 10:00:00,548.9413
2017-09-24 11:00:00,2017-09-24 11:00:00,570.8667
2017-09-24 12:00:00,2017-09-24 12:00:00,583.3255
2017-09-24 13:00:00,2017-09-24 13:00:00,590.8602
2017-09-24 14:00:00,2017-09-24 14:00:00,594.8195
2017-09-24 15:00:00,2017-09-24 15:00:00,592.1768
2017-09-24 16:00:00,2017-09-24 16:00:00,590.0018
2017-09-24 17:00:00,2017-09-24 17:00:00,584.945
2017-09-24 18:00:00,2017-09-24 18:00:00,567.51
2017-09-24 19:00:00,2017-09-24 19:00:00,558.5405
2017-09-24 20:00:00,2017-09-24 20:00:00,540.4572
2017-09-24 21:00:00,2017-09-24 21:00:00,527.8658
2017-09-24 22:00:00,2017-09-24 22:00:00,518.574
2017-09-24 23:00:00,2017-09-24 23:00:00,511.3085
2017-09-25 00:00:00,2017-09-25 00:00:00,511.4092
2017-09-25 01:00:00,2017-09-25 01:00:00,504.3538
2017-09-25 02:00:00,2017-09-25 02:00:00,505.8048
2017-09-25 03:00:00,2017-09-25 03:00:00,505.1315
2017-09-25 04:00:00,2017-09-25 04:00:00,503.3617
2017-09-25 05:00:00,2017-09-25 05:00:00,502.751
2017-09-25 06:00:00,2017-09-25 06:00:00,516.5957
2017-09-25 07:00:00,2017-09-25 07:00:00,519.2438
2017-09-25 08:00:00,2017-09-25 08:00:00,532.0808
2017-09-25 09:00:00,2017-09-25 09:00:00,557.334
2017-09-25 10:00:00,2017-09-25 10:00:00,592.519
2017-09-25 11:00:00,2017-09-25 11:00:00,620.442
2017-09-25 12:00:00,2017-09-25 12:00:00,637.84
2017-09-25 13:00:00,2017-09-25 13:00:00,650.515
2017-09-25 14:00:00,2017-09-25 14:00:00,655.5212
2017-09-25 15:00:00,2017-09-25 15:00:00,645.119
2017-09-25 16:00:00,2017-09-25 16:00:00,637.4168
2017-09-25 17:00:00,2017-09-25 17:00:00,627.615
2017-09-25 18:00:00,2017-09-25 18:00:00,598.344
2017-09-25 19:00:00,2017-09-25 19:00:00,574.3245
2017-09-25 20:00:00,2017-09-25 20:00:00,562.966
2017-09-25 21:00:00,2017-09-25 21:00:00,549.6793
2017-09-25 22:00:00,2017-09-25 22:00:00,527.7805
2017-09-25 23:00:00,2017-09-25 23:00:00,523.5178
2017-09-26 00:00:00,2017-09-26 00:00:00,521.5342
2017-09-26 01:00:00,2017-09-26 01:00:00,523.254
2017-09-26 02:00:00,2017-09-26 02:00:00,517.141
2017-09-26 03:00:00,2017-09-26 03:00:00,514.3245
2017-09-26 04:00:00,2017-09-26 04:00:00,515.7723
2017-09-26 05:00:00,2017-09-26 05:00:00,511.638
2017-09-26 06:00:00,2017-09-26 06:00:00,531.941
2017-09-26 07:00:00,2017-09-26 07:00:00,538.1835
2017-09-26 08:00:00,2017-09-26 08:00:00,552.954
2017-09-26 09:00:00,2017-09-26 09:00:00,586.8457
2017-09-26 10:00:00,2017-09-26 10:00:00,615.0515
2017-09-26 11:00:00,2017-09-26 11:00:00,641.014
2017-09-26 12:00:00,2017-09-26 12:00:00,653.319
2017-09-26 13:00:00,2017-09-26 13:00:00,664.4013
2017-09-26 14:00:00,2017-09-26 14:00:00,682.147
2017-09-26 15:00:00,2017-09-26 15:00:00,683.095
2017-09-26 16:00:00,2017-09-26 16:00:00,687.6165
2017-09-26 17:00:00,2017-09-26 17:00:00,676.569
2017-09-26 18:00:00,2017-09-26 18:00:00,631.6425
2017-09-26 19:00:00,2017-09-26 19:00:00,600.253
2017-09-26 20:00:00,2017-09-26 20:00:00,592.1783
2017-09-26 21:00:00,2017-09-26 21:00:00,575.5845
2017-09-26 22:00:00,2017-09-26 22:00:00,571.1095
2017-09-26 23:00:00,2017-09-26 23:00:00,565.7585
2017-09-27 00:00:00,2017-09-27 00:00:00,560.562
2017-09-27 01:00:00,2017-09-27 01:00:00,551.9017
2017-09-27 02:00:00,2017-09-27 02:00:00,548.1872
2017-09-27 03:00:00,2017-09-27 03:00:00,543.6875
2017-09-27 04:00:00,2017-09-27 04:00:00,544.8125
2017-09-27 05:00:00,2017-09-27 05:00:00,541.3145
2017-09-27 06:00:00,2017-09-27 06:00:00,554.4167
2017-09-27 07:00:00,2017-09-27 07:00:00,566.5437
2017-09-27 08:00:00,2017-09-27 08:00:00,582.496
2017-09-27 09:00:00,2017-09-27 09:00:00,610.2925
2017-09-27 10:00:00,2017-09-27 10:00:00,633.5792
2017-09-27 11:00:00,2017-09-27 11:00:00,657.6315
2017-09-27 12:00:00,2017-09-27 12:00:00,668.3627
2017-09-27 13:00:00,2017-09-27 13:00:00,677.1682
2017-09-27 14:00:00,2017-09-27 14:00:00,685.6417
2017-09-27 15:00:00,2017-09-27 15:00:00,678.093
2017-09-27 16:00:00,2017-09-27 16:00:00,671.0478
2017-09-27 17:00:00,2017-09-27 17:00:00,648.7507
2017-09-27 18:00:00,2017-09-27 18:00:00,619.4588
2017-09-27 19:00:00,2017-09-27 19:00:00,592.5755
2017-09-27 20:00:00,2017-09-27 20:00:00,578.8705
2017-09-27 21:00:00,2017-09-27 21:00:00,564.5393
2017-09-27 22:00:00,2017-09-27 22:00:00,556.8618
2017-09-27 23:00:00,2017-09-27 23:00:00,553.0387
2017-09-28 00:00:00,2017-09-28 00:00:00,548.7857
2017-09-28 01:00:00,2017-09-28 01:00:00,547.2767
2017-09-28 02:00:00,2017-09-28 02:00:00,533.1088
2017-09-28 03:00:00,2017-09-28 03:00:00,526.06
2017-09-28 04:00:00,2017-09-28 04:00:00,522.8833
2017-09-28 05:00:00,2017-09-28 05:00:00,514.4332
2017-09-28 06:00:00,2017-09-28 06:00:00,527.0772
2017-09-28 07:00:00,2017-09-28 07:00:00,533.9595
2017-09-28 08:00:00,2017-09-28 08:00:00,555.1873
2017-09-28 09:00:00,2017-09-28 09:00:00,589.504
2017-09-28 10:00:00,2017-09-28 10:00:00,620.1887
2017-09-28 11:00:00,2017-09-28 11:00:00,639.9712
2017-09-28 12:00:00,2017-09-28 12:00:00,650.7392
2017-09-28 13:00:00,2017-09-28 13:00:00,656.9688
2017-09-28 14:00:00,2017-09-28 14:00:00,649.7778
2017-09-28 15:00:00,2017-09-28 15:00:00,641.4703
2017-09-28 16:00:00,2017-09-28 16:00:00,628.5505
2017-09-28 17:00:00,2017-09-28 17:00:00,613.7322
2017-09-28 18:00:00,2017-09-28 18:00:00,569.1018
2017-09-28 19:00:00,2017-09-28 19:00:00,550.599
2017-09-28 20:00:00,2017-09-28 20:00:00,525.03
2017-09-28 21:00:00,2017-09-28 21:00:00,521.093
2017-09-28 22:00:00,2017-09-28 22:00:00,520.2703
2017-09-28 23:00:00,2017-09-28 23:00:00,513.7188
2017-09-29 00:00:00,2017-09-29 00:00:00,512.8665
2017-09-29 01:00:00,2017-09-29 01:00:00,507.9998
2017-09-29 02:00:00,2017-09-29 02:00:00,506.4062
2017-09-29 03:00:00,2017-09-29 03:00:00,512.6283
2017-09-29 04:00:00,2017-09-29 04:00:00,506.7452
2017-09-29 05:00:00,2017-09-29 05:00:00,503.8912
2017-09-29 06:00:00,2017-09-29 06:00:00,527.4275
2017-09-29 07:00:00,2017-09-29 07:00:00,531.481
2017-09-29 08:00:00,2017-09-29 08:00:00,541.622
2017-09-29 09:00:00,2017-09-29 09:00:00,550.9362
2017-09-29 10:00:00,2017-09-29 10:00:00,566.2045
2017-09-29 11:00:00,2017-09-29 11:00:00,587.4457
2017-09-29 12:00:00,2017-09-29 12:00:00,591.319
2017-09-29 13:00:00,2017-09-29 13:00:00,620.293
2017-09-29 14:00:00,2017-09-29 14:00:00,635.1745
2017-09-29 15:00:00,2017-09-29 15:00:00,644.6385
2017-09-29 16:00:00,2017-09-29 16:00:00,630.2245
2017-09-29 17:00:00,2017-09-29 17:00:00,616.23
2017-09-29 18:00:00,2017-09-29 18:00:00,593.4123
2017-09-29 19:00:00,2017-09-29 19:00:00,582.6135
2017-09-29 20:00:00,2017-09-29 20:00:00,580.1275
2017-09-29 21:00:00,2017-09-29 21:00:00,572.6912
2017-09-29 22:00:00,2017-09-29 22:00:00,567.47
2017-09-29 23:00:00,2017-09-29 23:00:00,564.9545
2017-09-30 00:00:00,2017-09-30 00:00:00,563.2952
2017-09-30 01:00:00,2017-09-30 01:00:00,558.0253
2017-09-30 02:00:00,2017-09-30 02:00:00,553.5497
2017-09-30 03:00:00,2017-09-30 03:00:00,547.108
2017-09-30 04:00:00,2017-09-30 04:00:00,546.0143
2017-09-30 05:00:00,2017-09-30 05:00:00,543.6183
2017-09-30 06:00:00,2017-09-30 06:00:00,547.6288
2017-09-30 07:00:00,2017-09-30 07:00:00,545.8652
2017-09-30 08:00:00,2017-09-30 08:00:00,550.426
2017-09-30 09:00:00,2017-09-30 09:00:00,567.4095
2017-09-30 10:00:00,2017-09-30 10:00:00,588.2163
2017-09-30 11:00:00,2017-09-30 11:00:00,606.8453
2017-09-30 12:00:00,2017-09-30 12:00:00,625.438
2017-09-30 13:00:00,2017-09-30 13:00:00,632.2948
2017-09-30 14:00:00,2017-09-30 14:00:00,634.3463
2017-09-30 15:00:00,2017-09-30 15:00:00,627.0905
2017-09-30 16:00:00,2017-09-30 16:00:00,629.0532
2017-09-30 17:00:00,2017-09-30 17:00:00,626.119
2017-09-30 18:00:00,2017-09-30 18:00:00,600.772
2017-09-30 19:00:00,2017-09-30 19:00:00,590.5505
2017-09-30 20:00:00,2017-09-30 20:00:00,579.4047
2017-09-30 21:00:00,2017-09-30 21:00:00,563.6692
2017-09-30 22:00:00,2017-09-30 22:00:00,560.349
2017-09-30 23:00:00,2017-09-30 23:00:00,562.1454
2017-10-01 00:00:00,2017-10-01 00:00:00,555.2373
2017-10-01 01:00:00,2017-10-01 01:00:00,544.5632
2017-10-01 02:00:00,2017-10-01 02:00:00,539.493
2017-10-01 03:00:00,2017-10-01 03:00:00,539.4465
2017-10-01 04:00:00,2017-10-01 04:00:00,535.0583
2017-10-01 05:00:00,2017-10-01 05:00:00,521.2462
2017-10-01 06:00:00,2017-10-01 06:00:00,537.9962
2017-10-01 07:00:00,2017-10-01 07:00:00,542.3622
2017-10-01 08:00:00,2017-10-01 08:00:00,542.6435
2017-10-01 09:00:00,2017-10-01 09:00:00,550.8915
2017-10-01 10:00:00,2017-10-01 10:00:00,570.138
2017-10-01 11:00:00,2017-10-01 11:00:00,591.6205
2017-10-01 12:00:00,2017-10-01 12:00:00,603.7635
2017-10-01 13:00:00,2017-10-01 13:00:00,605.784
2017-10-01 14:00:00,2017-10-01 14:00:00,609.5603
2017-10-01 15:00:00,2017-10-01 15:00:00,619.83
2017-10-01 16:00:00,2017-10-01 16:00:00,607.054
2017-10-01 17:00:00,2017-10-01 17:00:00,604.3958
2017-10-01 18:00:00,2017-10-01 18:00:00,589.924
2017-10-01 19:00:00,2017-10-01 19:00:00,575.191
2017-10-01 20:00:00,2017-10-01 20:00:00,554.5398
2017-10-01 21:00:00,2017-10-01 21:00:00,540.611
2017-10-01 22:00:00,2017-10-01 22:00:00,545.4468
2017-10-01 23:00:00,2017-10-01 23:00:00,539.6708
2017-10-02 00:00:00,2017-10-02 00:00:00,532.126
2017-10-02 01:00:00,2017-10-02 01:00:00,533.4638
2017-10-02 02:00:00,2017-10-02 02:00:00,535.5857
2017-10-02 03:00:00,2017-10-02 03:00:00,531.856
2017-10-02 04:00:00,2017-10-02 04:00:00,532.3077
2017-10-02 05:00:00,2017-10-02 05:00:00,528.9245
2017-10-02 06:00:00,2017-10-02 06:00:00,537.9772
2017-10-02 07:00:00,2017-10-02 07:00:00,543.776
2017-10-02 08:00:00,2017-10-02 08:00:00,555.2783
2017-10-02 09:00:00,2017-10-02 09:00:00,567.8905
2017-10-02 10:00:00,2017-10-02 10:00:00,598.6812
2017-10-02 11:00:00,2017-10-02 11:00:00,627.1652
2017-10-02 12:00:00,2017-10-02 12:00:00,630.906
2017-10-02 13:00:00,2017-10-02 13:00:00,642.4752
2017-10-02 14:00:00,2017-10-02 14:00:00,645.142
2017-10-02 15:00:00,2017-10-02 15:00:00,639.6597
2017-10-02 16:00:00,2017-10-02 16:00:00,630.4262
2017-10-02 17:00:00,2017-10-02 17:00:00,628.3933
2017-10-02 18:00:00,2017-10-02 18:00:00,602.5188
2017-10-02 19:00:00,2017-10-02 19:00:00,575.9365
2017-10-02 20:00:00,2017-10-02 20:00:00,550.162
2017-10-02 21:00:00,2017-10-02 21:00:00,534.8208
2017-10-02 22:00:00,2017-10-02 22:00:00,528.0795
2017-10-02 23:00:00,2017-10-02 23:00:00,523.98
2017-10-03 00:00:00,2017-10-03 00:00:00,519.2048
2017-10-03 01:00:00,2017-10-03 01:00:00,519.3835
2017-10-03 02:00:00,2017-10-03 02:00:00,518.413
2017-10-03 03:00:00,2017-10-03 03:00:00,519.0473
2017-10-03 04:00:00,2017-10-03 04:00:00,508.557
2017-10-03 05:00:00,2017-10-03 05:00:00,505.564
2017-10-03 06:00:00,2017-10-03 06:00:00,520.0475
2017-10-03 07:00:00,2017-10-03 07:00:00,521.7927
2017-10-03 08:00:00,2017-10-03 08:00:00,536.227
2017-10-03 09:00:00,2017-10-03 09:00:00,564.3216
2017-10-03 10:00:00,2017-10-03 10:00:00,579.3089
2017-10-03 11:00:00,2017-10-03 11:00:00,604.1615
2017-10-03 12:00:00,2017-10-03 12:00:00,616.9023
2017-10-03 13:00:00,2017-10-03 13:00:00,622.5798
2017-10-03 14:00:00,2017-10-03 14:00:00,624.1692
2017-10-03 15:00:00,2017-10-03 15:00:00,627.031
2017-10-03 16:00:00,2017-10-03 16:00:00,623.4637
2017-10-03 17:00:00,2017-10-03 17:00:00,608.7615
2017-10-03 18:00:00,2017-10-03 18:00:00,571.1078
2017-10-03 19:00:00,2017-10-03 19:00:00,550.2888
2017-10-03 20:00:00,2017-10-03 20:00:00,543.5173
2017-10-03 21:00:00,2017-10-03 21:00:00,530.854
2017-10-03 22:00:00,2017-10-03 22:00:00,525.2745
2017-10-03 23:00:00,2017-10-03 23:00:00,521.1225
2017-10-04 00:00:00,2017-10-04 00:00:00,519.5938
2017-10-04 01:00:00,2017-10-04 01:00:00,518.1282
2017-10-04 02:00:00,2017-10-04 02:00:00,516.666
2017-10-04 03:00:00,2017-10-04 03:00:00,518.2572
2017-10-04 04:00:00,2017-10-04 04:00:00,520.947
2017-10-04 05:00:00,2017-10-04 05:00:00,516.3788
2017-10-04 06:00:00,2017-10-04 06:00:00,530.0753
2017-10-04 07:00:00,2017-10-04 07:00:00,534.989
2017-10-04 08:00:00,2017-10-04 08:00:00,546.6935
2017-10-04 09:00:00,2017-10-04 09:00:00,571.4318
2017-10-04 10:00:00,2017-10-04 10:00:00,597.3412
2017-10-04 11:00:00,2017-10-04 11:00:00,621.0383
2017-10-04 12:00:00,2017-10-04 12:00:00,639.7015
2017-10-04 13:00:00,2017-10-04 13:00:00,650.7035
2017-10-04 14:00:00,2017-10-04 14:00:00,652.735
2017-10-04 15:00:00,2017-10-04 15:00:00,654.4757
2017-10-04 16:00:00,2017-10-04 16:00:00,651.457
2017-10-04 17:00:00,2017-10-04 17:00:00,640.083
2017-10-04 18:00:00,2017-10-04 18:00:00,595.2965
2017-10-04 19:00:00,2017-10-04 19:00:00,556.5122
2017-10-04 20:00:00,2017-10-04 20:00:00,549.4817
2017-10-04 21:00:00,2017-10-04 21:00:00,537.9375
2017-10-04 22:00:00,2017-10-04 22:00:00,535.0948
2017-10-04 23:00:00,2017-10-04 23:00:00,542.6613
2017-10-05 00:00:00,2017-10-05 00:00:00,533.8087
2017-10-05 01:00:00,2017-10-05 01:00:00,527.292
2017-10-05 02:00:00,2017-10-05 02:00:00,516.5637
2017-10-05 03:00:00,2017-10-05 03:00:00,518.4948
2017-10-05 04:00:00,2017-10-05 04:00:00,516.4578
2017-10-05 05:00:00,2017-10-05 05:00:00,514.1155
2017-10-05 06:00:00,2017-10-05 06:00:00,527.9573
2017-10-05 07:00:00,2017-10-05 07:00:00,529.9202
2017-10-05 08:00:00,2017-10-05 08:00:00,548.5567
2017-10-05 09:00:00,2017-10-05 09:00:00,574.348
2017-10-05 10:00:00,2017-10-05 10:00:00,594.7432
2017-10-05 11:00:00,2017-10-05 11:00:00,624.9258
2017-10-05 12:00:00,2017-10-05 12:00:00,639.3678
2017-10-05 13:00:00,2017-10-05 13:00:00,651.7858
2017-10-05 14:00:00,2017-10-05 14:00:00,663.1262
2017-10-05 15:00:00,2017-10-05 15:00:00,660.656
2017-10-05 16:00:00,2017-10-05 16:00:00,659.3975
2017-10-05 17:00:00,2017-10-05 17:00:00,651.6905
2017-10-05 18:00:00,2017-10-05 18:00:00,610.4693
2017-10-05 19:00:00,2017-10-05 19:00:00,576.6965
2017-10-05 20:00:00,2017-10-05 20:00:00,557.3912
2017-10-05 21:00:00,2017-10-05 21:00:00,544.8295
2017-10-05 22:00:00,2017-10-05 22:00:00,545.9985
2017-10-05 23:00:00,2017-10-05 23:00:00,533.5473
2017-10-06 00:00:00,2017-10-06 00:00:00,525.4092
2017-10-06 01:00:00,2017-10-06 01:00:00,525.4195
2017-10-06 02:00:00,2017-10-06 02:00:00,526.4585
2017-10-06 03:00:00,2017-10-06 03:00:00,527.6672
2017-10-06 04:00:00,2017-10-06 04:00:00,524.2673
2017-10-06 05:00:00,2017-10-06 05:00:00,524.2415
2017-10-06 06:00:00,2017-10-06 06:00:00,537.6038
2017-10-06 07:00:00,2017-10-06 07:00:00,542.399
2017-10-06 08:00:00,2017-10-06 08:00:00,552.259
2017-10-06 09:00:00,2017-10-06 09:00:00,577.824
2017-10-06 10:00:00,2017-10-06 10:00:00,621.35
2017-10-06 11:00:00,2017-10-06 11:00:00,644.6495
2017-10-06 12:00:00,2017-10-06 12:00:00,664.1525
2017-10-06 13:00:00,2017-10-06 13:00:00,673.393
2017-10-06 14:00:00,2017-10-06 14:00:00,690.798
2017-10-06 15:00:00,2017-10-06 15:00:00,676.8402
2017-10-06 16:00:00,2017-10-06 16:00:00,673.7933
2017-10-06 17:00:00,2017-10-06 17:00:00,660.5395
2017-10-06 18:00:00,2017-10-06 18:00:00,619.6153
2017-10-06 19:00:00,2017-10-06 19:00:00,593.9978
2017-10-06 20:00:00,2017-10-06 20:00:00,584.7728
2017-10-06 21:00:00,2017-10-06 21:00:00,570.388
2017-10-06 22:00:00,2017-10-06 22:00:00,551.8437
2017-10-06 23:00:00,2017-10-06 23:00:00,548.3575
2017-10-07 00:00:00,2017-10-07 00:00:00,537.4468
2017-10-07 01:00:00,2017-10-07 01:00:00,536.37
2017-10-07 02:00:00,2017-10-07 02:00:00,540.7567
2017-10-07 03:00:00,2017-10-07 03:00:00,522.3167
2017-10-07 04:00:00,2017-10-07 04:00:00,517.1353
2017-10-07 05:00:00,2017-10-07 05:00:00,518.1132
2017-10-07 06:00:00,2017-10-07 06:00:00,528.9092
2017-10-07 07:00:00,2017-10-07 07:00:00,538.4423
2017-10-07 08:00:00,2017-10-07 08:00:00,532.3893
2017-10-07 09:00:00,2017-10-07 09:00:00,560.6148
2017-10-07 10:00:00,2017-10-07 10:00:00,584.5692
2017-10-07 11:00:00,2017-10-07 11:00:00,607.1133
2017-10-07 12:00:00,2017-10-07 12:00:00,618.6953
2017-10-07 13:00:00,2017-10-07 13:00:00,630.0175
2017-10-07 14:00:00,2017-10-07 14:00:00,622.8653
2017-10-07 15:00:00,2017-10-07 15:00:00,617.222
2017-10-07 16:00:00,2017-10-07 16:00:00,619.3592
2017-10-07 17:00:00,2017-10-07 17:00:00,620.1882
2017-10-07 18:00:00,2017-10-07 18:00:00,598.6735
2017-10-07 19:00:00,2017-10-07 19:00:00,584.5245
2017-10-07 20:00:00,2017-10-07 20:00:00,569.776
2017-10-07 21:00:00,2017-10-07 21:00:00,549.978
2017-10-07 22:00:00,2017-10-07 22:00:00,541.557
2017-10-07 23:00:00,2017-10-07 23:00:00,537.5882
2017-10-08 00:00:00,2017-10-08 00:00:00,529.8273
2017-10-08 01:00:00,2017-10-08 01:00:00,527.9325
2017-10-08 02:00:00,2017-10-08 02:00:00,525.4592
2017-10-08 03:00:00,2017-10-08 03:00:00,527.4373
2017-10-08 04:00:00,2017-10-08 04:00:00,523.5938
2017-10-08 05:00:00,2017-10-08 05:00:00,521.067
2017-10-08 06:00:00,2017-10-08 06:00:00,528.8363
2017-10-08 07:00:00,2017-10-08 07:00:00,529.9195
2017-10-08 08:00:00,2017-10-08 08:00:00,534.2868
2017-10-08 09:00:00,2017-10-08 09:00:00,545.2415
2017-10-08 10:00:00,2017-10-08 10:00:00,559.7788
2017-10-08 11:00:00,2017-10-08 11:00:00,583.0642
2017-10-08 12:00:00,2017-10-08 12:00:00,600.0845
2017-10-08 13:00:00,2017-10-08 13:00:00,612.7622
2017-10-08 14:00:00,2017-10-08 14:00:00,615.1277
2017-10-08 15:00:00,2017-10-08 15:00:00,618.751
2017-10-08 16:00:00,2017-10-08 16:00:00,619.2445
2017-10-08 17:00:00,2017-10-08 17:00:00,627.6225
2017-10-08 18:00:00,2017-10-08 18:00:00,602.8915
2017-10-08 19:00:00,2017-10-08 19:00:00,574.647
2017-10-08 20:00:00,2017-10-08 20:00:00,571.7605
2017-10-08 21:00:00,2017-10-08 21:00:00,567.5187
2017-10-08 22:00:00,2017-10-08 22:00:00,569.0393
2017-10-08 23:00:00,2017-10-08 23:00:00,568.8986
2017-10-09 00:00:00,2017-10-09 00:00:00,563.391
2017-10-09 01:00:00,2017-10-09 01:00:00,556.442
2017-10-09 02:00:00,2017-10-09 02:00:00,551.295
2017-10-09 03:00:00,2017-10-09 03:00:00,554.6705
2017-10-09 04:00:00,2017-10-09 04:00:00,550.1135
2017-10-09 05:00:00,2017-10-09 05:00:00,533.945
2017-10-09 06:00:00,2017-10-09 06:00:00,546.2105
2017-10-09 07:00:00,2017-10-09 07:00:00,551.3303
2017-10-09 08:00:00,2017-10-09 08:00:00,577.5032
2017-10-09 09:00:00,2017-10-09 09:00:00,597.69
2017-10-09 10:00:00,2017-10-09 10:00:00,619.9302
2017-10-09 11:00:00,2017-10-09 11:00:00,630.132
2017-10-09 12:00:00,2017-10-09 12:00:00,638.944
2017-10-09 13:00:00,2017-10-09 13:00:00,654.4402
2017-10-09 14:00:00,2017-10-09 14:00:00,671.121
2017-10-09 15:00:00,2017-10-09 15:00:00,657.4263
2017-10-09 16:00:00,2017-10-09 16:00:00,644.749
2017-10-09 17:00:00,2017-10-09 17:00:00,636.7322
2017-10-09 18:00:00,2017-10-09 18:00:00,612.7415
2017-10-09 19:00:00,2017-10-09 19:00:00,592.154
2017-10-09 20:00:00,2017-10-09 20:00:00,587.3573
2017-10-09 21:00:00,2017-10-09 21:00:00,582.4172
2017-10-09 22:00:00,2017-10-09 22:00:00,572.24
2017-10-09 23:00:00,2017-10-09 23:00:00,565.9715
2017-10-10 00:00:00,2017-10-10 00:00:00,555.9618
2017-10-10 01:00:00,2017-10-10 01:00:00,549.7868
2017-10-10 02:00:00,2017-10-10 02:00:00,547.207
2017-10-10 03:00:00,2017-10-10 03:00:00,538.9387
2017-10-10 04:00:00,2017-10-10 04:00:00,535.8602
2017-10-10 05:00:00,2017-10-10 05:00:00,531.525
2017-10-10 06:00:00,2017-10-10 06:00:00,537.64
2017-10-10 07:00:00,2017-10-10 07:00:00,542.063
2017-10-10 08:00:00,2017-10-10 08:00:00,560.2948
2017-10-10 09:00:00,2017-10-10 09:00:00,578.5263
2017-10-10 10:00:00,2017-10-10 10:00:00,610.3835
2017-10-10 11:00:00,2017-10-10 11:00:00,640.8927
2017-10-10 12:00:00,2017-10-10 12:00:00,652.7562
2017-10-10 13:00:00,2017-10-10 13:00:00,659.9443
2017-10-10 14:00:00,2017-10-10 14:00:00,657.9355
2017-10-10 15:00:00,2017-10-10 15:00:00,658.0337
2017-10-10 16:00:00,2017-10-10 16:00:00,644.493
2017-10-10 17:00:00,2017-10-10 17:00:00,621.2225
2017-10-10 18:00:00,2017-10-10 18:00:00,590.0448
2017-10-10 19:00:00,2017-10-10 19:00:00,558.409
2017-10-10 20:00:00,2017-10-10 20:00:00,536.9792
2017-10-10 21:00:00,2017-10-10 21:00:00,529.5775
2017-10-10 22:00:00,2017-10-10 22:00:00,527.4368
2017-10-10 23:00:00,2017-10-10 23:00:00,522.2215
2017-10-11 00:00:00,2017-10-11 00:00:00,515.8552
2017-10-11 01:00:00,2017-10-11 01:00:00,514.3665
2017-10-11 02:00:00,2017-10-11 02:00:00,514.014
2017-10-11 03:00:00,2017-10-11 03:00:00,515.9125
2017-10-11 04:00:00,2017-10-11 04:00:00,512.644
2017-10-11 05:00:00,2017-10-11 05:00:00,511.0345
2017-10-11 06:00:00,2017-10-11 06:00:00,522.3353
2017-10-11 07:00:00,2017-10-11 07:00:00,528.3673
2017-10-11 08:00:00,2017-10-11 08:00:00,542.2403
2017-10-11 09:00:00,2017-10-11 09:00:00,560.6142
2017-10-11 10:00:00,2017-10-11 10:00:00,570.1665
2017-10-11 11:00:00,2017-10-11 11:00:00,582.0115
2017-10-11 12:00:00,2017-10-11 12:00:00,604.4635
2017-10-11 13:00:00,2017-10-11 13:00:00,610.9637
2017-10-11 14:00:00,2017-10-11 14:00:00,627.1438
2017-10-11 15:00:00,2017-10-11 15:00:00,646.11
2017-10-11 16:00:00,2017-10-11 16:00:00,637.1782
2017-10-11 17:00:00,2017-10-11 17:00:00,622.92
2017-10-11 18:00:00,2017-10-11 18:00:00,585.4455
2017-10-11 19:00:00,2017-10-11 19:00:00,555.6595
2017-10-11 20:00:00,2017-10-11 20:00:00,542.4028
2017-10-11 21:00:00,2017-10-11 21:00:00,548.9848
2017-10-11 22:00:00,2017-10-11 22:00:00,533.9
2017-10-11 23:00:00,2017-10-11 23:00:00,532.76
2017-10-12 00:00:00,2017-10-12 00:00:00,523.1072
2017-10-12 01:00:00,2017-10-12 01:00:00,517.5955
2017-10-12 02:00:00,2017-10-12 02:00:00,518.0685
2017-10-12 03:00:00,2017-10-12 03:00:00,522.5798
2017-10-12 04:00:00,2017-10-12 04:00:00,518.6402
2017-10-12 05:00:00,2017-10-12 05:00:00,518.6728
2017-10-12 06:00:00,2017-10-12 06:00:00,530.1015
2017-10-12 07:00:00,2017-10-12 07:00:00,538.3992
2017-10-12 08:00:00,2017-10-12 08:00:00,550.131
2017-10-12 09:00:00,2017-10-12 09:00:00,564.7242
2017-10-12 10:00:00,2017-10-12 10:00:00,585.8398
2017-10-12 11:00:00,2017-10-12 11:00:00,605.8995
2017-10-12 12:00:00,2017-10-12 12:00:00,624.1785
2017-10-12 13:00:00,2017-10-12 13:00:00,637.7343
2017-10-12 14:00:00,2017-10-12 14:00:00,640.4185
2017-10-12 15:00:00,2017-10-12 15:00:00,632.1472
2017-10-12 16:00:00,2017-10-12 16:00:00,614.6282
2017-10-12 17:00:00,2017-10-12 17:00:00,600.3788
2017-10-12 18:00:00,2017-10-12 18:00:00,574.2873
2017-10-12 19:00:00,2017-10-12 19:00:00,551.7325
2017-10-12 20:00:00,2017-10-12 20:00:00,539.8118
2017-10-12 21:00:00,2017-10-12 21:00:00,534.5383
2017-10-12 22:00:00,2017-10-12 22:00:00,527.3228
2017-10-12 23:00:00,2017-10-12 23:00:00,528.4672
2017-10-13 00:00:00,2017-10-13 00:00:00,526.7912
2017-10-13 01:00:00,2017-10-13 01:00:00,516.2995
2017-10-13 02:00:00,2017-10-13 02:00:00,521.7865
2017-10-13 03:00:00,2017-10-13 03:00:00,519.2377
2017-10-13 04:00:00,2017-10-13 04:00:00,511.9808
2017-10-13 05:00:00,2017-10-13 05:00:00,513.4753
2017-10-13 06:00:00,2017-10-13 06:00:00,517.8648
2017-10-13 07:00:00,2017-10-13 07:00:00,524.642
2017-10-13 08:00:00,2017-10-13 08:00:00,537.4327
2017-10-13 09:00:00,2017-10-13 09:00:00,562.0422
2017-10-13 10:00:00,2017-10-13 10:00:00,581.0737
2017-10-13 11:00:00,2017-10-13 11:00:00,606.4682
2017-10-13 12:00:00,2017-10-13 12:00:00,627.6885
2017-10-13 13:00:00,2017-10-13 13:00:00,641.6963
2017-10-13 14:00:00,2017-10-13 14:00:00,650.958
2017-10-13 15:00:00,2017-10-13 15:00:00,647.458
2017-10-13 16:00:00,2017-10-13 16:00:00,640.142
2017-10-13 17:00:00,2017-10-13 17:00:00,627.7113
2017-10-13 18:00:00,2017-10-13 18:00:00,597.7958
2017-10-13 19:00:00,2017-10-13 19:00:00,565.279
2017-10-13 20:00:00,2017-10-13 20:00:00,553.658
2017-10-13 21:00:00,2017-10-13 21:00:00,546.666
2017-10-13 22:00:00,2017-10-13 22:00:00,531.3855
2017-10-13 23:00:00,2017-10-13 23:00:00,527.5788
2017-10-14 00:00:00,2017-10-14 00:00:00,523.7192
2017-10-14 01:00:00,2017-10-14 01:00:00,522.0598
2017-10-14 02:00:00,2017-10-14 02:00:00,528.7095
2017-10-14 03:00:00,2017-10-14 03:00:00,526.3655
2017-10-14 04:00:00,2017-10-14 04:00:00,529.3393
2017-10-14 05:00:00,2017-10-14 05:00:00,521.1678
2017-10-14 06:00:00,2017-10-14 06:00:00,526.142
2017-10-14 07:00:00,2017-10-14 07:00:00,531.4393
2017-10-14 08:00:00,2017-10-14 08:00:00,535.279
2017-10-14 09:00:00,2017-10-14 09:00:00,549.401
2017-10-14 10:00:00,2017-10-14 10:00:00,573.9153
2017-10-14 11:00:00,2017-10-14 11:00:00,590.791
2017-10-14 12:00:00,2017-10-14 12:00:00,600.9375
2017-10-14 13:00:00,2017-10-14 13:00:00,601.1658
2017-10-14 14:00:00,2017-10-14 14:00:00,606.9507
2017-10-14 15:00:00,2017-10-14 15:00:00,604.5517
2017-10-14 16:00:00,2017-10-14 16:00:00,603.1115
2017-10-14 17:00:00,2017-10-14 17:00:00,603.4583
2017-10-14 18:00:00,2017-10-14 18:00:00,585.3865
2017-10-14 19:00:00,2017-10-14 19:00:00,574.8788
2017-10-14 20:00:00,2017-10-14 20:00:00,566.9875
2017-10-14 21:00:00,2017-10-14 21:00:00,566.5375
2017-10-14 22:00:00,2017-10-14 22:00:00,565.0038
2017-10-14 23:00:00,2017-10-14 23:00:00,532.1698
2017-10-15 00:00:00,2017-10-15 00:00:00,524.9702
2017-10-15 01:00:00,2017-10-15 01:00:00,519.2445
2017-10-15 02:00:00,2017-10-15 02:00:00,518.4755
2017-10-15 03:00:00,2017-10-15 03:00:00,510.8438
2017-10-15 04:00:00,2017-10-15 04:00:00,534.2802
2017-10-15 05:00:00,2017-10-15 05:00:00,535.018
2017-10-15 06:00:00,2017-10-15 06:00:00,547.5492
2017-10-15 07:00:00,2017-10-15 07:00:00,550.5737
2017-10-15 08:00:00,2017-10-15 08:00:00,550.3038
2017-10-15 09:00:00,2017-10-15 09:00:00,558.7848
2017-10-15 10:00:00,2017-10-15 10:00:00,577.528
2017-10-15 11:00:00,2017-10-15 11:00:00,588.5537
2017-10-15 12:00:00,2017-10-15 12:00:00,599.7527
2017-10-15 13:00:00,2017-10-15 13:00:00,617.3093
2017-10-15 14:00:00,2017-10-15 14:00:00,617.0113
2017-10-15 15:00:00,2017-10-15 15:00:00,623.607
2017-10-15 16:00:00,2017-10-15 16:00:00,613.6085
2017-10-15 17:00:00,2017-10-15 17:00:00,619.0325
2017-10-15 18:00:00,2017-10-15 18:00:00,592.5467
2017-10-15 19:00:00,2017-10-15 19:00:00,574.0615
2017-10-15 20:00:00,2017-10-15 20:00:00,569.9458
2017-10-15 21:00:00,2017-10-15 21:00:00,565.6162
2017-10-15 22:00:00,2017-10-15 22:00:00,564.9357
2017-10-15 23:00:00,2017-10-15 23:00:00,560.0382
2017-10-16 00:00:00,2017-10-16 00:00:00,550.4675
2017-10-16 01:00:00,2017-10-16 01:00:00,536.3402
2017-10-16 02:00:00,2017-10-16 02:00:00,536.5912
2017-10-16 03:00:00,2017-10-16 03:00:00,533.0312
2017-10-16 04:00:00,2017-10-16 04:00:00,526.44
2017-10-16 05:00:00,2017-10-16 05:00:00,522.9708
2017-10-16 06:00:00,2017-10-16 06:00:00,534.7015
2017-10-16 07:00:00,2017-10-16 07:00:00,542.03
2017-10-16 08:00:00,2017-10-16 08:00:00,557.431
2017-10-16 09:00:00,2017-10-16 09:00:00,581.2807
2017-10-16 10:00:00,2017-10-16 10:00:00,597.1813
2017-10-16 11:00:00,2017-10-16 11:00:00,620.008
2017-10-16 12:00:00,2017-10-16 12:00:00,628.2853
2017-10-16 13:00:00,2017-10-16 13:00:00,644.401
2017-10-16 14:00:00,2017-10-16 14:00:00,651.1643
2017-10-16 15:00:00,2017-10-16 15:00:00,662.0338
2017-10-16 16:00:00,2017-10-16 16:00:00,654.9603
2017-10-16 17:00:00,2017-10-16 17:00:00,651.0615
2017-10-16 18:00:00,2017-10-16 18:00:00,606.6407
2017-10-16 19:00:00,2017-10-16 19:00:00,585.052
2017-10-16 20:00:00,2017-10-16 20:00:00,580.3332
2017-10-16 21:00:00,2017-10-16 21:00:00,569.2905
2017-10-16 22:00:00,2017-10-16 22:00:00,564.296
2017-10-16 23:00:00,2017-10-16 23:00:00,558.6008
2017-10-17 00:00:00,2017-10-17 00:00:00,554.6767
2017-10-17 01:00:00,2017-10-17 01:00:00,545.8463
2017-10-17 02:00:00,2017-10-17 02:00:00,538.6697
2017-10-17 03:00:00,2017-10-17 03:00:00,530.374
2017-10-17 04:00:00,2017-10-17 04:00:00,528.0125
2017-10-17 05:00:00,2017-10-17 05:00:00,523.2992
2017-10-17 06:00:00,2017-10-17 06:00:00,536.0183
2017-10-17 07:00:00,2017-10-17 07:00:00,542.7865
2017-10-17 08:00:00,2017-10-17 08:00:00,557.176
2017-10-17 09:00:00,2017-10-17 09:00:00,581.8653
2017-10-17 10:00:00,2017-10-17 10:00:00,612.4305
2017-10-17 11:00:00,2017-10-17 11:00:00,622.5787
2017-10-17 12:00:00,2017-10-17 12:00:00,634.6578
2017-10-17 13:00:00,2017-10-17 13:00:00,641.1027
2017-10-17 14:00:00,2017-10-17 14:00:00,631.6667
2017-10-17 15:00:00,2017-10-17 15:00:00,635.1635
2017-10-17 16:00:00,2017-10-17 16:00:00,626.5722
2017-10-17 17:00:00,2017-10-17 17:00:00,614.3477
2017-10-17 18:00:00,2017-10-17 18:00:00,552.4392
2017-10-17 19:00:00,2017-10-17 19:00:00,520.7908
2017-10-17 20:00:00,2017-10-17 20:00:00,508.6185
2017-10-17 21:00:00,2017-10-17 21:00:00,501.3757
2017-10-17 22:00:00,2017-10-17 22:00:00,496.2447
2017-10-17 23:00:00,2017-10-17 23:00:00,491.8842
2017-10-18 00:00:00,2017-10-18 00:00:00,486.8497
2017-10-18 01:00:00,2017-10-18 01:00:00,485.372
2017-10-18 02:00:00,2017-10-18 02:00:00,482.2455
2017-10-18 03:00:00,2017-10-18 03:00:00,481.2023
2017-10-18 04:00:00,2017-10-18 04:00:00,482.2648
2017-10-18 05:00:00,2017-10-18 05:00:00,481.78
2017-10-18 06:00:00,2017-10-18 06:00:00,496.1555
2017-10-18 07:00:00,2017-10-18 07:00:00,499.2385
2017-10-18 08:00:00,2017-10-18 08:00:00,508.0783
2017-10-18 09:00:00,2017-10-18 09:00:00,525.1023
2017-10-18 10:00:00,2017-10-18 10:00:00,548.7015
2017-10-18 11:00:00,2017-10-18 11:00:00,565.8152
2017-10-18 12:00:00,2017-10-18 12:00:00,576.0592
2017-10-18 13:00:00,2017-10-18 13:00:00,587.0077
2017-10-18 14:00:00,2017-10-18 14:00:00,575.289
2017-10-18 15:00:00,2017-10-18 15:00:00,570.9655
2017-10-18 16:00:00,2017-10-18 16:00:00,556.7923
2017-10-18 17:00:00,2017-10-18 17:00:00,540.6988
2017-10-18 18:00:00,2017-10-18 18:00:00,517.4367
2017-10-18 19:00:00,2017-10-18 19:00:00,508.7933
2017-10-18 20:00:00,2017-10-18 20:00:00,500.8112
2017-10-18 21:00:00,2017-10-18 21:00:00,501.128
2017-10-18 22:00:00,2017-10-18 22:00:00,496.2912
2017-10-18 23:00:00,2017-10-18 23:00:00,489.3145
2017-10-19 00:00:00,2017-10-19 00:00:00,484.3202
2017-10-19 01:00:00,2017-10-19 01:00:00,482.9078
2017-10-19 02:00:00,2017-10-19 02:00:00,483.9015
2017-10-19 03:00:00,2017-10-19 03:00:00,484.0355
2017-10-19 04:00:00,2017-10-19 04:00:00,485.5637
2017-10-19 05:00:00,2017-10-19 05:00:00,484.298
2017-10-19 06:00:00,2017-10-19 06:00:00,496.8963
2017-10-19 07:00:00,2017-10-19 07:00:00,504.8872
2017-10-19 08:00:00,2017-10-19 08:00:00,520.31
2017-10-19 09:00:00,2017-10-19 09:00:00,534.86
2017-10-19 10:00:00,2017-10-19 10:00:00,546.472
2017-10-19 11:00:00,2017-10-19 11:00:00,552.5415
2017-10-19 12:00:00,2017-10-19 12:00:00,563.5015
2017-10-19 13:00:00,2017-10-19 13:00:00,566.39
2017-10-19 14:00:00,2017-10-19 14:00:00,566.1025
2017-10-19 15:00:00,2017-10-19 15:00:00,567.0073
2017-10-19 16:00:00,2017-10-19 16:00:00,562.0655
2017-10-19 17:00:00,2017-10-19 17:00:00,562.0417
2017-10-19 18:00:00,2017-10-19 18:00:00,549.9655
2017-10-19 19:00:00,2017-10-19 19:00:00,551.666
2017-10-19 20:00:00,2017-10-19 20:00:00,544.567
2017-10-19 21:00:00,2017-10-19 21:00:00,546.0465
2017-10-19 22:00:00,2017-10-19 22:00:00,549.5075
2017-10-19 23:00:00,2017-10-19 23:00:00,540.4845
2017-10-20 00:00:00,2017-10-20 00:00:00,493.6928
2017-10-20 01:00:00,2017-10-20 01:00:00,490.3028
2017-10-20 02:00:00,2017-10-20 02:00:00,490.1072
2017-10-20 03:00:00,2017-10-20 03:00:00,490.253
2017-10-20 04:00:00,2017-10-20 04:00:00,488.8507
2017-10-20 05:00:00,2017-10-20 05:00:00,487.2847
2017-10-20 06:00:00,2017-10-20 06:00:00,500.5938
2017-10-20 07:00:00,2017-10-20 07:00:00,506.2233
2017-10-20 08:00:00,2017-10-20 08:00:00,520.1693
2017-10-20 09:00:00,2017-10-20 09:00:00,531.1193
2017-10-20 10:00:00,2017-10-20 10:00:00,548.0827
2017-10-20 11:00:00,2017-10-20 11:00:00,557.6783
2017-10-20 12:00:00,2017-10-20 12:00:00,559.5557
2017-10-20 13:00:00,2017-10-20 13:00:00,561.8357
2017-10-20 14:00:00,2017-10-20 14:00:00,594.2805
2017-10-20 15:00:00,2017-10-20 15:00:00,599.6345
2017-10-20 16:00:00,2017-10-20 16:00:00,582.8458
2017-10-20 17:00:00,2017-10-20 17:00:00,572.5165
2017-10-20 18:00:00,2017-10-20 18:00:00,552.8338
2017-10-20 19:00:00,2017-10-20 19:00:00,540.5083
2017-10-20 20:00:00,2017-10-20 20:00:00,533.3475
2017-10-20 21:00:00,2017-10-20 21:00:00,526.909
2017-10-20 22:00:00,2017-10-20 22:00:00,520.4557
2017-10-20 23:00:00,2017-10-20 23:00:00,519.2443
2017-10-21 00:00:00,2017-10-21 00:00:00,515.0172
2017-10-21 01:00:00,2017-10-21 01:00:00,511.442
2017-10-21 02:00:00,2017-10-21 02:00:00,510.1855
2017-10-21 03:00:00,2017-10-21 03:00:00,509.1203
2017-10-21 04:00:00,2017-10-21 04:00:00,508.3222
2017-10-21 05:00:00,2017-10-21 05:00:00,506.8755
2017-10-21 06:00:00,2017-10-21 06:00:00,519.5003
2017-10-21 07:00:00,2017-10-21 07:00:00,524.604
2017-10-21 08:00:00,2017-10-21 08:00:00,524.3065
2017-10-21 09:00:00,2017-10-21 09:00:00,527.5938
2017-10-21 10:00:00,2017-10-21 10:00:00,540.5287
2017-10-21 11:00:00,2017-10-21 11:00:00,556.3235
2017-10-21 12:00:00,2017-10-21 12:00:00,571.3663
2017-10-21 13:00:00,2017-10-21 13:00:00,579.903
2017-10-21 14:00:00,2017-10-21 14:00:00,585.1195
2017-10-21 15:00:00,2017-10-21 15:00:00,590.051
2017-10-21 16:00:00,2017-10-21 16:00:00,580.34
2017-10-21 17:00:00,2017-10-21 17:00:00,571.7007
2017-10-21 18:00:00,2017-10-21 18:00:00,548.8968
2017-10-21 19:00:00,2017-10-21 19:00:00,537.9548
2017-10-21 20:00:00,2017-10-21 20:00:00,537.543
2017-10-21 21:00:00,2017-10-21 21:00:00,530.067
2017-10-21 22:00:00,2017-10-21 22:00:00,528.666
2017-10-21 23:00:00,2017-10-21 23:00:00,531.403
2017-10-22 00:00:00,2017-10-22 00:00:00,522.4255
2017-10-22 01:00:00,2017-10-22 01:00:00,517.3237
2017-10-22 02:00:00,2017-10-22 02:00:00,519.597
2017-10-22 03:00:00,2017-10-22 03:00:00,520.1195
2017-10-22 04:00:00,2017-10-22 04:00:00,517.322
2017-10-22 05:00:00,2017-10-22 05:00:00,518.1578
2017-10-22 06:00:00,2017-10-22 06:00:00,524.6963
2017-10-22 07:00:00,2017-10-22 07:00:00,528.8125
2017-10-22 08:00:00,2017-10-22 08:00:00,533.1765
2017-10-22 09:00:00,2017-10-22 09:00:00,545.0042
2017-10-22 10:00:00,2017-10-22 10:00:00,560.1025
2017-10-22 11:00:00,2017-10-22 11:00:00,582.7388
2017-10-22 12:00:00,2017-10-22 12:00:00,596.7662
2017-10-22 13:00:00,2017-10-22 13:00:00,607.4425
2017-10-22 14:00:00,2017-10-22 14:00:00,610.3515
2017-10-22 15:00:00,2017-10-22 15:00:00,613.6005
2017-10-22 16:00:00,2017-10-22 16:00:00,617.992
2017-10-22 17:00:00,2017-10-22 17:00:00,615.4702
2017-10-22 18:00:00,2017-10-22 18:00:00,597.561
2017-10-22 19:00:00,2017-10-22 19:00:00,574.04
2017-10-22 20:00:00,2017-10-22 20:00:00,557.869
2017-10-22 21:00:00,2017-10-22 21:00:00,553.617
2017-10-22 22:00:00,2017-10-22 22:00:00,555.4348
2017-10-22 23:00:00,2017-10-22 23:00:00,550.284
2017-10-23 00:00:00,2017-10-23 00:00:00,542.901
2017-10-23 01:00:00,2017-10-23 01:00:00,543.3985
2017-10-23 02:00:00,2017-10-23 02:00:00,540.944
2017-10-23 03:00:00,2017-10-23 03:00:00,540.6893
2017-10-23 04:00:00,2017-10-23 04:00:00,539.392
2017-10-23 05:00:00,2017-10-23 05:00:00,536.2652
2017-10-23 06:00:00,2017-10-23 06:00:00,547.819
2017-10-23 07:00:00,2017-10-23 07:00:00,557.0065
2017-10-23 08:00:00,2017-10-23 08:00:00,569.4172
2017-10-23 09:00:00,2017-10-23 09:00:00,602.287
2017-10-23 10:00:00,2017-10-23 10:00:00,640.251
2017-10-23 11:00:00,2017-10-23 11:00:00,659.6788
2017-10-23 12:00:00,2017-10-23 12:00:00,669.902
2017-10-23 13:00:00,2017-10-23 13:00:00,678.7465
2017-10-23 14:00:00,2017-10-23 14:00:00,683.4202
2017-10-23 15:00:00,2017-10-23 15:00:00,685.5165
2017-10-23 16:00:00,2017-10-23 16:00:00,681.5681
2017-10-23 17:00:00,2017-10-23 17:00:00,668.0204
2017-10-23 18:00:00,2017-10-23 18:00:00,639.1475
2017-10-23 19:00:00,2017-10-23 19:00:00,618.1258
2017-10-23 20:00:00,2017-10-23 20:00:00,612.5582
2017-10-23 21:00:00,2017-10-23 21:00:00,606.6432
2017-10-23 22:00:00,2017-10-23 22:00:00,606.0948
2017-10-23 23:00:00,2017-10-23 23:00:00,603.3963
2017-10-24 00:00:00,2017-10-24 00:00:00,608.948
2017-10-24 01:00:00,2017-10-24 01:00:00,617.654
2017-10-24 02:00:00,2017-10-24 02:00:00,612.5415
2017-10-24 03:00:00,2017-10-24 03:00:00,610.5925
2017-10-24 04:00:00,2017-10-24 04:00:00,605.7232
2017-10-24 05:00:00,2017-10-24 05:00:00,604.2802
2017-10-24 06:00:00,2017-10-24 06:00:00,622.914
2017-10-24 07:00:00,2017-10-24 07:00:00,635.1552
2017-10-24 08:00:00,2017-10-24 08:00:00,646.0132
2017-10-24 09:00:00,2017-10-24 09:00:00,673.063
2017-10-24 10:00:00,2017-10-24 10:00:00,678.0977
2017-10-24 11:00:00,2017-10-24 11:00:00,689.2705
2017-10-24 12:00:00,2017-10-24 12:00:00,697.1695
2017-10-24 13:00:00,2017-10-24 13:00:00,700.4515
2017-10-24 14:00:00,2017-10-24 14:00:00,716.301
2017-10-24 15:00:00,2017-10-24 15:00:00,717.0745
2017-10-24 16:00:00,2017-10-24 16:00:00,716.0465
2017-10-24 17:00:00,2017-10-24 17:00:00,693.0132
2017-10-24 18:00:00,2017-10-24 18:00:00,667.1422
2017-10-24 19:00:00,2017-10-24 19:00:00,638.2773
2017-10-24 20:00:00,2017-10-24 20:00:00,624.5147
2017-10-24 21:00:00,2017-10-24 21:00:00,615.3282
2017-10-24 22:00:00,2017-10-24 22:00:00,611.3665
2017-10-24 23:00:00,2017-10-24 23:00:00,607.294
2017-10-25 00:00:00,2017-10-25 00:00:00,602.812
2017-10-25 01:00:00,2017-10-25 01:00:00,602.0815
2017-10-25 02:00:00,2017-10-25 02:00:00,593.6748
2017-10-25 03:00:00,2017-10-25 03:00:00,585.4898
2017-10-25 04:00:00,2017-10-25 04:00:00,582.0125
2017-10-25 05:00:00,2017-10-25 05:00:00,580.7233
2017-10-25 06:00:00,2017-10-25 06:00:00,595.1675
2017-10-25 07:00:00,2017-10-25 07:00:00,608.4877
2017-10-25 08:00:00,2017-10-25 08:00:00,620.5268
2017-10-25 09:00:00,2017-10-25 09:00:00,638.2465
2017-10-25 10:00:00,2017-10-25 10:00:00,654.9295
2017-10-25 11:00:00,2017-10-25 11:00:00,690.4262
2017-10-25 12:00:00,2017-10-25 12:00:00,670.4392
2017-10-25 13:00:00,2017-10-25 13:00:00,666.4563
2017-10-25 14:00:00,2017-10-25 14:00:00,688.4235
2017-10-25 15:00:00,2017-10-25 15:00:00,689.206
2017-10-25 16:00:00,2017-10-25 16:00:00,687.3528
2017-10-25 17:00:00,2017-10-25 17:00:00,675.3553
2017-10-25 18:00:00,2017-10-25 18:00:00,646.3017
2017-10-25 19:00:00,2017-10-25 19:00:00,605.1832
2017-10-25 20:00:00,2017-10-25 20:00:00,592.0867
2017-10-25 21:00:00,2017-10-25 21:00:00,587.7727
2017-10-25 22:00:00,2017-10-25 22:00:00,582.931
2017-10-25 23:00:00,2017-10-25 23:00:00,577.5565
2017-10-26 00:00:00,2017-10-26 00:00:00,571.335
2017-10-26 01:00:00,2017-10-26 01:00:00,566.5428
2017-10-26 02:00:00,2017-10-26 02:00:00,563.5918
2017-10-26 03:00:00,2017-10-26 03:00:00,555.4903
2017-10-26 04:00:00,2017-10-26 04:00:00,550.318
2017-10-26 05:00:00,2017-10-26 05:00:00,544.7238
2017-10-26 06:00:00,2017-10-26 06:00:00,561.0455
2017-10-26 07:00:00,2017-10-26 07:00:00,573.8508
2017-10-26 08:00:00,2017-10-26 08:00:00,583.4352
2017-10-26 09:00:00,2017-10-26 09:00:00,588.6035
2017-10-26 10:00:00,2017-10-26 10:00:00,561.9082
2017-10-26 11:00:00,2017-10-26 11:00:00,599.0371
2017-10-26 12:00:00,2017-10-26 12:00:00,608.2467
2017-10-26 13:00:00,2017-10-26 13:00:00,615.2633
2017-10-26 14:00:00,2017-10-26 14:00:00,615.7578
2017-10-26 15:00:00,2017-10-26 15:00:00,616.1813
2017-10-26 16:00:00,2017-10-26 16:00:00,620.0245
2017-10-26 17:00:00,2017-10-26 17:00:00,604.5882
2017-10-26 18:00:00,2017-10-26 18:00:00,576.9395
2017-10-26 19:00:00,2017-10-26 19:00:00,554.1645
2017-10-26 20:00:00,2017-10-26 20:00:00,539.7378
2017-10-26 21:00:00,2017-10-26 21:00:00,526.7025
2017-10-26 22:00:00,2017-10-26 22:00:00,522.2008
2017-10-26 23:00:00,2017-10-26 23:00:00,516.5052
2017-10-27 00:00:00,2017-10-27 00:00:00,501.5668
2017-10-27 01:00:00,2017-10-27 01:00:00,492.0743
2017-10-27 02:00:00,2017-10-27 02:00:00,489.269
2017-10-27 03:00:00,2017-10-27 03:00:00,485.8728
2017-10-27 04:00:00,2017-10-27 04:00:00,478.8252
2017-10-27 05:00:00,2017-10-27 05:00:00,481.8763
2017-10-27 06:00:00,2017-10-27 06:00:00,497.3655
2017-10-27 07:00:00,2017-10-27 07:00:00,507.183
2017-10-27 08:00:00,2017-10-27 08:00:00,514.063
2017-10-27 09:00:00,2017-10-27 09:00:00,548.8498
2017-10-27 10:00:00,2017-10-27 10:00:00,577.0398
2017-10-27 11:00:00,2017-10-27 11:00:00,592.5248
2017-10-27 12:00:00,2017-10-27 12:00:00,602.8967
2017-10-27 13:00:00,2017-10-27 13:00:00,608.8997
2017-10-27 14:00:00,2017-10-27 14:00:00,661.2127
2017-10-27 15:00:00,2017-10-27 15:00:00,716.3725
2017-10-27 16:00:00,2017-10-27 16:00:00,710.8065
2017-10-27 17:00:00,2017-10-27 17:00:00,687.077
2017-10-27 18:00:00,2017-10-27 18:00:00,650.3475
2017-10-27 19:00:00,2017-10-27 19:00:00,621.4567
2017-10-27 20:00:00,2017-10-27 20:00:00,603.942
2017-10-27 21:00:00,2017-10-27 21:00:00,584.643
2017-10-27 22:00:00,2017-10-27 22:00:00,557.8768
2017-10-27 23:00:00,2017-10-27 23:00:00,544.0765
2017-10-28 00:00:00,2017-10-28 00:00:00,537.115
2017-10-28 01:00:00,2017-10-28 01:00:00,534.162
2017-10-28 02:00:00,2017-10-28 02:00:00,537.546
2017-10-28 03:00:00,2017-10-28 03:00:00,535.0625
2017-10-28 04:00:00,2017-10-28 04:00:00,533.8552
2017-10-28 05:00:00,2017-10-28 05:00:00,531.4395
2017-10-28 06:00:00,2017-10-28 06:00:00,542.64
2017-10-28 07:00:00,2017-10-28 07:00:00,546.3265
2017-10-28 08:00:00,2017-10-28 08:00:00,548.4175
2017-10-28 09:00:00,2017-10-28 09:00:00,555.0778
2017-10-28 10:00:00,2017-10-28 10:00:00,567.2095
2017-10-28 11:00:00,2017-10-28 11:00:00,593.3895
2017-10-28 12:00:00,2017-10-28 12:00:00,618.2537
2017-10-28 13:00:00,2017-10-28 13:00:00,639.962
2017-10-28 14:00:00,2017-10-28 14:00:00,641.7772
2017-10-28 15:00:00,2017-10-28 15:00:00,634.67
2017-10-28 16:00:00,2017-10-28 16:00:00,619.113
2017-10-28 17:00:00,2017-10-28 17:00:00,587.919
2017-10-28 18:00:00,2017-10-28 18:00:00,554.3768
2017-10-28 19:00:00,2017-10-28 19:00:00,542.9455
2017-10-28 20:00:00,2017-10-28 20:00:00,541.6683
2017-10-28 21:00:00,2017-10-28 21:00:00,538.76
2017-10-28 22:00:00,2017-10-28 22:00:00,538.425
2017-10-28 23:00:00,2017-10-28 23:00:00,540.0528
2017-10-29 00:00:00,2017-10-29 00:00:00,531.7372
2017-10-29 01:00:00,2017-10-29 01:00:00,529.2532
2017-10-29 02:00:00,2017-10-29 02:00:00,524.4018
2017-10-29 03:00:00,2017-10-29 03:00:00,525.6942
2017-10-29 04:00:00,2017-10-29 04:00:00,525.3665
2017-10-29 05:00:00,2017-10-29 05:00:00,523.719
2017-10-29 06:00:00,2017-10-29 06:00:00,534.1153
2017-10-29 07:00:00,2017-10-29 07:00:00,537.2505
2017-10-29 08:00:00,2017-10-29 08:00:00,537.683
2017-10-29 09:00:00,2017-10-29 09:00:00,542.864
2017-10-29 10:00:00,2017-10-29 10:00:00,550.905
2017-10-29 11:00:00,2017-10-29 11:00:00,557.0563
2017-10-29 12:00:00,2017-10-29 12:00:00,560.4235
2017-10-29 13:00:00,2017-10-29 13:00:00,561.7857
2017-10-29 14:00:00,2017-10-29 14:00:00,564.9768
2017-10-29 15:00:00,2017-10-29 15:00:00,580.8655
2017-10-29 16:00:00,2017-10-29 16:00:00,589.644
2017-10-29 17:00:00,2017-10-29 17:00:00,579.7935
2017-10-29 18:00:00,2017-10-29 18:00:00,548.6335
2017-10-29 19:00:00,2017-10-29 19:00:00,539.2825
2017-10-29 20:00:00,2017-10-29 20:00:00,536.9157
2017-10-29 21:00:00,2017-10-29 21:00:00,536.2225
2017-10-29 22:00:00,2017-10-29 22:00:00,536.139
2017-10-29 23:00:00,2017-10-29 23:00:00,532.642
2017-10-30 00:00:00,2017-10-30 00:00:00,528.1345
2017-10-30 01:00:00,2017-10-30 01:00:00,525.624
2017-10-30 02:00:00,2017-10-30 02:00:00,522.9237
2017-10-30 03:00:00,2017-10-30 03:00:00,522.6315
2017-10-30 04:00:00,2017-10-30 04:00:00,523.5063
2017-10-30 05:00:00,2017-10-30 05:00:00,522.1685
2017-10-30 06:00:00,2017-10-30 06:00:00,536.8258
2017-10-30 07:00:00,2017-10-30 07:00:00,542.819
2017-10-30 08:00:00,2017-10-30 08:00:00,552.325
2017-10-30 09:00:00,2017-10-30 09:00:00,567.5995
2017-10-30 10:00:00,2017-10-30 10:00:00,578.6517
2017-10-30 11:00:00,2017-10-30 11:00:00,585.8558
2017-10-30 12:00:00,2017-10-30 12:00:00,595.2797
2017-10-30 13:00:00,2017-10-30 13:00:00,595.5485
2017-10-30 14:00:00,2017-10-30 14:00:00,602.8382
2017-10-30 15:00:00,2017-10-30 15:00:00,604.3678
2017-10-30 16:00:00,2017-10-30 16:00:00,603.3477
2017-10-30 17:00:00,2017-10-30 17:00:00,596.48
2017-10-30 18:00:00,2017-10-30 18:00:00,571.0522
2017-10-30 19:00:00,2017-10-30 19:00:00,558.1327
2017-10-30 20:00:00,2017-10-30 20:00:00,552.0673
2017-10-30 21:00:00,2017-10-30 21:00:00,548.9198
2017-10-30 22:00:00,2017-10-30 22:00:00,542.801
2017-10-30 23:00:00,2017-10-30 23:00:00,541.8205
2017-10-31 00:00:00,2017-10-31 00:00:00,539.7383
2017-10-31 01:00:00,2017-10-31 01:00:00,539.4095
2017-10-31 02:00:00,2017-10-31 02:00:00,531.0358
2017-10-31 03:00:00,2017-10-31 03:00:00,536.0562
2017-10-31 04:00:00,2017-10-31 04:00:00,533.3693
2017-10-31 05:00:00,2017-10-31 05:00:00,530.5782
2017-10-31 06:00:00,2017-10-31 06:00:00,542.3165
2017-10-31 07:00:00,2017-10-31 07:00:00,550.6748
2017-10-31 08:00:00,2017-10-31 08:00:00,559.506
2017-10-31 09:00:00,2017-10-31 09:00:00,573.5898
2017-10-31 10:00:00,2017-10-31 10:00:00,593.2323
2017-10-31 11:00:00,2017-10-31 11:00:00,611.0415
2017-10-31 12:00:00,2017-10-31 12:00:00,628.9613
2017-10-31 13:00:00,2017-10-31 13:00:00,636.9305
2017-10-31 14:00:00,2017-10-31 14:00:00,635.6698
2017-10-31 15:00:00,2017-10-31 15:00:00,625.8008
2017-10-31 16:00:00,2017-10-31 16:00:00,607.3345
2017-10-31 17:00:00,2017-10-31 17:00:00,593.4735
2017-10-31 18:00:00,2017-10-31 18:00:00,573.499
2017-10-31 19:00:00,2017-10-31 19:00:00,554.702
2017-10-31 20:00:00,2017-10-31 20:00:00,547.5703
2017-10-31 21:00:00,2017-10-31 21:00:00,543.5965
2017-10-31 22:00:00,2017-10-31 22:00:00,538.423
2017-10-31 23:00:00,2017-10-31 23:00:00,538.1445
2017-11-01 00:00:00,2017-11-01 00:00:00,535.9325
2017-11-01 01:00:00,2017-11-01 01:00:00,530.8945
2017-11-01 02:00:00,2017-11-01 02:00:00,532.6972
2017-11-01 03:00:00,2017-11-01 03:00:00,533.156
2017-11-01 04:00:00,2017-11-01 04:00:00,531.256
2017-11-01 05:00:00,2017-11-01 05:00:00,531.2528
2017-11-01 06:00:00,2017-11-01 06:00:00,544.027
2017-11-01 07:00:00,2017-11-01 07:00:00,547.028
2017-11-01 08:00:00,2017-11-01 08:00:00,557.1355
2017-11-01 09:00:00,2017-11-01 09:00:00,578.1707
2017-11-01 10:00:00,2017-11-01 10:00:00,596.5728
2017-11-01 11:00:00,2017-11-01 11:00:00,612.9623
2017-11-01 12:00:00,2017-11-01 12:00:00,631.1402
2017-11-01 13:00:00,2017-11-01 13:00:00,643.2905
2017-11-01 14:00:00,2017-11-01 14:00:00,651.6898
2017-11-01 15:00:00,2017-11-01 15:00:00,636.2348
2017-11-01 16:00:00,2017-11-01 16:00:00,610.3588
2017-11-01 17:00:00,2017-11-01 17:00:00,597.6275
2017-11-01 18:00:00,2017-11-01 18:00:00,571.8102
2017-11-01 19:00:00,2017-11-01 19:00:00,552.574
2017-11-01 20:00:00,2017-11-01 20:00:00,542.877
2017-11-01 21:00:00,2017-11-01 21:00:00,542.3683
2017-11-01 22:00:00,2017-11-01 22:00:00,538.1692
2017-11-01 23:00:00,2017-11-01 23:00:00,536.996
2017-11-02 00:00:00,2017-11-02 00:00:00,532.866
2017-11-02 01:00:00,2017-11-02 01:00:00,530.1673
2017-11-02 02:00:00,2017-11-02 02:00:00,526.161
2017-11-02 03:00:00,2017-11-02 03:00:00,523.8465
2017-11-02 04:00:00,2017-11-02 04:00:00,523.8462
2017-11-02 05:00:00,2017-11-02 05:00:00,524.0357
2017-11-02 06:00:00,2017-11-02 06:00:00,537.476
2017-11-02 07:00:00,2017-11-02 07:00:00,544.5725
2017-11-02 08:00:00,2017-11-02 08:00:00,554.4588
2017-11-02 09:00:00,2017-11-02 09:00:00,573.5452
2017-11-02 10:00:00,2017-11-02 10:00:00,587.2315
2017-11-02 11:00:00,2017-11-02 11:00:00,600.6038
2017-11-02 12:00:00,2017-11-02 12:00:00,615.0797
2017-11-02 13:00:00,2017-11-02 13:00:00,623.5568
2017-11-02 14:00:00,2017-11-02 14:00:00,628.2817
2017-11-02 15:00:00,2017-11-02 15:00:00,635.6032
2017-11-02 16:00:00,2017-11-02 16:00:00,620.1518
2017-11-02 17:00:00,2017-11-02 17:00:00,602.6195
2017-11-02 18:00:00,2017-11-02 18:00:00,573.719
2017-11-02 19:00:00,2017-11-02 19:00:00,560.2702
2017-11-02 20:00:00,2017-11-02 20:00:00,553.4438
2017-11-02 21:00:00,2017-11-02 21:00:00,546.9405
2017-11-02 22:00:00,2017-11-02 22:00:00,541.0447
2017-11-02 23:00:00,2017-11-02 23:00:00,539.0165
2017-11-03 00:00:00,2017-11-03 00:00:00,537.055
2017-11-03 01:00:00,2017-11-03 01:00:00,539.643
2017-11-03 02:00:00,2017-11-03 02:00:00,536.9598
2017-11-03 03:00:00,2017-11-03 03:00:00,541.4145
2017-11-03 04:00:00,2017-11-03 04:00:00,535.2018
2017-11-03 05:00:00,2017-11-03 05:00:00,532.8785
2017-11-03 06:00:00,2017-11-03 06:00:00,548.5178
2017-11-03 07:00:00,2017-11-03 07:00:00,553.6245
2017-11-03 08:00:00,2017-11-03 08:00:00,562.8737
2017-11-03 09:00:00,2017-11-03 09:00:00,576.0732
2017-11-03 10:00:00,2017-11-03 10:00:00,593.8807
2017-11-03 11:00:00,2017-11-03 11:00:00,603.5135
2017-11-03 12:00:00,2017-11-03 12:00:00,610.8575
2017-11-03 13:00:00,2017-11-03 13:00:00,616.7618
2017-11-03 14:00:00,2017-11-03 14:00:00,622.4405
2017-11-03 15:00:00,2017-11-03 15:00:00,623.506
2017-11-03 16:00:00,2017-11-03 16:00:00,614.3702
2017-11-03 17:00:00,2017-11-03 17:00:00,611.327
2017-11-03 18:00:00,2017-11-03 18:00:00,592.0805
2017-11-03 19:00:00,2017-11-03 19:00:00,575.7015
2017-11-03 20:00:00,2017-11-03 20:00:00,573.0648
2017-11-03 21:00:00,2017-11-03 21:00:00,565.9077
2017-11-03 22:00:00,2017-11-03 22:00:00,554.071
2017-11-03 23:00:00,2017-11-03 23:00:00,547.3853
2017-11-04 00:00:00,2017-11-04 00:00:00,539.8987
2017-11-04 01:00:00,2017-11-04 01:00:00,541.2283
2017-11-04 02:00:00,2017-11-04 02:00:00,539.4682
2017-11-04 03:00:00,2017-11-04 03:00:00,540.413
2017-11-04 04:00:00,2017-11-04 04:00:00,542.9265
2017-11-04 05:00:00,2017-11-04 05:00:00,541.871
2017-11-04 06:00:00,2017-11-04 06:00:00,556.628
2017-11-04 07:00:00,2017-11-04 07:00:00,558.1877
2017-11-04 08:00:00,2017-11-04 08:00:00,554.3496
2017-11-04 09:00:00,2017-11-04 09:00:00,552.9583
2017-11-04 10:00:00,2017-11-04 10:00:00,558.5625
2017-11-04 11:00:00,2017-11-04 11:00:00,558.682
2017-11-04 12:00:00,2017-11-04 12:00:00,562.8753
2017-11-04 13:00:00,2017-11-04 13:00:00,573.166
2017-11-04 14:00:00,2017-11-04 14:00:00,575.3968
2017-11-04 15:00:00,2017-11-04 15:00:00,573.7238
2017-11-04 16:00:00,2017-11-04 16:00:00,561.6685
2017-11-04 17:00:00,2017-11-04 17:00:00,557.1433
2017-11-04 18:00:00,2017-11-04 18:00:00,532.3458
2017-11-04 19:00:00,2017-11-04 19:00:00,507.25
2017-11-04 20:00:00,2017-11-04 20:00:00,501.7307
2017-11-04 21:00:00,2017-11-04 21:00:00,500.7861
2017-11-04 22:00:00,2017-11-04 22:00:00,499.1995
2017-11-04 23:00:00,2017-11-04 23:00:00,500.8982
2017-11-05 00:00:00,2017-11-05 00:00:00,498.7455
2017-11-05 01:00:00,2017-11-05 01:00:00,498.4663
2017-11-05 02:00:00,2017-11-05 02:00:00,497.5142
2017-11-05 03:00:00,2017-11-05 03:00:00,496.24
2017-11-05 04:00:00,2017-11-05 04:00:00,497.2115
2017-11-05 05:00:00,2017-11-05 05:00:00,498.1612
2017-11-05 06:00:00,2017-11-05 06:00:00,507.189
2017-11-05 07:00:00,2017-11-05 07:00:00,512.4817
2017-11-05 08:00:00,2017-11-05 08:00:00,516.1622
2017-11-05 09:00:00,2017-11-05 09:00:00,520.4175
2017-11-05 10:00:00,2017-11-05 10:00:00,523.6525
2017-11-05 11:00:00,2017-11-05 11:00:00,530.127
2017-11-05 12:00:00,2017-11-05 12:00:00,534.5995
2017-11-05 13:00:00,2017-11-05 13:00:00,537.589
2017-11-05 14:00:00,2017-11-05 14:00:00,535.4588
2017-11-05 15:00:00,2017-11-05 15:00:00,535.2947
2017-11-05 16:00:00,2017-11-05 16:00:00,536.6993
2017-11-05 17:00:00,2017-11-05 17:00:00,535.0385
2017-11-05 18:00:00,2017-11-05 18:00:00,521.6798
2017-11-05 19:00:00,2017-11-05 19:00:00,513.8663
2017-11-05 20:00:00,2017-11-05 20:00:00,507.8925
2017-11-05 21:00:00,2017-11-05 21:00:00,508.2322
2017-11-05 22:00:00,2017-11-05 22:00:00,509.526
2017-11-05 23:00:00,2017-11-05 23:00:00,509.0137
2017-11-06 00:00:00,2017-11-06 00:00:00,500.9633
2017-11-06 01:00:00,2017-11-06 01:00:00,500.5475
2017-11-06 02:00:00,2017-11-06 02:00:00,502.6005
2017-11-06 03:00:00,2017-11-06 03:00:00,503.3345
2017-11-06 04:00:00,2017-11-06 04:00:00,503.7308
2017-11-06 05:00:00,2017-11-06 05:00:00,503.6757
2017-11-06 06:00:00,2017-11-06 06:00:00,517.569
2017-11-06 07:00:00,2017-11-06 07:00:00,521.7452
2017-11-06 08:00:00,2017-11-06 08:00:00,533.2342
2017-11-06 09:00:00,2017-11-06 09:00:00,548.2823
2017-11-06 10:00:00,2017-11-06 10:00:00,562.2808
2017-11-06 11:00:00,2017-11-06 11:00:00,572.2062
2017-11-06 12:00:00,2017-11-06 12:00:00,575.0377
2017-11-06 13:00:00,2017-11-06 13:00:00,575.1955
2017-11-06 14:00:00,2017-11-06 14:00:00,573.9785
2017-11-06 15:00:00,2017-11-06 15:00:00,566.5282
2017-11-06 16:00:00,2017-11-06 16:00:00,558.0322
2017-11-06 17:00:00,2017-11-06 17:00:00,546.3642
2017-11-06 18:00:00,2017-11-06 18:00:00,522.5255
2017-11-06 19:00:00,2017-11-06 19:00:00,518.434
2017-11-06 20:00:00,2017-11-06 20:00:00,517.049
2017-11-06 21:00:00,2017-11-06 21:00:00,513.286
2017-11-06 22:00:00,2017-11-06 22:00:00,514.0345
2017-11-06 23:00:00,2017-11-06 23:00:00,510.7845
2017-11-07 00:00:00,2017-11-07 00:00:00,507.1605
2017-11-07 01:00:00,2017-11-07 01:00:00,506.937
2017-11-07 02:00:00,2017-11-07 02:00:00,506.6502
2017-11-07 03:00:00,2017-11-07 03:00:00,505.4362
2017-11-07 04:00:00,2017-11-07 04:00:00,506.1332
2017-11-07 05:00:00,2017-11-07 05:00:00,503.0595
2017-11-07 06:00:00,2017-11-07 06:00:00,517.7707
2017-11-07 07:00:00,2017-11-07 07:00:00,524.5848
2017-11-07 08:00:00,2017-11-07 08:00:00,534.435
2017-11-07 09:00:00,2017-11-07 09:00:00,554.9578
2017-11-07 10:00:00,2017-11-07 10:00:00,564.6253
2017-11-07 11:00:00,2017-11-07 11:00:00,570.9417
2017-11-07 12:00:00,2017-11-07 12:00:00,569.9907
2017-11-07 13:00:00,2017-11-07 13:00:00,571.847
2017-11-07 14:00:00,2017-11-07 14:00:00,578.2167
2017-11-07 15:00:00,2017-11-07 15:00:00,579.602
2017-11-07 16:00:00,2017-11-07 16:00:00,569.441
2017-11-07 17:00:00,2017-11-07 17:00:00,555.9118
2017-11-07 18:00:00,2017-11-07 18:00:00,528.1016
2017-11-07 19:00:00,2017-11-07 19:00:00,518.7362
2017-11-07 20:00:00,2017-11-07 20:00:00,515.8522
2017-11-07 21:00:00,2017-11-07 21:00:00,508.3935
2017-11-07 22:00:00,2017-11-07 22:00:00,505.558
2017-11-07 23:00:00,2017-11-07 23:00:00,503.2598
2017-11-08 00:00:00,2017-11-08 00:00:00,500.6555
2017-11-08 01:00:00,2017-11-08 01:00:00,498.134
2017-11-08 02:00:00,2017-11-08 02:00:00,495.6438
2017-11-08 03:00:00,2017-11-08 03:00:00,492.937
2017-11-08 04:00:00,2017-11-08 04:00:00,493.393
2017-11-08 05:00:00,2017-11-08 05:00:00,497.4028
2017-11-08 06:00:00,2017-11-08 06:00:00,508.3335
2017-11-08 07:00:00,2017-11-08 07:00:00,517.1438
2017-11-08 08:00:00,2017-11-08 08:00:00,530.5652
2017-11-08 09:00:00,2017-11-08 09:00:00,544.0955
2017-11-08 10:00:00,2017-11-08 10:00:00,557.929
2017-11-08 11:00:00,2017-11-08 11:00:00,559.1443
2017-11-08 12:00:00,2017-11-08 12:00:00,565.416
2017-11-08 13:00:00,2017-11-08 13:00:00,562.9318
2017-11-08 14:00:00,2017-11-08 14:00:00,566.4375
2017-11-08 15:00:00,2017-11-08 15:00:00,575.3255
2017-11-08 16:00:00,2017-11-08 16:00:00,573.8448
2017-11-08 17:00:00,2017-11-08 17:00:00,572.7228
2017-11-08 18:00:00,2017-11-08 18:00:00,557.1127
2017-11-08 19:00:00,2017-11-08 19:00:00,553.7468
2017-11-08 20:00:00,2017-11-08 20:00:00,560.8915
2017-11-08 21:00:00,2017-11-08 21:00:00,559.3868
2017-11-08 22:00:00,2017-11-08 22:00:00,552.9297
2017-11-08 23:00:00,2017-11-08 23:00:00,544.6735
2017-11-09 00:00:00,2017-11-09 00:00:00,537.9867
2017-11-09 01:00:00,2017-11-09 01:00:00,536.5
2017-11-09 02:00:00,2017-11-09 02:00:00,534.8978
2017-11-09 03:00:00,2017-11-09 03:00:00,537.5795
2017-11-09 04:00:00,2017-11-09 04:00:00,532.7468
2017-11-09 05:00:00,2017-11-09 05:00:00,533.3005
2017-11-09 06:00:00,2017-11-09 06:00:00,544.48
2017-11-09 07:00:00,2017-11-09 07:00:00,549.188
2017-11-09 08:00:00,2017-11-09 08:00:00,562.17
2017-11-09 09:00:00,2017-11-09 09:00:00,577.5835
2017-11-09 10:00:00,2017-11-09 10:00:00,590.1857
2017-11-09 11:00:00,2017-11-09 11:00:00,579.8447
2017-11-09 12:00:00,2017-11-09 12:00:00,598.3075
2017-11-09 13:00:00,2017-11-09 13:00:00,607.3245
2017-11-09 14:00:00,2017-11-09 14:00:00,610.6345
2017-11-09 15:00:00,2017-11-09 15:00:00,604.595
2017-11-09 16:00:00,2017-11-09 16:00:00,587.5295
2017-11-09 17:00:00,2017-11-09 17:00:00,576.8115
2017-11-09 18:00:00,2017-11-09 18:00:00,557.641
2017-11-09 19:00:00,2017-11-09 19:00:00,541.0785
2017-11-09 20:00:00,2017-11-09 20:00:00,525.3195
2017-11-09 21:00:00,2017-11-09 21:00:00,519.3953
2017-11-09 22:00:00,2017-11-09 22:00:00,513.7135
2017-11-09 23:00:00,2017-11-09 23:00:00,515.5665
2017-11-10 00:00:00,2017-11-10 00:00:00,517.4055
2017-11-10 01:00:00,2017-11-10 01:00:00,512.595
2017-11-10 02:00:00,2017-11-10 02:00:00,515.0663
2017-11-10 03:00:00,2017-11-10 03:00:00,515.9645
2017-11-10 04:00:00,2017-11-10 04:00:00,515.0778
2017-11-10 05:00:00,2017-11-10 05:00:00,512.554
2017-11-10 06:00:00,2017-11-10 06:00:00,520.1432
2017-11-10 07:00:00,2017-11-10 07:00:00,526.6297
2017-11-10 08:00:00,2017-11-10 08:00:00,530.4718
2017-11-10 09:00:00,2017-11-10 09:00:00,545.2825
2017-11-10 10:00:00,2017-11-10 10:00:00,561.839
2017-11-10 11:00:00,2017-11-10 11:00:00,570.2438
2017-11-10 12:00:00,2017-11-10 12:00:00,575.7222
2017-11-10 13:00:00,2017-11-10 13:00:00,588.1108
2017-11-10 14:00:00,2017-11-10 14:00:00,588.4785
2017-11-10 15:00:00,2017-11-10 15:00:00,582.0442
2017-11-10 16:00:00,2017-11-10 16:00:00,570.1518
2017-11-10 17:00:00,2017-11-10 17:00:00,561.2177
2017-11-10 18:00:00,2017-11-10 18:00:00,544.1397
2017-11-10 19:00:00,2017-11-10 19:00:00,534.7805
2017-11-10 20:00:00,2017-11-10 20:00:00,529.352
2017-11-10 21:00:00,2017-11-10 21:00:00,520.468
2017-11-10 22:00:00,2017-11-10 22:00:00,513.3418
2017-11-10 23:00:00,2017-11-10 23:00:00,510.3003
2017-11-11 00:00:00,2017-11-11 00:00:00,507.2857
2017-11-11 01:00:00,2017-11-11 01:00:00,506.6452
2017-11-11 02:00:00,2017-11-11 02:00:00,503.695
2017-11-11 03:00:00,2017-11-11 03:00:00,499.4968
2017-11-11 04:00:00,2017-11-11 04:00:00,494.86
2017-11-11 05:00:00,2017-11-11 05:00:00,498.756
2017-11-11 06:00:00,2017-11-11 06:00:00,507.1468
2017-11-11 07:00:00,2017-11-11 07:00:00,510.0285
2017-11-11 08:00:00,2017-11-11 08:00:00,513.8363
2017-11-11 09:00:00,2017-11-11 09:00:00,519.089
2017-11-11 10:00:00,2017-11-11 10:00:00,525.4067
2017-11-11 11:00:00,2017-11-11 11:00:00,536.1823
2017-11-11 12:00:00,2017-11-11 12:00:00,540.7052
2017-11-11 13:00:00,2017-11-11 13:00:00,539.453
2017-11-11 14:00:00,2017-11-11 14:00:00,539.3143
2017-11-11 15:00:00,2017-11-11 15:00:00,539.5767
2017-11-11 16:00:00,2017-11-11 16:00:00,533.3855
2017-11-11 17:00:00,2017-11-11 17:00:00,525.5228
2017-11-11 18:00:00,2017-11-11 18:00:00,507.0072
2017-11-11 19:00:00,2017-11-11 19:00:00,502.198
2017-11-11 20:00:00,2017-11-11 20:00:00,502.1317
2017-11-11 21:00:00,2017-11-11 21:00:00,500.661
2017-11-11 22:00:00,2017-11-11 22:00:00,505.1805
2017-11-11 23:00:00,2017-11-11 23:00:00,502.9155
2017-11-12 00:00:00,2017-11-12 00:00:00,500.4365
2017-11-12 01:00:00,2017-11-12 01:00:00,500.8645
2017-11-12 02:00:00,2017-11-12 02:00:00,500.0058
2017-11-12 03:00:00,2017-11-12 03:00:00,501.9803
2017-11-12 04:00:00,2017-11-12 04:00:00,499.317
2017-11-12 05:00:00,2017-11-12 05:00:00,498.6372
2017-11-12 06:00:00,2017-11-12 06:00:00,511.9072
2017-11-12 07:00:00,2017-11-12 07:00:00,513.9147
2017-11-12 08:00:00,2017-11-12 08:00:00,516.1045
2017-11-12 09:00:00,2017-11-12 09:00:00,522.364
2017-11-12 10:00:00,2017-11-12 10:00:00,529.3833
2017-11-12 11:00:00,2017-11-12 11:00:00,535.2852
2017-11-12 12:00:00,2017-11-12 12:00:00,544.2312
2017-11-12 13:00:00,2017-11-12 13:00:00,551.5717
2017-11-12 14:00:00,2017-11-12 14:00:00,551.6462
2017-11-12 15:00:00,2017-11-12 15:00:00,544.8675
2017-11-12 16:00:00,2017-11-12 16:00:00,536.1143
2017-11-12 17:00:00,2017-11-12 17:00:00,526.4455
2017-11-12 18:00:00,2017-11-12 18:00:00,508.4828
2017-11-12 19:00:00,2017-11-12 19:00:00,503.841
2017-11-12 20:00:00,2017-11-12 20:00:00,506.4935
2017-11-12 21:00:00,2017-11-12 21:00:00,506.375
2017-11-12 22:00:00,2017-11-12 22:00:00,508.6355
2017-11-12 23:00:00,2017-11-12 23:00:00,509.2493
2017-11-13 00:00:00,2017-11-13 00:00:00,511.212
2017-11-13 01:00:00,2017-11-13 01:00:00,512.4078
2017-11-13 02:00:00,2017-11-13 02:00:00,515.09
2017-11-13 03:00:00,2017-11-13 03:00:00,506.195
2017-11-13 04:00:00,2017-11-13 04:00:00,501.5813
2017-11-13 05:00:00,2017-11-13 05:00:00,505.1328
2017-11-13 06:00:00,2017-11-13 06:00:00,518.155
2017-11-13 07:00:00,2017-11-13 07:00:00,524.5473
2017-11-13 08:00:00,2017-11-13 08:00:00,544.7595
2017-11-13 09:00:00,2017-11-13 09:00:00,559.4693
2017-11-13 10:00:00,2017-11-13 10:00:00,568.8942
2017-11-13 11:00:00,2017-11-13 11:00:00,585.6178
2017-11-13 12:00:00,2017-11-13 12:00:00,599.8488
2017-11-13 13:00:00,2017-11-13 13:00:00,609.0195
2017-11-13 14:00:00,2017-11-13 14:00:00,611.005
2017-11-13 15:00:00,2017-11-13 15:00:00,596.9817
2017-11-13 16:00:00,2017-11-13 16:00:00,597.2845
2017-11-13 17:00:00,2017-11-13 17:00:00,590.8073
2017-11-13 18:00:00,2017-11-13 18:00:00,557.1605
2017-11-13 19:00:00,2017-11-13 19:00:00,554.724
2017-11-13 20:00:00,2017-11-13 20:00:00,548.6212
2017-11-13 21:00:00,2017-11-13 21:00:00,545.854
2017-11-13 22:00:00,2017-11-13 22:00:00,539.4478
2017-11-13 23:00:00,2017-11-13 23:00:00,536.0148
2017-11-14 00:00:00,2017-11-14 00:00:00,519.9143
2017-11-14 01:00:00,2017-11-14 01:00:00,507.3973
2017-11-14 02:00:00,2017-11-14 02:00:00,506.9017
2017-11-14 03:00:00,2017-11-14 03:00:00,507.7278
2017-11-14 04:00:00,2017-11-14 04:00:00,507.08
2017-11-14 05:00:00,2017-11-14 05:00:00,504.322
2017-11-14 06:00:00,2017-11-14 06:00:00,515.9752
2017-11-14 07:00:00,2017-11-14 07:00:00,525.6495
2017-11-14 08:00:00,2017-11-14 08:00:00,434.4142
2017-11-14 09:00:00,2017-11-14 09:00:00,428.9188
2017-11-14 10:00:00,2017-11-14 10:00:00,434.774
2017-11-14 11:00:00,2017-11-14 11:00:00,510.217
2017-11-14 12:00:00,2017-11-14 12:00:00,612.565
2017-11-14 13:00:00,2017-11-14 13:00:00,613.2405
2017-11-14 14:00:00,2017-11-14 14:00:00,607.8963
2017-11-14 15:00:00,2017-11-14 15:00:00,607.4912
2017-11-14 16:00:00,2017-11-14 16:00:00,597.4102
2017-11-14 17:00:00,2017-11-14 17:00:00,579.156
2017-11-14 18:00:00,2017-11-14 18:00:00,555.7075
2017-11-14 19:00:00,2017-11-14 19:00:00,542.4563
2017-11-14 20:00:00,2017-11-14 20:00:00,537.637
2017-11-14 21:00:00,2017-11-14 21:00:00,533.6862
2017-11-14 22:00:00,2017-11-14 22:00:00,532.9987
2017-11-14 23:00:00,2017-11-14 23:00:00,530.0208
2017-11-15 00:00:00,2017-11-15 00:00:00,527.4727
2017-11-15 01:00:00,2017-11-15 01:00:00,526.0418
2017-11-15 02:00:00,2017-11-15 02:00:00,524.0327
2017-11-15 03:00:00,2017-11-15 03:00:00,523.2513
2017-11-15 04:00:00,2017-11-15 04:00:00,521.9218
2017-11-15 05:00:00,2017-11-15 05:00:00,519.9953
2017-11-15 06:00:00,2017-11-15 06:00:00,533.5538
2017-11-15 07:00:00,2017-11-15 07:00:00,540.91
2017-11-15 08:00:00,2017-11-15 08:00:00,556.5692
2017-11-15 09:00:00,2017-11-15 09:00:00,568.5067
2017-11-15 10:00:00,2017-11-15 10:00:00,577.5862
2017-11-15 11:00:00,2017-11-15 11:00:00,591.331
2017-11-15 12:00:00,2017-11-15 12:00:00,593.6963
2017-11-15 13:00:00,2017-11-15 13:00:00,594.3507
2017-11-15 14:00:00,2017-11-15 14:00:00,607.0407
2017-11-15 15:00:00,2017-11-15 15:00:00,605.338
2017-11-15 16:00:00,2017-11-15 16:00:00,598.536
2017-11-15 17:00:00,2017-11-15 17:00:00,590.4323
2017-11-15 18:00:00,2017-11-15 18:00:00,573.796
2017-11-15 19:00:00,2017-11-15 19:00:00,566.1865
2017-11-15 20:00:00,2017-11-15 20:00:00,568.3018
2017-11-15 21:00:00,2017-11-15 21:00:00,552.6668
2017-11-15 22:00:00,2017-11-15 22:00:00,551.1357
2017-11-15 23:00:00,2017-11-15 23:00:00,557.8725
2017-11-16 00:00:00,2017-11-16 00:00:00,564.8097
2017-11-16 01:00:00,2017-11-16 01:00:00,563.1138
2017-11-16 02:00:00,2017-11-16 02:00:00,558.6143
2017-11-16 03:00:00,2017-11-16 03:00:00,547.7158
2017-11-16 04:00:00,2017-11-16 04:00:00,536.6715
2017-11-16 05:00:00,2017-11-16 05:00:00,532.9602
2017-11-16 06:00:00,2017-11-16 06:00:00,541.558
2017-11-16 07:00:00,2017-11-16 07:00:00,546.1462
2017-11-16 08:00:00,2017-11-16 08:00:00,555.5995
2017-11-16 09:00:00,2017-11-16 09:00:00,566.2825
2017-11-16 10:00:00,2017-11-16 10:00:00,577.8458
2017-11-16 11:00:00,2017-11-16 11:00:00,584.1562
2017-11-16 12:00:00,2017-11-16 12:00:00,583.011
2017-11-16 13:00:00,2017-11-16 13:00:00,584.5445
2017-11-16 14:00:00,2017-11-16 14:00:00,587.9277
2017-11-16 15:00:00,2017-11-16 15:00:00,579.5925
2017-11-16 16:00:00,2017-11-16 16:00:00,583.5645
2017-11-16 17:00:00,2017-11-16 17:00:00,578.8108
2017-11-16 18:00:00,2017-11-16 18:00:00,559.4885
2017-11-16 19:00:00,2017-11-16 19:00:00,550.5077
2017-11-16 20:00:00,2017-11-16 20:00:00,544.7725
2017-11-16 21:00:00,2017-11-16 21:00:00,543.8025
2017-11-16 22:00:00,2017-11-16 22:00:00,538.6125
2017-11-16 23:00:00,2017-11-16 23:00:00,528.6515
2017-11-17 00:00:00,2017-11-17 00:00:00,526.272
2017-11-17 01:00:00,2017-11-17 01:00:00,522.3095
2017-11-17 02:00:00,2017-11-17 02:00:00,521.1498
2017-11-17 03:00:00,2017-11-17 03:00:00,521.033
2017-11-17 04:00:00,2017-11-17 04:00:00,519.1713
2017-11-17 05:00:00,2017-11-17 05:00:00,518.824
2017-11-17 06:00:00,2017-11-17 06:00:00,532.2405
2017-11-17 07:00:00,2017-11-17 07:00:00,538.9447
2017-11-17 08:00:00,2017-11-17 08:00:00,550.342
2017-11-17 09:00:00,2017-11-17 09:00:00,563.1415
2017-11-17 10:00:00,2017-11-17 10:00:00,574.9412
2017-11-17 11:00:00,2017-11-17 11:00:00,580.2737
2017-11-17 12:00:00,2017-11-17 12:00:00,579.683
2017-11-17 13:00:00,2017-11-17 13:00:00,581.3905
2017-11-17 14:00:00,2017-11-17 14:00:00,587.1012
2017-11-17 15:00:00,2017-11-17 15:00:00,586.1817
2017-11-17 16:00:00,2017-11-17 16:00:00,579.2972
2017-11-17 17:00:00,2017-11-17 17:00:00,566.95
2017-11-17 18:00:00,2017-11-17 18:00:00,544.9403
2017-11-17 19:00:00,2017-11-17 19:00:00,528.8455
2017-11-17 20:00:00,2017-11-17 20:00:00,522.778
2017-11-17 21:00:00,2017-11-17 21:00:00,517.008
2017-11-17 22:00:00,2017-11-17 22:00:00,515.861
2017-11-17 23:00:00,2017-11-17 23:00:00,512.2102
2017-11-18 00:00:00,2017-11-18 00:00:00,510.2958
2017-11-18 01:00:00,2017-11-18 01:00:00,511.1995
2017-11-18 02:00:00,2017-11-18 02:00:00,514.9153
2017-11-18 03:00:00,2017-11-18 03:00:00,513.3398
2017-11-18 04:00:00,2017-11-18 04:00:00,513.494
2017-11-18 05:00:00,2017-11-18 05:00:00,512.018
2017-11-18 06:00:00,2017-11-18 06:00:00,524.8175
2017-11-18 07:00:00,2017-11-18 07:00:00,531.175
2017-11-18 08:00:00,2017-11-18 08:00:00,532.1255
2017-11-18 09:00:00,2017-11-18 09:00:00,530.099
2017-11-18 10:00:00,2017-11-18 10:00:00,544.2917
2017-11-18 11:00:00,2017-11-18 11:00:00,552.7387
2017-11-18 12:00:00,2017-11-18 12:00:00,558.8052
2017-11-18 13:00:00,2017-11-18 13:00:00,563.5168
2017-11-18 14:00:00,2017-11-18 14:00:00,561.6117
2017-11-18 15:00:00,2017-11-18 15:00:00,560.223
2017-11-18 16:00:00,2017-11-18 16:00:00,552.747
2017-11-18 17:00:00,2017-11-18 17:00:00,549.9255
2017-11-18 18:00:00,2017-11-18 18:00:00,534.3625
2017-11-18 19:00:00,2017-11-18 19:00:00,525.5825
2017-11-18 20:00:00,2017-11-18 20:00:00,518.5138
2017-11-18 21:00:00,2017-11-18 21:00:00,513.6298
2017-11-18 22:00:00,2017-11-18 22:00:00,512.3338
2017-11-18 23:00:00,2017-11-18 23:00:00,512.6963
2017-11-19 00:00:00,2017-11-19 00:00:00,509.4607
2017-11-19 01:00:00,2017-11-19 01:00:00,510.9123
2017-11-19 02:00:00,2017-11-19 02:00:00,510.6575
2017-11-19 03:00:00,2017-11-19 03:00:00,511.2505
2017-11-19 04:00:00,2017-11-19 04:00:00,510.3517
2017-11-19 05:00:00,2017-11-19 05:00:00,510.2428
2017-11-19 06:00:00,2017-11-19 06:00:00,520.2568
2017-11-19 07:00:00,2017-11-19 07:00:00,523.2382
2017-11-19 08:00:00,2017-11-19 08:00:00,523.6642
2017-11-19 09:00:00,2017-11-19 09:00:00,526.6148
2017-11-19 10:00:00,2017-11-19 10:00:00,537.5998
2017-11-19 11:00:00,2017-11-19 11:00:00,542.4832
2017-11-19 12:00:00,2017-11-19 12:00:00,549.0777
2017-11-19 13:00:00,2017-11-19 13:00:00,551.1885
2017-11-19 14:00:00,2017-11-19 14:00:00,551.091
2017-11-19 15:00:00,2017-11-19 15:00:00,553.7768
2017-11-19 16:00:00,2017-11-19 16:00:00,554.6053
2017-11-19 17:00:00,2017-11-19 17:00:00,551.1998
2017-11-19 18:00:00,2017-11-19 18:00:00,536.4625
2017-11-19 19:00:00,2017-11-19 19:00:00,530.0425
2017-11-19 20:00:00,2017-11-19 20:00:00,528.4585
2017-11-19 21:00:00,2017-11-19 21:00:00,530.6927
2017-11-19 22:00:00,2017-11-19 22:00:00,529.5522
2017-11-19 23:00:00,2017-11-19 23:00:00,529.3425
2017-11-20 00:00:00,2017-11-20 00:00:00,520.5178
2017-11-20 01:00:00,2017-11-20 01:00:00,521.3733
2017-11-20 02:00:00,2017-11-20 02:00:00,521.925
2017-11-20 03:00:00,2017-11-20 03:00:00,521.8072
2017-11-20 04:00:00,2017-11-20 04:00:00,520.4122
2017-11-20 05:00:00,2017-11-20 05:00:00,522.4233
2017-11-20 06:00:00,2017-11-20 06:00:00,531.3345
2017-11-20 07:00:00,2017-11-20 07:00:00,539.759
2017-11-20 08:00:00,2017-11-20 08:00:00,553.4622
2017-11-20 09:00:00,2017-11-20 09:00:00,564.0905
2017-11-20 10:00:00,2017-11-20 10:00:00,577.5575
2017-11-20 11:00:00,2017-11-20 11:00:00,588.885
2017-11-20 12:00:00,2017-11-20 12:00:00,588.9325
2017-11-20 13:00:00,2017-11-20 13:00:00,588.2335
2017-11-20 14:00:00,2017-11-20 14:00:00,601.6425
2017-11-20 15:00:00,2017-11-20 15:00:00,610.5205
2017-11-20 16:00:00,2017-11-20 16:00:00,607.755
2017-11-20 17:00:00,2017-11-20 17:00:00,590.1292
2017-11-20 18:00:00,2017-11-20 18:00:00,577.5898
2017-11-20 19:00:00,2017-11-20 19:00:00,564.2762
2017-11-20 20:00:00,2017-11-20 20:00:00,562.839
2017-11-20 21:00:00,2017-11-20 21:00:00,554.0297
2017-11-20 22:00:00,2017-11-20 22:00:00,545.7875
2017-11-20 23:00:00,2017-11-20 23:00:00,537.0937
2017-11-21 00:00:00,2017-11-21 00:00:00,533.0463
2017-11-21 01:00:00,2017-11-21 01:00:00,533.6244
2017-11-21 02:00:00,2017-11-21 02:00:00,529.3268
2017-11-21 03:00:00,2017-11-21 03:00:00,526.9572
2017-11-21 04:00:00,2017-11-21 04:00:00,526.6183
2017-11-21 05:00:00,2017-11-21 05:00:00,523.532
2017-11-21 06:00:00,2017-11-21 06:00:00,535.4105
2017-11-21 07:00:00,2017-11-21 07:00:00,544.1067
2017-11-21 08:00:00,2017-11-21 08:00:00,556.6422
2017-11-21 09:00:00,2017-11-21 09:00:00,579.8225
2017-11-21 10:00:00,2017-11-21 10:00:00,597.6155
2017-11-21 11:00:00,2017-11-21 11:00:00,616.3702
2017-11-21 12:00:00,2017-11-21 12:00:00,637.993
2017-11-21 13:00:00,2017-11-21 13:00:00,648.7032
2017-11-21 14:00:00,2017-11-21 14:00:00,655.1025
2017-11-21 15:00:00,2017-11-21 15:00:00,660.27
2017-11-21 16:00:00,2017-11-21 16:00:00,657.0127
2017-11-21 17:00:00,2017-11-21 17:00:00,646.977
2017-11-21 18:00:00,2017-11-21 18:00:00,613.7525
2017-11-21 19:00:00,2017-11-21 19:00:00,584.3938
2017-11-21 20:00:00,2017-11-21 20:00:00,566.416
2017-11-21 21:00:00,2017-11-21 21:00:00,563.894
2017-11-21 22:00:00,2017-11-21 22:00:00,556.3372
2017-11-21 23:00:00,2017-11-21 23:00:00,543.3388
2017-11-22 00:00:00,2017-11-22 00:00:00,535.1605
2017-11-22 01:00:00,2017-11-22 01:00:00,527.4527
2017-11-22 02:00:00,2017-11-22 02:00:00,529.0492
2017-11-22 03:00:00,2017-11-22 03:00:00,525.5492
2017-11-22 04:00:00,2017-11-22 04:00:00,525.0932
2017-11-22 05:00:00,2017-11-22 05:00:00,524.5075
2017-11-22 06:00:00,2017-11-22 06:00:00,535.073
2017-11-22 07:00:00,2017-11-22 07:00:00,542.5673
2017-11-22 08:00:00,2017-11-22 08:00:00,558.1615
2017-11-22 09:00:00,2017-11-22 09:00:00,587.4775
2017-11-22 10:00:00,2017-11-22 10:00:00,627.2625
2017-11-22 11:00:00,2017-11-22 11:00:00,645.2332
2017-11-22 12:00:00,2017-11-22 12:00:00,641.6148
2017-11-22 13:00:00,2017-11-22 13:00:00,640.2258
2017-11-22 14:00:00,2017-11-22 14:00:00,647.3668
2017-11-22 15:00:00,2017-11-22 15:00:00,647.9725
2017-11-22 16:00:00,2017-11-22 16:00:00,644.8942
2017-11-22 17:00:00,2017-11-22 17:00:00,635.8425
2017-11-22 18:00:00,2017-11-22 18:00:00,610.705
2017-11-22 19:00:00,2017-11-22 19:00:00,592.9645
2017-11-22 20:00:00,2017-11-22 20:00:00,592.9998
2017-11-22 21:00:00,2017-11-22 21:00:00,589.1415
2017-11-22 22:00:00,2017-11-22 22:00:00,581.8982
2017-11-22 23:00:00,2017-11-22 23:00:00,578.5355
2017-11-23 00:00:00,2017-11-23 00:00:00,576.6847
2017-11-23 01:00:00,2017-11-23 01:00:00,566.2512
2017-11-23 02:00:00,2017-11-23 02:00:00,565.87
2017-11-23 03:00:00,2017-11-23 03:00:00,560.5933
2017-11-23 04:00:00,2017-11-23 04:00:00,554.1923
2017-11-23 05:00:00,2017-11-23 05:00:00,549.18
2017-11-23 06:00:00,2017-11-23 06:00:00,561.4052
2017-11-23 07:00:00,2017-11-23 07:00:00,565.2105
2017-11-23 08:00:00,2017-11-23 08:00:00,577.4018
2017-11-23 09:00:00,2017-11-23 09:00:00,600.006
2017-11-23 10:00:00,2017-11-23 10:00:00,608.7002
2017-11-23 11:00:00,2017-11-23 11:00:00,612.2768
2017-11-23 12:00:00,2017-11-23 12:00:00,622.6975
2017-11-23 13:00:00,2017-11-23 13:00:00,624.0285
2017-11-23 14:00:00,2017-11-23 14:00:00,622.6208
2017-11-23 15:00:00,2017-11-23 15:00:00,619.6002
2017-11-23 16:00:00,2017-11-23 16:00:00,608.1972
2017-11-23 17:00:00,2017-11-23 17:00:00,610.4075
2017-11-23 18:00:00,2017-11-23 18:00:00,595.7472
2017-11-23 19:00:00,2017-11-23 19:00:00,593.0065
2017-11-23 20:00:00,2017-11-23 20:00:00,595.0195
2017-11-23 21:00:00,2017-11-23 21:00:00,599.756
2017-11-23 22:00:00,2017-11-23 22:00:00,597.4762
2017-11-23 23:00:00,2017-11-23 23:00:00,597.5487
2017-11-24 00:00:00,2017-11-24 00:00:00,585.906
2017-11-24 01:00:00,2017-11-24 01:00:00,582.039
2017-11-24 02:00:00,2017-11-24 02:00:00,579.9858
2017-11-24 03:00:00,2017-11-24 03:00:00,564.6123
2017-11-24 04:00:00,2017-11-24 04:00:00,559.039
2017-11-24 05:00:00,2017-11-24 05:00:00,551.807
2017-11-24 06:00:00,2017-11-24 06:00:00,557.129
2017-11-24 07:00:00,2017-11-24 07:00:00,568.6405
2017-11-24 08:00:00,2017-11-24 08:00:00,574.5455
2017-11-24 09:00:00,2017-11-24 09:00:00,590.6125
2017-11-24 10:00:00,2017-11-24 10:00:00,610.7745
2017-11-24 11:00:00,2017-11-24 11:00:00,622.324
2017-11-24 12:00:00,2017-11-24 12:00:00,630.7822
2017-11-24 13:00:00,2017-11-24 13:00:00,634.6848
2017-11-24 14:00:00,2017-11-24 14:00:00,631.9688
2017-11-24 15:00:00,2017-11-24 15:00:00,636.578
2017-11-24 16:00:00,2017-11-24 16:00:00,623.7412
2017-11-24 17:00:00,2017-11-24 17:00:00,616.2648
2017-11-24 18:00:00,2017-11-24 18:00:00,599.536
2017-11-24 19:00:00,2017-11-24 19:00:00,592.3662
2017-11-24 20:00:00,2017-11-24 20:00:00,574.54
2017-11-24 21:00:00,2017-11-24 21:00:00,565.7825
2017-11-24 22:00:00,2017-11-24 22:00:00,564.5212
2017-11-24 23:00:00,2017-11-24 23:00:00,570.6405
2017-11-25 00:00:00,2017-11-25 00:00:00,559.0573
2017-11-25 01:00:00,2017-11-25 01:00:00,562.039
2017-11-25 02:00:00,2017-11-25 02:00:00,542.8812
2017-11-25 03:00:00,2017-11-25 03:00:00,541.6675
2017-11-25 04:00:00,2017-11-25 04:00:00,546.4175
2017-11-25 05:00:00,2017-11-25 05:00:00,542.3467
2017-11-25 06:00:00,2017-11-25 06:00:00,547.693
2017-11-25 07:00:00,2017-11-25 07:00:00,551.4478
2017-11-25 08:00:00,2017-11-25 08:00:00,554.2355
2017-11-25 09:00:00,2017-11-25 09:00:00,570.1355
2017-11-25 10:00:00,2017-11-25 10:00:00,587.782
2017-11-25 11:00:00,2017-11-25 11:00:00,596.9268
2017-11-25 12:00:00,2017-11-25 12:00:00,605.7615
2017-11-25 13:00:00,2017-11-25 13:00:00,604.4137
2017-11-25 14:00:00,2017-11-25 14:00:00,609.6382
2017-11-25 15:00:00,2017-11-25 15:00:00,618.5178
2017-11-25 16:00:00,2017-11-25 16:00:00,620.0972
2017-11-25 17:00:00,2017-11-25 17:00:00,614.1065
2017-11-25 18:00:00,2017-11-25 18:00:00,594.4655
2017-11-25 19:00:00,2017-11-25 19:00:00,568.1103
2017-11-25 20:00:00,2017-11-25 20:00:00,568.3897
2017-11-25 21:00:00,2017-11-25 21:00:00,566.2225
2017-11-25 22:00:00,2017-11-25 22:00:00,565.609
2017-11-25 23:00:00,2017-11-25 23:00:00,564.395
2017-11-26 00:00:00,2017-11-26 00:00:00,561.203
2017-11-26 01:00:00,2017-11-26 01:00:00,556.824
2017-11-26 02:00:00,2017-11-26 02:00:00,553.6382
2017-11-26 03:00:00,2017-11-26 03:00:00,550.8615
2017-11-26 04:00:00,2017-11-26 04:00:00,549.0385
2017-11-26 05:00:00,2017-11-26 05:00:00,559.8365
2017-11-26 06:00:00,2017-11-26 06:00:00,587.4802
2017-11-26 07:00:00,2017-11-26 07:00:00,583.2645
2017-11-26 08:00:00,2017-11-26 08:00:00,575.5623
2017-11-26 09:00:00,2017-11-26 09:00:00,584.3745
2017-11-26 10:00:00,2017-11-26 10:00:00,596.3633
2017-11-26 11:00:00,2017-11-26 11:00:00,606.3405
2017-11-26 12:00:00,2017-11-26 12:00:00,610.7225
2017-11-26 13:00:00,2017-11-26 13:00:00,611.8077
2017-11-26 14:00:00,2017-11-26 14:00:00,612.6632
2017-11-26 15:00:00,2017-11-26 15:00:00,609.7125
2017-11-26 16:00:00,2017-11-26 16:00:00,605.781
2017-11-26 17:00:00,2017-11-26 17:00:00,593.3095
2017-11-26 18:00:00,2017-11-26 18:00:00,568.0912
2017-11-26 19:00:00,2017-11-26 19:00:00,535.0433
2017-11-26 20:00:00,2017-11-26 20:00:00,530.9075
2017-11-26 21:00:00,2017-11-26 21:00:00,534.5545
2017-11-26 22:00:00,2017-11-26 22:00:00,534.8673
2017-11-26 23:00:00,2017-11-26 23:00:00,524.3642
2017-11-27 00:00:00,2017-11-27 00:00:00,513.1197
2017-11-27 01:00:00,2017-11-27 01:00:00,510.528
2017-11-27 02:00:00,2017-11-27 02:00:00,513.483
2017-11-27 03:00:00,2017-11-27 03:00:00,513.945
2017-11-27 04:00:00,2017-11-27 04:00:00,511.6565
2017-11-27 05:00:00,2017-11-27 05:00:00,514.482
2017-11-27 06:00:00,2017-11-27 06:00:00,528.3805
2017-11-27 07:00:00,2017-11-27 07:00:00,529.2765
2017-11-27 08:00:00,2017-11-27 08:00:00,541.6885
2017-11-27 09:00:00,2017-11-27 09:00:00,552.4665
2017-11-27 10:00:00,2017-11-27 10:00:00,559.2395
2017-11-27 11:00:00,2017-11-27 11:00:00,573.2278
2017-11-27 12:00:00,2017-11-27 12:00:00,577.1105
2017-11-27 13:00:00,2017-11-27 13:00:00,572.6887
2017-11-27 14:00:00,2017-11-27 14:00:00,571.088
2017-11-27 15:00:00,2017-11-27 15:00:00,571.8945
2017-11-27 16:00:00,2017-11-27 16:00:00,568.968
2017-11-27 17:00:00,2017-11-27 17:00:00,564.3627
2017-11-27 18:00:00,2017-11-27 18:00:00,540.8077
2017-11-27 19:00:00,2017-11-27 19:00:00,528.577
2017-11-27 20:00:00,2017-11-27 20:00:00,526.319
2017-11-27 21:00:00,2017-11-27 21:00:00,522.7403
2017-11-27 22:00:00,2017-11-27 22:00:00,521.5203
2017-11-27 23:00:00,2017-11-27 23:00:00,520.6962
2017-11-28 00:00:00,2017-11-28 00:00:00,519.4157
2017-11-28 01:00:00,2017-11-28 01:00:00,518.572
2017-11-28 02:00:00,2017-11-28 02:00:00,517.0538
2017-11-28 03:00:00,2017-11-28 03:00:00,512.286
2017-11-28 04:00:00,2017-11-28 04:00:00,511.1972
2017-11-28 05:00:00,2017-11-28 05:00:00,512.7575
2017-11-28 06:00:00,2017-11-28 06:00:00,523.3493
2017-11-28 07:00:00,2017-11-28 07:00:00,527.997
2017-11-28 08:00:00,2017-11-28 08:00:00,538.8913
2017-11-28 09:00:00,2017-11-28 09:00:00,553.3073
2017-11-28 10:00:00,2017-11-28 10:00:00,569.5408
2017-11-28 11:00:00,2017-11-28 11:00:00,575.1842
2017-11-28 12:00:00,2017-11-28 12:00:00,580.011
2017-11-28 13:00:00,2017-11-28 13:00:00,585.5257
2017-11-28 14:00:00,2017-11-28 14:00:00,579.9482
2017-11-28 15:00:00,2017-11-28 15:00:00,585.3098
2017-11-28 16:00:00,2017-11-28 16:00:00,577.5273
2017-11-28 17:00:00,2017-11-28 17:00:00,568.262
2017-11-28 18:00:00,2017-11-28 18:00:00,551.4887
2017-11-28 19:00:00,2017-11-28 19:00:00,544.2105
2017-11-28 20:00:00,2017-11-28 20:00:00,536.7706
2017-11-28 21:00:00,2017-11-28 21:00:00,533.421
2017-11-28 22:00:00,2017-11-28 22:00:00,527.037
2017-11-28 23:00:00,2017-11-28 23:00:00,526.2868
2017-11-29 00:00:00,2017-11-29 00:00:00,524.2702
2017-11-29 01:00:00,2017-11-29 01:00:00,523.6732
2017-11-29 02:00:00,2017-11-29 02:00:00,521.8895
2017-11-29 03:00:00,2017-11-29 03:00:00,521.244
2017-11-29 04:00:00,2017-11-29 04:00:00,521.271
2017-11-29 05:00:00,2017-11-29 05:00:00,521.079
2017-11-29 06:00:00,2017-11-29 06:00:00,532.3097
2017-11-29 07:00:00,2017-11-29 07:00:00,537.5942
2017-11-29 08:00:00,2017-11-29 08:00:00,547.0615
2017-11-29 09:00:00,2017-11-29 09:00:00,556.5042
2017-11-29 10:00:00,2017-11-29 10:00:00,578.3748
2017-11-29 11:00:00,2017-11-29 11:00:00,590.58
2017-11-29 12:00:00,2017-11-29 12:00:00,592.3448
2017-11-29 13:00:00,2017-11-29 13:00:00,601.4792
2017-11-29 14:00:00,2017-11-29 14:00:00,605.2862
2017-11-29 15:00:00,2017-11-29 15:00:00,600.5473
2017-11-29 16:00:00,2017-11-29 16:00:00,586.3408
2017-11-29 17:00:00,2017-11-29 17:00:00,573.7405
2017-11-29 18:00:00,2017-11-29 18:00:00,556.032
2017-11-29 19:00:00,2017-11-29 19:00:00,539.2915
2017-11-29 20:00:00,2017-11-29 20:00:00,535.051
2017-11-29 21:00:00,2017-11-29 21:00:00,536.2677
2017-11-29 22:00:00,2017-11-29 22:00:00,536.439
2017-11-29 23:00:00,2017-11-29 23:00:00,530.7528
2017-11-30 00:00:00,2017-11-30 00:00:00,532.3113
2017-11-30 01:00:00,2017-11-30 01:00:00,535.93
2017-11-30 02:00:00,2017-11-30 02:00:00,533.5307
2017-11-30 03:00:00,2017-11-30 03:00:00,527.5715
2017-11-30 04:00:00,2017-11-30 04:00:00,521.9005
2017-11-30 05:00:00,2017-11-30 05:00:00,515.2862
2017-11-30 06:00:00,2017-11-30 06:00:00,524.7932
2017-11-30 07:00:00,2017-11-30 07:00:00,530.7692
2017-11-30 08:00:00,2017-11-30 08:00:00,544.4967
2017-11-30 09:00:00,2017-11-30 09:00:00,561.9713
2017-11-30 10:00:00,2017-11-30 10:00:00,583.5827
2017-11-30 11:00:00,2017-11-30 11:00:00,593.281
2017-11-30 12:00:00,2017-11-30 12:00:00,594.0787
2017-11-30 13:00:00,2017-11-30 13:00:00,598.0205
2017-11-30 14:00:00,2017-11-30 14:00:00,603.166
2017-11-30 15:00:00,2017-11-30 15:00:00,598.8513
2017-11-30 16:00:00,2017-11-30 16:00:00,585.7253
2017-11-30 17:00:00,2017-11-30 17:00:00,572.2272
2017-11-30 18:00:00,2017-11-30 18:00:00,555.9635
2017-11-30 19:00:00,2017-11-30 19:00:00,544.2998
2017-11-30 20:00:00,2017-11-30 20:00:00,537.7318
2017-11-30 21:00:00,2017-11-30 21:00:00,531.2602
2017-11-30 22:00:00,2017-11-30 22:00:00,527.688
2017-11-30 23:00:00,2017-11-30 23:00:00,526.708
2017-12-01 00:00:00,2017-12-01 00:00:00,522.4475
2017-12-01 01:00:00,2017-12-01 01:00:00,520.9698
2017-12-01 02:00:00,2017-12-01 02:00:00,519.8352
2017-12-01 03:00:00,2017-12-01 03:00:00,519.1457
2017-12-01 04:00:00,2017-12-01 04:00:00,518.4477
2017-12-01 05:00:00,2017-12-01 05:00:00,517.1418
2017-12-01 06:00:00,2017-12-01 06:00:00,529.701
2017-12-01 07:00:00,2017-12-01 07:00:00,537.851
2017-12-01 08:00:00,2017-12-01 08:00:00,546.1955
2017-12-01 09:00:00,2017-12-01 09:00:00,557.802
2017-12-01 10:00:00,2017-12-01 10:00:00,572.8703
2017-12-01 11:00:00,2017-12-01 11:00:00,584.5645
2017-12-01 12:00:00,2017-12-01 12:00:00,588.1877
2017-12-01 13:00:00,2017-12-01 13:00:00,592.0425
2017-12-01 14:00:00,2017-12-01 14:00:00,592.262
2017-12-01 15:00:00,2017-12-01 15:00:00,588.813
2017-12-01 16:00:00,2017-12-01 16:00:00,574.8562
2017-12-01 17:00:00,2017-12-01 17:00:00,566.4314
2017-12-01 18:00:00,2017-12-01 18:00:00,542.6155
2017-12-01 19:00:00,2017-12-01 19:00:00,530.3512
2017-12-01 20:00:00,2017-12-01 20:00:00,526.745
2017-12-01 21:00:00,2017-12-01 21:00:00,523.1708
2017-12-01 22:00:00,2017-12-01 22:00:00,521.4675
2017-12-01 23:00:00,2017-12-01 23:00:00,519.8042
2017-12-02 00:00:00,2017-12-02 00:00:00,518.102
2017-12-02 01:00:00,2017-12-02 01:00:00,518.401
2017-12-02 02:00:00,2017-12-02 02:00:00,520.0243
2017-12-02 03:00:00,2017-12-02 03:00:00,518.2864
2017-12-02 04:00:00,2017-12-02 04:00:00,518.6858
2017-12-02 05:00:00,2017-12-02 05:00:00,518.1355
2017-12-02 06:00:00,2017-12-02 06:00:00,529.2322
2017-12-02 07:00:00,2017-12-02 07:00:00,535.503
2017-12-02 08:00:00,2017-12-02 08:00:00,535.6775
2017-12-02 09:00:00,2017-12-02 09:00:00,517.9175
2017-12-02 10:00:00,2017-12-02 10:00:00,545.5068
2017-12-02 11:00:00,2017-12-02 11:00:00,557.4602
2017-12-02 12:00:00,2017-12-02 12:00:00,468.572
2017-12-02 13:00:00,2017-12-02 13:00:00,506.1315
2017-12-02 14:00:00,2017-12-02 14:00:00,592.62
2017-12-02 15:00:00,2017-12-02 15:00:00,568.343
2017-12-02 16:00:00,2017-12-02 16:00:00,551.4707
2017-12-02 17:00:00,2017-12-02 17:00:00,545.9485
2017-12-02 18:00:00,2017-12-02 18:00:00,531.408
2017-12-02 19:00:00,2017-12-02 19:00:00,528.6427
2017-12-02 20:00:00,2017-12-02 20:00:00,525.5655
2017-12-02 21:00:00,2017-12-02 21:00:00,524.731
2017-12-02 22:00:00,2017-12-02 22:00:00,524.7073
2017-12-02 23:00:00,2017-12-02 23:00:00,527.6923
2017-12-03 00:00:00,2017-12-03 00:00:00,521.0085
2017-12-03 01:00:00,2017-12-03 01:00:00,515.1015
2017-12-03 02:00:00,2017-12-03 02:00:00,514.9567
2017-12-03 03:00:00,2017-12-03 03:00:00,514.5682
2017-12-03 04:00:00,2017-12-03 04:00:00,513.522
2017-12-03 05:00:00,2017-12-03 05:00:00,514.7078
2017-12-03 06:00:00,2017-12-03 06:00:00,522.7258
2017-12-03 07:00:00,2017-12-03 07:00:00,526.8577
2017-12-03 08:00:00,2017-12-03 08:00:00,531.192
2017-12-03 09:00:00,2017-12-03 09:00:00,532.3235
2017-12-03 10:00:00,2017-12-03 10:00:00,532.963
2017-12-03 11:00:00,2017-12-03 11:00:00,536.9368
2017-12-03 12:00:00,2017-12-03 12:00:00,539.2447
2017-12-03 13:00:00,2017-12-03 13:00:00,544.1325
2017-12-03 14:00:00,2017-12-03 14:00:00,542.3198
2017-12-03 15:00:00,2017-12-03 15:00:00,542.9387
2017-12-03 16:00:00,2017-12-03 16:00:00,542.2758
2017-12-03 17:00:00,2017-12-03 17:00:00,537.488
2017-12-03 18:00:00,2017-12-03 18:00:00,524.984
2017-12-03 19:00:00,2017-12-03 19:00:00,521.5353
2017-12-03 20:00:00,2017-12-03 20:00:00,519.426
2017-12-03 21:00:00,2017-12-03 21:00:00,517.286
2017-12-03 22:00:00,2017-12-03 22:00:00,516.8363
2017-12-03 23:00:00,2017-12-03 23:00:00,514.1092
2017-12-04 00:00:00,2017-12-04 00:00:00,510.2852
2017-12-04 01:00:00,2017-12-04 01:00:00,509.5502
2017-12-04 02:00:00,2017-12-04 02:00:00,508.6712
2017-12-04 03:00:00,2017-12-04 03:00:00,506.0817
2017-12-04 04:00:00,2017-12-04 04:00:00,505.0525
2017-12-04 05:00:00,2017-12-04 05:00:00,503.4605
2017-12-04 06:00:00,2017-12-04 06:00:00,516.9668
2017-12-04 07:00:00,2017-12-04 07:00:00,523.23
2017-12-04 08:00:00,2017-12-04 08:00:00,533.0205
2017-12-04 09:00:00,2017-12-04 09:00:00,540.921
2017-12-04 10:00:00,2017-12-04 10:00:00,559.1252
2017-12-04 11:00:00,2017-12-04 11:00:00,576.685
2017-12-04 12:00:00,2017-12-04 12:00:00,584.7442
2017-12-04 13:00:00,2017-12-04 13:00:00,586.611
2017-12-04 14:00:00,2017-12-04 14:00:00,591.2167
2017-12-04 15:00:00,2017-12-04 15:00:00,590.4055
2017-12-04 16:00:00,2017-12-04 16:00:00,582.0848
2017-12-04 17:00:00,2017-12-04 17:00:00,574.1252
2017-12-04 18:00:00,2017-12-04 18:00:00,554.8517
2017-12-04 19:00:00,2017-12-04 19:00:00,540.5043
2017-12-04 20:00:00,2017-12-04 20:00:00,537.5917
2017-12-04 21:00:00,2017-12-04 21:00:00,533.6858
2017-12-04 22:00:00,2017-12-04 22:00:00,529.4385
2017-12-04 23:00:00,2017-12-04 23:00:00,529.5735
2017-12-05 00:00:00,2017-12-05 00:00:00,527.3013
2017-12-05 01:00:00,2017-12-05 01:00:00,518.8757
2017-12-05 02:00:00,2017-12-05 02:00:00,517.1723
2017-12-05 03:00:00,2017-12-05 03:00:00,514.5847
2017-12-05 04:00:00,2017-12-05 04:00:00,513.2488
2017-12-05 05:00:00,2017-12-05 05:00:00,512.5533
2017-12-05 06:00:00,2017-12-05 06:00:00,523.3962
2017-12-05 07:00:00,2017-12-05 07:00:00,526.8667
2017-12-05 08:00:00,2017-12-05 08:00:00,538.3665
2017-12-05 09:00:00,2017-12-05 09:00:00,557.1215
2017-12-05 10:00:00,2017-12-05 10:00:00,579.716
2017-12-05 11:00:00,2017-12-05 11:00:00,587.9127
2017-12-05 12:00:00,2017-12-05 12:00:00,594.4857
2017-12-05 13:00:00,2017-12-05 13:00:00,596.5812
2017-12-05 14:00:00,2017-12-05 14:00:00,598.5428
2017-12-05 15:00:00,2017-12-05 15:00:00,599.719
2017-12-05 16:00:00,2017-12-05 16:00:00,595.777
2017-12-05 17:00:00,2017-12-05 17:00:00,572.2275
2017-12-05 18:00:00,2017-12-05 18:00:00,545.2282
2017-12-05 19:00:00,2017-12-05 19:00:00,536.3918
2017-12-05 20:00:00,2017-12-05 20:00:00,532.361
2017-12-05 21:00:00,2017-12-05 21:00:00,526.1182
2017-12-05 22:00:00,2017-12-05 22:00:00,524.1455
2017-12-05 23:00:00,2017-12-05 23:00:00,523.1995
2017-12-06 00:00:00,2017-12-06 00:00:00,520.843
2017-12-06 01:00:00,2017-12-06 01:00:00,519.46
2017-12-06 02:00:00,2017-12-06 02:00:00,520.8795
2017-12-06 03:00:00,2017-12-06 03:00:00,519.6257
2017-12-06 04:00:00,2017-12-06 04:00:00,518.8725
2017-12-06 05:00:00,2017-12-06 05:00:00,517.6332
2017-12-06 06:00:00,2017-12-06 06:00:00,528.6105
2017-12-06 07:00:00,2017-12-06 07:00:00,528.8005
2017-12-06 08:00:00,2017-12-06 08:00:00,539.4325
2017-12-06 09:00:00,2017-12-06 09:00:00,560.5275
2017-12-06 10:00:00,2017-12-06 10:00:00,578.239
2017-12-06 11:00:00,2017-12-06 11:00:00,585.8453
2017-12-06 12:00:00,2017-12-06 12:00:00,585.822
2017-12-06 13:00:00,2017-12-06 13:00:00,591.8158
2017-12-06 14:00:00,2017-12-06 14:00:00,593.1942
2017-12-06 15:00:00,2017-12-06 15:00:00,591.7552
2017-12-06 16:00:00,2017-12-06 16:00:00,585.0275
2017-12-06 17:00:00,2017-12-06 17:00:00,577.4593
2017-12-06 18:00:00,2017-12-06 18:00:00,561.1855
2017-12-06 19:00:00,2017-12-06 19:00:00,546.5362
2017-12-06 20:00:00,2017-12-06 20:00:00,543.8643
2017-12-06 21:00:00,2017-12-06 21:00:00,549.32
2017-12-06 22:00:00,2017-12-06 22:00:00,548.4833
2017-12-06 23:00:00,2017-12-06 23:00:00,547.619
2017-12-07 00:00:00,2017-12-07 00:00:00,543.564
2017-12-07 01:00:00,2017-12-07 01:00:00,527.7238
2017-12-07 02:00:00,2017-12-07 02:00:00,538.6433
2017-12-07 03:00:00,2017-12-07 03:00:00,538.7942
2017-12-07 04:00:00,2017-12-07 04:00:00,538.0512
2017-12-07 05:00:00,2017-12-07 05:00:00,537.5058
2017-12-07 06:00:00,2017-12-07 06:00:00,548.4325
2017-12-07 07:00:00,2017-12-07 07:00:00,549.302
2017-12-07 08:00:00,2017-12-07 08:00:00,559.1
2017-12-07 09:00:00,2017-12-07 09:00:00,572.8522
2017-12-07 10:00:00,2017-12-07 10:00:00,590.082
2017-12-07 11:00:00,2017-12-07 11:00:00,607.65
2017-12-07 12:00:00,2017-12-07 12:00:00,609.8055
2017-12-07 13:00:00,2017-12-07 13:00:00,607.1733
2017-12-07 14:00:00,2017-12-07 14:00:00,611.1267
2017-12-07 15:00:00,2017-12-07 15:00:00,608.3331
2017-12-07 16:00:00,2017-12-07 16:00:00,603.1687
2017-12-07 17:00:00,2017-12-07 17:00:00,584.7937
2017-12-07 18:00:00,2017-12-07 18:00:00,565.0775
2017-12-07 19:00:00,2017-12-07 19:00:00,553.6905
2017-12-07 20:00:00,2017-12-07 20:00:00,549.5845
2017-12-07 21:00:00,2017-12-07 21:00:00,543.4725
2017-12-07 22:00:00,2017-12-07 22:00:00,538.6777
2017-12-07 23:00:00,2017-12-07 23:00:00,532.03
2017-12-08 00:00:00,2017-12-08 00:00:00,529.1823
2017-12-08 01:00:00,2017-12-08 01:00:00,524.0992
2017-12-08 02:00:00,2017-12-08 02:00:00,519.4355
2017-12-08 03:00:00,2017-12-08 03:00:00,517.4675
2017-12-08 04:00:00,2017-12-08 04:00:00,515.7173
2017-12-08 05:00:00,2017-12-08 05:00:00,517.6005
2017-12-08 06:00:00,2017-12-08 06:00:00,529.4155
2017-12-08 07:00:00,2017-12-08 07:00:00,531.9085
2017-12-08 08:00:00,2017-12-08 08:00:00,542.3795
2017-12-08 09:00:00,2017-12-08 09:00:00,553.4907
2017-12-08 10:00:00,2017-12-08 10:00:00,574.6247
2017-12-08 11:00:00,2017-12-08 11:00:00,595.1975
2017-12-08 12:00:00,2017-12-08 12:00:00,600.8815
2017-12-08 13:00:00,2017-12-08 13:00:00,609.9857
2017-12-08 14:00:00,2017-12-08 14:00:00,615.8662
2017-12-08 15:00:00,2017-12-08 15:00:00,611.8212
2017-12-08 16:00:00,2017-12-08 16:00:00,596.4485
2017-12-08 17:00:00,2017-12-08 17:00:00,585.4332
2017-12-08 18:00:00,2017-12-08 18:00:00,559.0205
2017-12-08 19:00:00,2017-12-08 19:00:00,545.0552
2017-12-08 20:00:00,2017-12-08 20:00:00,538.2848
2017-12-08 21:00:00,2017-12-08 21:00:00,535.1335
2017-12-08 22:00:00,2017-12-08 22:00:00,530.6918
2017-12-08 23:00:00,2017-12-08 23:00:00,524.8908
2017-12-09 00:00:00,2017-12-09 00:00:00,523.182
2017-12-09 01:00:00,2017-12-09 01:00:00,521.4248
2017-12-09 02:00:00,2017-12-09 02:00:00,522.439
2017-12-09 03:00:00,2017-12-09 03:00:00,519.8387
2017-12-09 04:00:00,2017-12-09 04:00:00,516.7233
2017-12-09 05:00:00,2017-12-09 05:00:00,516.1618
2017-12-09 06:00:00,2017-12-09 06:00:00,528.1015
2017-12-09 07:00:00,2017-12-09 07:00:00,532.9305
2017-12-09 08:00:00,2017-12-09 08:00:00,535.318
2017-12-09 09:00:00,2017-12-09 09:00:00,534.6612
2017-12-09 10:00:00,2017-12-09 10:00:00,540.3585
2017-12-09 11:00:00,2017-12-09 11:00:00,560.4785
2017-12-09 12:00:00,2017-12-09 12:00:00,575.3618
2017-12-09 13:00:00,2017-12-09 13:00:00,589.5102
2017-12-09 14:00:00,2017-12-09 14:00:00,584.0145
2017-12-09 15:00:00,2017-12-09 15:00:00,583.2512
2017-12-09 16:00:00,2017-12-09 16:00:00,580.6507
2017-12-09 17:00:00,2017-12-09 17:00:00,568.0295
2017-12-09 18:00:00,2017-12-09 18:00:00,551.0373
2017-12-09 19:00:00,2017-12-09 19:00:00,543.3593
2017-12-09 20:00:00,2017-12-09 20:00:00,533.6955
2017-12-09 21:00:00,2017-12-09 21:00:00,529.6657
2017-12-09 22:00:00,2017-12-09 22:00:00,529.5218
2017-12-09 23:00:00,2017-12-09 23:00:00,529.996
2017-12-10 00:00:00,2017-12-10 00:00:00,524.3968
2017-12-10 01:00:00,2017-12-10 01:00:00,521.901
2017-12-10 02:00:00,2017-12-10 02:00:00,520.8425
2017-12-10 03:00:00,2017-12-10 03:00:00,523.4308
2017-12-10 04:00:00,2017-12-10 04:00:00,519.8152
2017-12-10 05:00:00,2017-12-10 05:00:00,520.3032
2017-12-10 06:00:00,2017-12-10 06:00:00,529.6718
2017-12-10 07:00:00,2017-12-10 07:00:00,534.7848
2017-12-10 08:00:00,2017-12-10 08:00:00,534.9932
2017-12-10 09:00:00,2017-12-10 09:00:00,534.956
2017-12-10 10:00:00,2017-12-10 10:00:00,555.3187
2017-12-10 11:00:00,2017-12-10 11:00:00,567.6005
2017-12-10 12:00:00,2017-12-10 12:00:00,578.418
2017-12-10 13:00:00,2017-12-10 13:00:00,591.3418
2017-12-10 14:00:00,2017-12-10 14:00:00,601.3205
2017-12-10 15:00:00,2017-12-10 15:00:00,598.3043
2017-12-10 16:00:00,2017-12-10 16:00:00,591.2465
2017-12-10 17:00:00,2017-12-10 17:00:00,573.2755
2017-12-10 18:00:00,2017-12-10 18:00:00,562.5978
2017-12-10 19:00:00,2017-12-10 19:00:00,553.5215
2017-12-10 20:00:00,2017-12-10 20:00:00,544.0598
2017-12-10 21:00:00,2017-12-10 21:00:00,536.328
2017-12-10 22:00:00,2017-12-10 22:00:00,534.8055
2017-12-10 23:00:00,2017-12-10 23:00:00,532.866
2017-12-11 00:00:00,2017-12-11 00:00:00,525.82
2017-12-11 01:00:00,2017-12-11 01:00:00,521.243
2017-12-11 02:00:00,2017-12-11 02:00:00,523.0825
2017-12-11 03:00:00,2017-12-11 03:00:00,522.9123
2017-12-11 04:00:00,2017-12-11 04:00:00,519.462
2017-12-11 05:00:00,2017-12-11 05:00:00,519.8245
2017-12-11 06:00:00,2017-12-11 06:00:00,531.2565
2017-12-11 07:00:00,2017-12-11 07:00:00,533.7752
2017-12-11 08:00:00,2017-12-11 08:00:00,541.53
2017-12-11 09:00:00,2017-12-11 09:00:00,554.1635
2017-12-11 10:00:00,2017-12-11 10:00:00,571.7707
2017-12-11 11:00:00,2017-12-11 11:00:00,588.0642
2017-12-11 12:00:00,2017-12-11 12:00:00,599.932
2017-12-11 13:00:00,2017-12-11 13:00:00,613.438
2017-12-11 14:00:00,2017-12-11 14:00:00,621.8298
2017-12-11 15:00:00,2017-12-11 15:00:00,611.5065
2017-12-11 16:00:00,2017-12-11 16:00:00,598.1428
2017-12-11 17:00:00,2017-12-11 17:00:00,582.6415
2017-12-11 18:00:00,2017-12-11 18:00:00,561.801
2017-12-11 19:00:00,2017-12-11 19:00:00,546.5612
2017-12-11 20:00:00,2017-12-11 20:00:00,540.965
2017-12-11 21:00:00,2017-12-11 21:00:00,539.508
2017-12-11 22:00:00,2017-12-11 22:00:00,534.0278
2017-12-11 23:00:00,2017-12-11 23:00:00,530.9202
2017-12-12 00:00:00,2017-12-12 00:00:00,525.973
2017-12-12 01:00:00,2017-12-12 01:00:00,519.8438
2017-12-12 02:00:00,2017-12-12 02:00:00,514.5328
2017-12-12 03:00:00,2017-12-12 03:00:00,513.578
2017-12-12 04:00:00,2017-12-12 04:00:00,513.7218
2017-12-12 05:00:00,2017-12-12 05:00:00,512.4495
2017-12-12 06:00:00,2017-12-12 06:00:00,521.7782
2017-12-12 07:00:00,2017-12-12 07:00:00,528.785
2017-12-12 08:00:00,2017-12-12 08:00:00,539.764
2017-12-12 09:00:00,2017-12-12 09:00:00,555.656
2017-12-12 10:00:00,2017-12-12 10:00:00,579.1952
2017-12-12 11:00:00,2017-12-12 11:00:00,592.3745
2017-12-12 12:00:00,2017-12-12 12:00:00,604.1275
2017-12-12 13:00:00,2017-12-12 13:00:00,624.7032
2017-12-12 14:00:00,2017-12-12 14:00:00,623.6093
2017-12-12 15:00:00,2017-12-12 15:00:00,611.5458
2017-12-12 16:00:00,2017-12-12 16:00:00,599.9902
2017-12-12 17:00:00,2017-12-12 17:00:00,581.5275
2017-12-12 18:00:00,2017-12-12 18:00:00,560.2757
2017-12-12 19:00:00,2017-12-12 19:00:00,549.991
2017-12-12 20:00:00,2017-12-12 20:00:00,545.272
2017-12-12 21:00:00,2017-12-12 21:00:00,540.7822
2017-12-12 22:00:00,2017-12-12 22:00:00,534.7313
2017-12-12 23:00:00,2017-12-12 23:00:00,527.1498
2017-12-13 00:00:00,2017-12-13 00:00:00,524.7595
2017-12-13 01:00:00,2017-12-13 01:00:00,518.2298
2017-12-13 02:00:00,2017-12-13 02:00:00,513.778
2017-12-13 03:00:00,2017-12-13 03:00:00,516.4045
2017-12-13 04:00:00,2017-12-13 04:00:00,515.2145
2017-12-13 05:00:00,2017-12-13 05:00:00,514.725
2017-12-13 06:00:00,2017-12-13 06:00:00,527.312
2017-12-13 07:00:00,2017-12-13 07:00:00,531.094
2017-12-13 08:00:00,2017-12-13 08:00:00,538.993
2017-12-13 09:00:00,2017-12-13 09:00:00,539.408
2017-12-13 10:00:00,2017-12-13 10:00:00,555.4302
2017-12-13 11:00:00,2017-12-13 11:00:00,584.3042
2017-12-13 12:00:00,2017-12-13 12:00:00,600.795
2017-12-13 13:00:00,2017-12-13 13:00:00,600.6075
2017-12-13 14:00:00,2017-12-13 14:00:00,601.325
2017-12-13 15:00:00,2017-12-13 15:00:00,597.3838
2017-12-13 16:00:00,2017-12-13 16:00:00,584.059
2017-12-13 17:00:00,2017-12-13 17:00:00,564.9273
2017-12-13 18:00:00,2017-12-13 18:00:00,543.0135
2017-12-13 19:00:00,2017-12-13 19:00:00,534.4938
2017-12-13 20:00:00,2017-12-13 20:00:00,532.0972
2017-12-13 21:00:00,2017-12-13 21:00:00,529.8855
2017-12-13 22:00:00,2017-12-13 22:00:00,526.8937
2017-12-13 23:00:00,2017-12-13 23:00:00,524.5678
2017-12-14 00:00:00,2017-12-14 00:00:00,520.4055
2017-12-14 01:00:00,2017-12-14 01:00:00,518.065
2017-12-14 02:00:00,2017-12-14 02:00:00,515.602
2017-12-14 03:00:00,2017-12-14 03:00:00,514.156
2017-12-14 04:00:00,2017-12-14 04:00:00,513.4532
2017-12-14 05:00:00,2017-12-14 05:00:00,512.463
2017-12-14 06:00:00,2017-12-14 06:00:00,523.9455
2017-12-14 07:00:00,2017-12-14 07:00:00,535.121
2017-12-14 08:00:00,2017-12-14 08:00:00,540.6908
2017-12-14 09:00:00,2017-12-14 09:00:00,558.0595
2017-12-14 10:00:00,2017-12-14 10:00:00,580.7465
2017-12-14 11:00:00,2017-12-14 11:00:00,586.884
2017-12-14 12:00:00,2017-12-14 12:00:00,587.6233
2017-12-14 13:00:00,2017-12-14 13:00:00,595.0865
2017-12-14 14:00:00,2017-12-14 14:00:00,618.748
2017-12-14 15:00:00,2017-12-14 15:00:00,609.426
2017-12-14 16:00:00,2017-12-14 16:00:00,594.095
2017-12-14 17:00:00,2017-12-14 17:00:00,593.266
2017-12-14 18:00:00,2017-12-14 18:00:00,578.8102
2017-12-14 19:00:00,2017-12-14 19:00:00,551.3315
2017-12-14 20:00:00,2017-12-14 20:00:00,536.369
2017-12-14 21:00:00,2017-12-14 21:00:00,531.8588
2017-12-14 22:00:00,2017-12-14 22:00:00,529.7528
2017-12-14 23:00:00,2017-12-14 23:00:00,525.6215
2017-12-15 00:00:00,2017-12-15 00:00:00,519.2788
2017-12-15 01:00:00,2017-12-15 01:00:00,513.9592
2017-12-15 02:00:00,2017-12-15 02:00:00,512.3402
2017-12-15 03:00:00,2017-12-15 03:00:00,511.6315
2017-12-15 04:00:00,2017-12-15 04:00:00,510.4418
2017-12-15 05:00:00,2017-12-15 05:00:00,509.2717
2017-12-15 06:00:00,2017-12-15 06:00:00,523.0478
2017-12-15 07:00:00,2017-12-15 07:00:00,528.1595
2017-12-15 08:00:00,2017-12-15 08:00:00,534.9833
2017-12-15 09:00:00,2017-12-15 09:00:00,547.6068
2017-12-15 10:00:00,2017-12-15 10:00:00,569.5972
2017-12-15 11:00:00,2017-12-15 11:00:00,572.2632
2017-12-15 12:00:00,2017-12-15 12:00:00,580.3217
2017-12-15 13:00:00,2017-12-15 13:00:00,582.2962
2017-12-15 14:00:00,2017-12-15 14:00:00,575.5623
2017-12-15 15:00:00,2017-12-15 15:00:00,578.707
2017-12-15 16:00:00,2017-12-15 16:00:00,575.8787
2017-12-15 17:00:00,2017-12-15 17:00:00,570.0245
2017-12-15 18:00:00,2017-12-15 18:00:00,547.6528
2017-12-15 19:00:00,2017-12-15 19:00:00,540.0435
2017-12-15 20:00:00,2017-12-15 20:00:00,538.2745
2017-12-15 21:00:00,2017-12-15 21:00:00,536.0625
2017-12-15 22:00:00,2017-12-15 22:00:00,526.199
2017-12-15 23:00:00,2017-12-15 23:00:00,521.9602
2017-12-16 00:00:00,2017-12-16 00:00:00,518.9492
2017-12-16 01:00:00,2017-12-16 01:00:00,518.8885
2017-12-16 02:00:00,2017-12-16 02:00:00,522.973
2017-12-16 03:00:00,2017-12-16 03:00:00,517.4555
2017-12-16 04:00:00,2017-12-16 04:00:00,513.824
2017-12-16 05:00:00,2017-12-16 05:00:00,511.3282
2017-12-16 06:00:00,2017-12-16 06:00:00,522.168
2017-12-16 07:00:00,2017-12-16 07:00:00,524.7063
2017-12-16 08:00:00,2017-12-16 08:00:00,527.6425
2017-12-16 09:00:00,2017-12-16 09:00:00,539.1955
2017-12-16 10:00:00,2017-12-16 10:00:00,550.2548
2017-12-16 11:00:00,2017-12-16 11:00:00,560.562
2017-12-16 12:00:00,2017-12-16 12:00:00,564.3992
2017-12-16 13:00:00,2017-12-16 13:00:00,567.3662
2017-12-16 14:00:00,2017-12-16 14:00:00,563.865
2017-12-16 15:00:00,2017-12-16 15:00:00,562.53
2017-12-16 16:00:00,2017-12-16 16:00:00,555.7805
2017-12-16 17:00:00,2017-12-16 17:00:00,548.325
2017-12-16 18:00:00,2017-12-16 18:00:00,534.7135
2017-12-16 19:00:00,2017-12-16 19:00:00,531.5365
2017-12-16 20:00:00,2017-12-16 20:00:00,532.184
2017-12-16 21:00:00,2017-12-16 21:00:00,530.3932
2017-12-16 22:00:00,2017-12-16 22:00:00,526.199
2017-12-16 23:00:00,2017-12-16 23:00:00,521.5325
2017-12-17 00:00:00,2017-12-17 00:00:00,521.811
2017-12-17 01:00:00,2017-12-17 01:00:00,517.4553
2017-12-17 02:00:00,2017-12-17 02:00:00,512.718
2017-12-17 03:00:00,2017-12-17 03:00:00,510.521
2017-12-17 04:00:00,2017-12-17 04:00:00,507.6428
2017-12-17 05:00:00,2017-12-17 05:00:00,509.9478
2017-12-17 06:00:00,2017-12-17 06:00:00,521.9533
2017-12-17 07:00:00,2017-12-17 07:00:00,525.3502
2017-12-17 08:00:00,2017-12-17 08:00:00,525.0137
2017-12-17 09:00:00,2017-12-17 09:00:00,528.4975
2017-12-17 10:00:00,2017-12-17 10:00:00,540.5692
2017-12-17 11:00:00,2017-12-17 11:00:00,550.7577
2017-12-17 12:00:00,2017-12-17 12:00:00,558.714
2017-12-17 13:00:00,2017-12-17 13:00:00,559.3817
2017-12-17 14:00:00,2017-12-17 14:00:00,563.884
2017-12-17 15:00:00,2017-12-17 15:00:00,563.8235
2017-12-17 16:00:00,2017-12-17 16:00:00,556.2257
2017-12-17 17:00:00,2017-12-17 17:00:00,549.1257
2017-12-17 18:00:00,2017-12-17 18:00:00,533.786
2017-12-17 19:00:00,2017-12-17 19:00:00,525.522
2017-12-17 20:00:00,2017-12-17 20:00:00,523.9197
2017-12-17 21:00:00,2017-12-17 21:00:00,523.203
2017-12-17 22:00:00,2017-12-17 22:00:00,519.134
2017-12-17 23:00:00,2017-12-17 23:00:00,516.326
2017-12-18 00:00:00,2017-12-18 00:00:00,513.562
2017-12-18 01:00:00,2017-12-18 01:00:00,510.236
2017-12-18 02:00:00,2017-12-18 02:00:00,514.7998
2017-12-18 03:00:00,2017-12-18 03:00:00,508.471
2017-12-18 04:00:00,2017-12-18 04:00:00,508.8125
2017-12-18 05:00:00,2017-12-18 05:00:00,513.9017
2017-12-18 06:00:00,2017-12-18 06:00:00,525.364
2017-12-18 07:00:00,2017-12-18 07:00:00,529.2648
2017-12-18 08:00:00,2017-12-18 08:00:00,533.4627
2017-12-18 09:00:00,2017-12-18 09:00:00,544.3158
2017-12-18 10:00:00,2017-12-18 10:00:00,557.0523
2017-12-18 11:00:00,2017-12-18 11:00:00,576.0145
2017-12-18 12:00:00,2017-12-18 12:00:00,580.2675
2017-12-18 13:00:00,2017-12-18 13:00:00,584.151
2017-12-18 14:00:00,2017-12-18 14:00:00,589.9195
2017-12-18 15:00:00,2017-12-18 15:00:00,584.282
2017-12-18 16:00:00,2017-12-18 16:00:00,577.2085
2017-12-18 17:00:00,2017-12-18 17:00:00,561.7925
2017-12-18 18:00:00,2017-12-18 18:00:00,543.176
2017-12-18 19:00:00,2017-12-18 19:00:00,531.2412
2017-12-18 20:00:00,2017-12-18 20:00:00,522.548
2017-12-18 21:00:00,2017-12-18 21:00:00,519.7292
2017-12-18 22:00:00,2017-12-18 22:00:00,517.7468
2017-12-18 23:00:00,2017-12-18 23:00:00,516.1343
2017-12-19 00:00:00,2017-12-19 00:00:00,512.7172
2017-12-19 01:00:00,2017-12-19 01:00:00,513.3177
2017-12-19 02:00:00,2017-12-19 02:00:00,512.7675
2017-12-19 03:00:00,2017-12-19 03:00:00,512.444
2017-12-19 04:00:00,2017-12-19 04:00:00,511.1023
2017-12-19 05:00:00,2017-12-19 05:00:00,507.9968
2017-12-19 06:00:00,2017-12-19 06:00:00,521.339
2017-12-19 07:00:00,2017-12-19 07:00:00,525.1625
2017-12-19 08:00:00,2017-12-19 08:00:00,534.4432
2017-12-19 09:00:00,2017-12-19 09:00:00,539.317
2017-12-19 10:00:00,2017-12-19 10:00:00,546.2932
2017-12-19 11:00:00,2017-12-19 11:00:00,555.923
2017-12-19 12:00:00,2017-12-19 12:00:00,565.2302
2017-12-19 13:00:00,2017-12-19 13:00:00,571.7842
2017-12-19 14:00:00,2017-12-19 14:00:00,568.9677
2017-12-19 15:00:00,2017-12-19 15:00:00,568.845
2017-12-19 16:00:00,2017-12-19 16:00:00,564.0463
2017-12-19 17:00:00,2017-12-19 17:00:00,557.9083
2017-12-19 18:00:00,2017-12-19 18:00:00,540.888
2017-12-19 19:00:00,2017-12-19 19:00:00,532.8785
2017-12-19 20:00:00,2017-12-19 20:00:00,531.0015
2017-12-19 21:00:00,2017-12-19 21:00:00,530.3105
2017-12-19 22:00:00,2017-12-19 22:00:00,530.4987
2017-12-19 23:00:00,2017-12-19 23:00:00,528.7838
2017-12-20 00:00:00,2017-12-20 00:00:00,525.8647
2017-12-20 01:00:00,2017-12-20 01:00:00,522.9908
2017-12-20 02:00:00,2017-12-20 02:00:00,522.828
2017-12-20 03:00:00,2017-12-20 03:00:00,527.49
2017-12-20 04:00:00,2017-12-20 04:00:00,528.3345
2017-12-20 05:00:00,2017-12-20 05:00:00,524.7835
2017-12-20 06:00:00,2017-12-20 06:00:00,532.3608
2017-12-20 07:00:00,2017-12-20 07:00:00,536.3978
2017-12-20 08:00:00,2017-12-20 08:00:00,543.1757
2017-12-20 09:00:00,2017-12-20 09:00:00,549.8817
2017-12-20 10:00:00,2017-12-20 10:00:00,554.8332
2017-12-20 11:00:00,2017-12-20 11:00:00,556.9762
2017-12-20 12:00:00,2017-12-20 12:00:00,552.1822
2017-12-20 13:00:00,2017-12-20 13:00:00,553.9047
2017-12-20 14:00:00,2017-12-20 14:00:00,556.8888
2017-12-20 15:00:00,2017-12-20 15:00:00,553.416
2017-12-20 16:00:00,2017-12-20 16:00:00,544.1107
2017-12-20 17:00:00,2017-12-20 17:00:00,542.848
2017-12-20 18:00:00,2017-12-20 18:00:00,530.3245
2017-12-20 19:00:00,2017-12-20 19:00:00,522.3967
2017-12-20 20:00:00,2017-12-20 20:00:00,520.7798
2017-12-20 21:00:00,2017-12-20 21:00:00,518.0483
2017-12-20 22:00:00,2017-12-20 22:00:00,518.466
2017-12-20 23:00:00,2017-12-20 23:00:00,519.4732
2017-12-21 00:00:00,2017-12-21 00:00:00,517.532
2017-12-21 01:00:00,2017-12-21 01:00:00,519.112
2017-12-21 02:00:00,2017-12-21 02:00:00,518.1488
2017-12-21 03:00:00,2017-12-21 03:00:00,517.5412
2017-12-21 04:00:00,2017-12-21 04:00:00,517.849
2017-12-21 05:00:00,2017-12-21 05:00:00,517.414
2017-12-21 06:00:00,2017-12-21 06:00:00,529.1923
2017-12-21 07:00:00,2017-12-21 07:00:00,532.8515
2017-12-21 08:00:00,2017-12-21 08:00:00,497.249
2017-12-21 09:00:00,2017-12-21 09:00:00,503.0655
2017-12-21 10:00:00,2017-12-21 10:00:00,509.8723
2017-12-21 11:00:00,2017-12-21 11:00:00,512.5605
2017-12-21 12:00:00,2017-12-21 12:00:00,514.2128
2017-12-21 13:00:00,2017-12-21 13:00:00,519.7338
2017-12-21 14:00:00,2017-12-21 14:00:00,521.995
2017-12-21 15:00:00,2017-12-21 15:00:00,520.2257
2017-12-21 16:00:00,2017-12-21 16:00:00,515.9928
2017-12-21 17:00:00,2017-12-21 17:00:00,508.179
2017-12-21 18:00:00,2017-12-21 18:00:00,488.322
2017-12-21 19:00:00,2017-12-21 19:00:00,478.8732
2017-12-21 20:00:00,2017-12-21 20:00:00,475.46
2017-12-21 21:00:00,2017-12-21 21:00:00,473.878
2017-12-21 22:00:00,2017-12-21 22:00:00,475.7187
2017-12-21 23:00:00,2017-12-21 23:00:00,477.1457
2017-12-22 00:00:00,2017-12-22 00:00:00,475.8562
2017-12-22 01:00:00,2017-12-22 01:00:00,476.933
2017-12-22 02:00:00,2017-12-22 02:00:00,477.5132
2017-12-22 03:00:00,2017-12-22 03:00:00,477.14
2017-12-22 04:00:00,2017-12-22 04:00:00,478.702
2017-12-22 05:00:00,2017-12-22 05:00:00,476.3215
2017-12-22 06:00:00,2017-12-22 06:00:00,490.4842
2017-12-22 07:00:00,2017-12-22 07:00:00,492.4483
2017-12-22 08:00:00,2017-12-22 08:00:00,497.528
2017-12-22 09:00:00,2017-12-22 09:00:00,505.1572
2017-12-22 10:00:00,2017-12-22 10:00:00,509.829
2017-12-22 11:00:00,2017-12-22 11:00:00,512.8135
2017-12-22 12:00:00,2017-12-22 12:00:00,513.4675
2017-12-22 13:00:00,2017-12-22 13:00:00,515.472
2017-12-22 14:00:00,2017-12-22 14:00:00,514.8105
2017-12-22 15:00:00,2017-12-22 15:00:00,514.925
2017-12-22 16:00:00,2017-12-22 16:00:00,506.1418
2017-12-22 17:00:00,2017-12-22 17:00:00,500.5215
2017-12-22 18:00:00,2017-12-22 18:00:00,485.8167
2017-12-22 19:00:00,2017-12-22 19:00:00,480.2605
2017-12-22 20:00:00,2017-12-22 20:00:00,479.188
2017-12-22 21:00:00,2017-12-22 21:00:00,477.2242
2017-12-22 22:00:00,2017-12-22 22:00:00,477.1215
2017-12-22 23:00:00,2017-12-22 23:00:00,477.2915
2017-12-23 00:00:00,2017-12-23 00:00:00,474.9135
2017-12-23 01:00:00,2017-12-23 01:00:00,476.7225
2017-12-23 02:00:00,2017-12-23 02:00:00,476.2618
2017-12-23 03:00:00,2017-12-23 03:00:00,474.14
2017-12-23 04:00:00,2017-12-23 04:00:00,476.5378
2017-12-23 05:00:00,2017-12-23 05:00:00,476.3098
2017-12-23 06:00:00,2017-12-23 06:00:00,487.1678
2017-12-23 07:00:00,2017-12-23 07:00:00,491.171
2017-12-23 08:00:00,2017-12-23 08:00:00,491.0973
2017-12-23 09:00:00,2017-12-23 09:00:00,490.5105
2017-12-23 10:00:00,2017-12-23 10:00:00,492.4344
2017-12-23 11:00:00,2017-12-23 11:00:00,496.7777
2017-12-23 12:00:00,2017-12-23 12:00:00,501.2465
2017-12-23 13:00:00,2017-12-23 13:00:00,505.1413
2017-12-23 14:00:00,2017-12-23 14:00:00,508.2365
2017-12-23 15:00:00,2017-12-23 15:00:00,505.3655
2017-12-23 16:00:00,2017-12-23 16:00:00,499.927
2017-12-23 17:00:00,2017-12-23 17:00:00,495.12
2017-12-23 18:00:00,2017-12-23 18:00:00,483.0663
2017-12-23 19:00:00,2017-12-23 19:00:00,479.8068
2017-12-23 20:00:00,2017-12-23 20:00:00,479.6145
2017-12-23 21:00:00,2017-12-23 21:00:00,476.837
2017-12-23 22:00:00,2017-12-23 22:00:00,476.6067
2017-12-23 23:00:00,2017-12-23 23:00:00,475.809
2017-12-24 00:00:00,2017-12-24 00:00:00,474.9205
2017-12-24 01:00:00,2017-12-24 01:00:00,474.1187
2017-12-24 02:00:00,2017-12-24 02:00:00,474.8515
2017-12-24 03:00:00,2017-12-24 03:00:00,475.4782
2017-12-24 04:00:00,2017-12-24 04:00:00,473.3418
2017-12-24 05:00:00,2017-12-24 05:00:00,473.6663
2017-12-24 06:00:00,2017-12-24 06:00:00,484.6178
2017-12-24 07:00:00,2017-12-24 07:00:00,488.9648
2017-12-24 08:00:00,2017-12-24 08:00:00,491.1595
2017-12-24 09:00:00,2017-12-24 09:00:00,491.4775
2017-12-24 10:00:00,2017-12-24 10:00:00,491.858
2017-12-24 11:00:00,2017-12-24 11:00:00,494.1163
2017-12-24 12:00:00,2017-12-24 12:00:00,497.1883
2017-12-24 13:00:00,2017-12-24 13:00:00,495.4202
2017-12-24 14:00:00,2017-12-24 14:00:00,495.6815
2017-12-24 15:00:00,2017-12-24 15:00:00,498.1478
2017-12-24 16:00:00,2017-12-24 16:00:00,494.259
2017-12-24 17:00:00,2017-12-24 17:00:00,491.8362
2017-12-24 18:00:00,2017-12-24 18:00:00,480.222
2017-12-24 19:00:00,2017-12-24 19:00:00,476.968
2017-12-24 20:00:00,2017-12-24 20:00:00,476.3395
2017-12-24 21:00:00,2017-12-24 21:00:00,475.2225
2017-12-24 22:00:00,2017-12-24 22:00:00,472.9252
2017-12-24 23:00:00,2017-12-24 23:00:00,474.3512
2017-12-25 00:00:00,2017-12-25 00:00:00,475.5145
2017-12-25 01:00:00,2017-12-25 01:00:00,473.2952
2017-12-25 02:00:00,2017-12-25 02:00:00,473.0045
2017-12-25 03:00:00,2017-12-25 03:00:00,475.0098
2017-12-25 04:00:00,2017-12-25 04:00:00,473.4635
2017-12-25 05:00:00,2017-12-25 05:00:00,473.8565
2017-12-25 06:00:00,2017-12-25 06:00:00,485.3758
2017-12-25 07:00:00,2017-12-25 07:00:00,488.9512
2017-12-25 08:00:00,2017-12-25 08:00:00,488.7755
2017-12-25 09:00:00,2017-12-25 09:00:00,490.864
2017-12-25 10:00:00,2017-12-25 10:00:00,491.375
2017-12-25 11:00:00,2017-12-25 11:00:00,494.458
2017-12-25 12:00:00,2017-12-25 12:00:00,500.8532
2017-12-25 13:00:00,2017-12-25 13:00:00,506.5908
2017-12-25 14:00:00,2017-12-25 14:00:00,513.749
2017-12-25 15:00:00,2017-12-25 15:00:00,513.8413
2017-12-25 16:00:00,2017-12-25 16:00:00,507.663
2017-12-25 17:00:00,2017-12-25 17:00:00,503.431
2017-12-25 18:00:00,2017-12-25 18:00:00,487.414
2017-12-25 19:00:00,2017-12-25 19:00:00,481.342
2017-12-25 20:00:00,2017-12-25 20:00:00,484.0947
2017-12-25 21:00:00,2017-12-25 21:00:00,482.5102
2017-12-25 22:00:00,2017-12-25 22:00:00,478.7492
2017-12-25 23:00:00,2017-12-25 23:00:00,477.6778
2017-12-26 00:00:00,2017-12-26 00:00:00,473.5193
2017-12-26 01:00:00,2017-12-26 01:00:00,471.8938
2017-12-26 02:00:00,2017-12-26 02:00:00,471.974
2017-12-26 03:00:00,2017-12-26 03:00:00,473.2552
2017-12-26 04:00:00,2017-12-26 04:00:00,472.7505
2017-12-26 05:00:00,2017-12-26 05:00:00,473.8517
2017-12-26 06:00:00,2017-12-26 06:00:00,485.2192
2017-12-26 07:00:00,2017-12-26 07:00:00,488.4898
2017-12-26 08:00:00,2017-12-26 08:00:00,489.917
2017-12-26 09:00:00,2017-12-26 09:00:00,492.1352
2017-12-26 10:00:00,2017-12-26 10:00:00,497.7567
2017-12-26 11:00:00,2017-12-26 11:00:00,510.777
2017-12-26 12:00:00,2017-12-26 12:00:00,517.987
2017-12-26 13:00:00,2017-12-26 13:00:00,517.2763
2017-12-26 14:00:00,2017-12-26 14:00:00,514.3895
2017-12-26 15:00:00,2017-12-26 15:00:00,509.9315
2017-12-26 16:00:00,2017-12-26 16:00:00,506.4155
2017-12-26 17:00:00,2017-12-26 17:00:00,502.478
2017-12-26 18:00:00,2017-12-26 18:00:00,488.0245
2017-12-26 19:00:00,2017-12-26 19:00:00,481.5948
2017-12-26 20:00:00,2017-12-26 20:00:00,480.9625
2017-12-26 21:00:00,2017-12-26 21:00:00,479.8058
2017-12-26 22:00:00,2017-12-26 22:00:00,477.5953
2017-12-26 23:00:00,2017-12-26 23:00:00,476.703
2017-12-27 00:00:00,2017-12-27 00:00:00,476.613
2017-12-27 01:00:00,2017-12-27 01:00:00,476.2958
2017-12-27 02:00:00,2017-12-27 02:00:00,477.471
2017-12-27 03:00:00,2017-12-27 03:00:00,477.2345
2017-12-27 04:00:00,2017-12-27 04:00:00,473.947
2017-12-27 05:00:00,2017-12-27 05:00:00,475.258
2017-12-27 06:00:00,2017-12-27 06:00:00,486.1362
2017-12-27 07:00:00,2017-12-27 07:00:00,494.2595
2017-12-27 08:00:00,2017-12-27 08:00:00,494.2955
2017-12-27 09:00:00,2017-12-27 09:00:00,494.528
2017-12-27 10:00:00,2017-12-27 10:00:00,498.884
2017-12-27 11:00:00,2017-12-27 11:00:00,501.6907
2017-12-27 12:00:00,2017-12-27 12:00:00,508.3142
2017-12-27 13:00:00,2017-12-27 13:00:00,512.8942
2017-12-27 14:00:00,2017-12-27 14:00:00,521.2842
2017-12-27 15:00:00,2017-12-27 15:00:00,521.9458
2017-12-27 16:00:00,2017-12-27 16:00:00,517.7855
2017-12-27 17:00:00,2017-12-27 17:00:00,512.8435
2017-12-27 18:00:00,2017-12-27 18:00:00,491.044
2017-12-27 19:00:00,2017-12-27 19:00:00,484.4205
2017-12-27 20:00:00,2017-12-27 20:00:00,483.7148
2017-12-27 21:00:00,2017-12-27 21:00:00,481.6905
2017-12-27 22:00:00,2017-12-27 22:00:00,482.7887
2017-12-27 23:00:00,2017-12-27 23:00:00,482.039
2017-12-28 00:00:00,2017-12-28 00:00:00,481.604
2017-12-28 01:00:00,2017-12-28 01:00:00,480.5445
2017-12-28 02:00:00,2017-12-28 02:00:00,479.5018
2017-12-28 03:00:00,2017-12-28 03:00:00,479.1895
2017-12-28 04:00:00,2017-12-28 04:00:00,479.4695
2017-12-28 05:00:00,2017-12-28 05:00:00,477.1395
2017-12-28 06:00:00,2017-12-28 06:00:00,489.6335
2017-12-28 07:00:00,2017-12-28 07:00:00,493.4363
2017-12-28 08:00:00,2017-12-28 08:00:00,495.4115
2017-12-28 09:00:00,2017-12-28 09:00:00,497.548
2017-12-28 10:00:00,2017-12-28 10:00:00,503.0485
2017-12-28 11:00:00,2017-12-28 11:00:00,514.815
2017-12-28 12:00:00,2017-12-28 12:00:00,526.1878
2017-12-28 13:00:00,2017-12-28 13:00:00,525.5445
2017-12-28 14:00:00,2017-12-28 14:00:00,530.123
2017-12-28 15:00:00,2017-12-28 15:00:00,526.9458
2017-12-28 16:00:00,2017-12-28 16:00:00,520.8467
2017-12-28 17:00:00,2017-12-28 17:00:00,513.5122
2017-12-28 18:00:00,2017-12-28 18:00:00,494.3625
2017-12-28 19:00:00,2017-12-28 19:00:00,490.3158
2017-12-28 20:00:00,2017-12-28 20:00:00,486.1703
2017-12-28 21:00:00,2017-12-28 21:00:00,484.0555
2017-12-28 22:00:00,2017-12-28 22:00:00,480.304
2017-12-28 23:00:00,2017-12-28 23:00:00,478.2913
2017-12-29 00:00:00,2017-12-29 00:00:00,476.3257
2017-12-29 01:00:00,2017-12-29 01:00:00,476.2207
2017-12-29 02:00:00,2017-12-29 02:00:00,475.3725
2017-12-29 03:00:00,2017-12-29 03:00:00,474.6293
2017-12-29 04:00:00,2017-12-29 04:00:00,473.7552
2017-12-29 05:00:00,2017-12-29 05:00:00,472.2995
2017-12-29 06:00:00,2017-12-29 06:00:00,485.1722
2017-12-29 07:00:00,2017-12-29 07:00:00,488.9778
2017-12-29 08:00:00,2017-12-29 08:00:00,490.6982
2017-12-29 09:00:00,2017-12-29 09:00:00,493.493
2017-12-29 10:00:00,2017-12-29 10:00:00,498.6185
2017-12-29 11:00:00,2017-12-29 11:00:00,510.1855
2017-12-29 12:00:00,2017-12-29 12:00:00,519.7357
2017-12-29 13:00:00,2017-12-29 13:00:00,528.358
2017-12-29 14:00:00,2017-12-29 14:00:00,530.8175
2017-12-29 15:00:00,2017-12-29 15:00:00,531.3045
2017-12-29 16:00:00,2017-12-29 16:00:00,523.8287
2017-12-29 17:00:00,2017-12-29 17:00:00,512.9702
2017-12-29 18:00:00,2017-12-29 18:00:00,494.472
2017-12-29 19:00:00,2017-12-29 19:00:00,488.2748
2017-12-29 20:00:00,2017-12-29 20:00:00,484.415
2017-12-29 21:00:00,2017-12-29 21:00:00,480.3417
2017-12-29 22:00:00,2017-12-29 22:00:00,483.6657
2017-12-29 23:00:00,2017-12-29 23:00:00,481.361
2017-12-30 00:00:00,2017-12-30 00:00:00,479.1015
2017-12-30 01:00:00,2017-12-30 01:00:00,477.2872
2017-12-30 02:00:00,2017-12-30 02:00:00,479.0473
2017-12-30 03:00:00,2017-12-30 03:00:00,477.2905
2017-12-30 04:00:00,2017-12-30 04:00:00,476.7263
2017-12-30 05:00:00,2017-12-30 05:00:00,476.104
2017-12-30 06:00:00,2017-12-30 06:00:00,487.5598
2017-12-30 07:00:00,2017-12-30 07:00:00,491.069
2017-12-30 08:00:00,2017-12-30 08:00:00,491.8168
2017-12-30 09:00:00,2017-12-30 09:00:00,492.4153
2017-12-30 10:00:00,2017-12-30 10:00:00,496.739
2017-12-30 11:00:00,2017-12-30 11:00:00,504.9275
2017-12-30 12:00:00,2017-12-30 12:00:00,517.6285
2017-12-30 13:00:00,2017-12-30 13:00:00,523.3911
2017-12-30 14:00:00,2017-12-30 14:00:00,525.5348
2017-12-30 15:00:00,2017-12-30 15:00:00,524.3553
2017-12-30 16:00:00,2017-12-30 16:00:00,515.6587
2017-12-30 17:00:00,2017-12-30 17:00:00,507.2357
2017-12-30 18:00:00,2017-12-30 18:00:00,493.139
2017-12-30 19:00:00,2017-12-30 19:00:00,482.1397
2017-12-30 20:00:00,2017-12-30 20:00:00,481.5772
2017-12-30 21:00:00,2017-12-30 21:00:00,476.7013
2017-12-30 22:00:00,2017-12-30 22:00:00,475.333
2017-12-30 23:00:00,2017-12-30 23:00:00,476.2708
2017-12-31 00:00:00,2017-12-31 00:00:00,474.2992
2017-12-31 01:00:00,2017-12-31 01:00:00,471.359
2017-12-31 02:00:00,2017-12-31 02:00:00,469.556
2017-12-31 03:00:00,2017-12-31 03:00:00,469.8458
2017-12-31 04:00:00,2017-12-31 04:00:00,470.041
2017-12-31 05:00:00,2017-12-31 05:00:00,469.6532
2017-12-31 06:00:00,2017-12-31 06:00:00,479.892
2017-12-31 07:00:00,2017-12-31 07:00:00,483.419
2017-12-31 08:00:00,2017-12-31 08:00:00,484.4212
2017-12-31 09:00:00,2017-12-31 09:00:00,486.0362
2017-12-31 10:00:00,2017-12-31 10:00:00,491.6405
2017-12-31 11:00:00,2017-12-31 11:00:00,494.1718
2017-12-31 12:00:00,2017-12-31 12:00:00,501.1193
2017-12-31 13:00:00,2017-12-31 13:00:00,503.7753
2017-12-31 14:00:00,2017-12-31 14:00:00,504.5445
2017-12-31 15:00:00,2017-12-31 15:00:00,505.431
2017-12-31 16:00:00,2017-12-31 16:00:00,500.2633
2017-12-31 17:00:00,2017-12-31 17:00:00,497.656
2017-12-31 18:00:00,2017-12-31 18:00:00,484.2713
2017-12-31 19:00:00,2017-12-31 19:00:00,479.8852
2017-12-31 20:00:00,2017-12-31 20:00:00,478.1423
2017-12-31 21:00:00,2017-12-31 21:00:00,476.789
2017-12-31 22:00:00,2017-12-31 22:00:00,478.619
2017-12-31 23:00:00,2017-12-31 23:00:00,479.1955
